0.570     0.000000            1         1.00
0.649     0.100000           10         1.11
0.678     0.200000           20         1.25
0.776     0.300000           30         1.43
0.982     0.400000           40         1.67
1.050     0.500000           50         2.00
1.084     0.550000           55         2.22
1.264     0.600000           60         2.50
1.440     0.650000           65         2.86
1.484     0.700000           70         3.33
1.505     0.750000           75         4.00
1.515     0.775000           77         4.44
1.543     0.800000           80         5.00
1.550     0.825000           82         5.71
1.563     0.850000           85         6.67
1.588     0.875000           87         8.00
1.600     0.887500           88         8.89
1.611     0.900000           90        10.00
1.649     0.912500           91        11.43
1.677     0.925000           92        13.33
1.772     0.937500           93        16.00
1.871     0.943750           94        17.78
1.888     0.950000           95        20.00
1.888     0.956250           95        22.86
1.921     0.962500           96        26.67
1.921     0.968750           96        32.00
2.103     0.971875           97        35.56
2.103     0.975000           97        40.00
2.103     0.978125           97        45.71
2.191     0.981250           98        53.33
2.191     0.984375           98        64.00
2.191     0.985938           98        71.11
2.191     0.987500           98        80.00
2.191     0.989062           98        91.43
2.441     0.990625           99       106.67