0.356     0.000000            2         1.00
0.483     0.100000           99         1.11
0.571     0.200000          199         1.25
0.629     0.300000          296         1.43
0.697     0.400000          393         1.67
0.802     0.500000          491         2.00
0.873     0.550000          540         2.22
0.956     0.600000          589         2.50
1.015     0.650000          638         2.86
1.074     0.700000          688         3.33
1.166     0.750000          736         4.00
1.264     0.775000          762         4.44
1.369     0.800000          785         5.00
1.473     0.825000          810         5.71
1.567     0.850000          835         6.67
1.852     0.875000          859         8.00
2.089     0.887500          871         8.89
2.211     0.900000          883        10.00
2.453     0.912500          896        11.43
2.543     0.925000          908        13.33
2.719     0.937500          921        16.00
2.783     0.943750          926        17.78
2.843     0.950000          932        20.00
2.929     0.956250          939        22.86
2.993     0.962500          945        26.67
3.055     0.968750          951        32.00
3.067     0.971875          954        35.56
3.165     0.975000          957        40.00
3.235     0.978125          960        45.71
3.327     0.981250          963        53.33
3.497     0.984375          966        64.00
3.545     0.985938          968        71.11
3.565     0.987500          969        80.00
3.595     0.989062          971        91.43
3.731     0.990625          972       106.67
3.789     0.992188          974       128.00
3.803     0.992969          975       142.22
3.803     0.993750          975       160.00
3.851     0.994531          976       182.86
3.877     0.995313          977       213.33
3.917     0.996094          978       256.00
3.917     0.996484          978       284.44
3.917     0.996875          978       320.00
4.219     0.997266          979       365.71
4.219     0.997656          979       426.67
4.507     0.998047          980       512.00
4.507     0.998242          980       568.89
4.507     0.998437          980       640.00
4.507     0.998633          980       731.43
4.507     0.998828          980       853.33
4.859     0.999023          981      1024.00
