0.302     0.000000            1         1.00
241.023     0.100000         2306         1.11
447.743     0.200000         4615         1.25
631.295     0.300000         6925         1.43
787.455     0.400000         9227         1.67
962.047     0.500000        11527         2.00
1013.759     0.550000        12688         2.22
1075.199     0.600000        13835         2.50
1147.903     0.650000        14990         2.86
1211.391     0.700000        16141         3.33
1278.975     0.750000        17311         4.00
1308.671     0.775000        17879         4.44
1347.583     0.800000        18452         5.00
1380.351     0.825000        19021         5.71
1416.191     0.850000        19603         6.67
1455.103     0.875000        20180         8.00
1473.535     0.887500        20470         8.89
1491.967     0.900000        20754        10.00
1510.399     0.912500        21038        11.43
1526.783     0.925000        21332        13.33
1546.239     0.937500        21617        16.00
1558.527     0.943750        21761        17.78
1572.863     0.950000        21903        20.00
1589.247     0.956250        22049        22.86
1599.487     0.962500        22201        26.67
1613.823     0.968750        22333        32.00
1624.063     0.971875        22405        35.56
1634.303     0.975000        22479        40.00
1654.783     0.978125        22551        45.71
1688.575     0.981250        22625        53.33
1719.295     0.984375        22695        64.00
1734.655     0.985938        22730        71.11
1750.015     0.987500        22766        80.00
1764.351     0.989062        22802        91.43
1776.639     0.990625        22839       106.67
1791.999     0.992188        22876       128.00
1797.119     0.992969        22892       142.22
1803.263     0.993750        22909       160.00
1812.479     0.994531        22930       182.86
1816.575     0.995313        22945       213.33
1824.767     0.996094        22964       256.00
1827.839     0.996484        22974       284.44
1829.887     0.996875        22981       320.00
1835.007     0.997266        22993       365.71
1837.055     0.997656        23001       426.67
1843.199     0.998047        23009       512.00
1844.223     0.998242        23016       568.89
1845.247     0.998437        23030       640.00
1845.247     0.998633        23030       731.43
1845.247     0.998828        23030       853.33
1846.271     0.999023        23037      1024.00
1846.271     0.999121        23037      1137.78
1846.271     0.999219        23037      1280.00
1847.295     0.999316        23041      1462.86
1847.295     0.999414        23041      1706.67
1852.415     0.999512        23042      2048.00
1853.439     0.999561        23043      2275.56
1854.463     0.999609        23045      2560.00
1855.487     0.999658        23046      2925.71
1856.511     0.999707        23048      3413.33
1856.511     0.999756        23048      4096.00
1856.511     0.999780        23048      4551.11
1857.535     0.999805        23051      5120.00
1857.535     0.999829        23051      5851.43
1857.535     0.999854        23051      6826.67
1857.535     0.999878        23051      8192.00
1857.535     0.999890        23051      9102.22
1857.535     0.999902        23051     10240.00
1858.559     0.999915        23053     11702.86