0.368     0.000000            1         1.00
0.741     0.100000           97         1.11
1.018     0.200000          194         1.25
1.371     0.300000          291         1.43
1.627     0.400000          387         1.67
1.922     0.500000          485         2.00
2.207     0.550000          532         2.22
2.535     0.600000          581         2.50
2.719     0.650000          629         2.86
2.863     0.700000          677         3.33
2.959     0.750000          726         4.00
2.999     0.775000          750         4.44
3.037     0.800000          775         5.00
3.063     0.825000          798         5.71
3.119     0.850000          822         6.67
3.173     0.875000          849         8.00
3.201     0.887500          860         8.89
3.245     0.900000          873        10.00
3.305     0.912500          883        11.43
3.369     0.925000          895        13.33
3.445     0.937500          907        16.00
3.559     0.943750          913        17.78
3.613     0.950000          921        20.00
3.681     0.956250          925        22.86
3.753     0.962500          931        26.67
3.967     0.968750          937        32.00
4.081     0.971875          940        35.56
4.163     0.975000          943        40.00
4.223     0.978125          946        45.71
4.331     0.981250          949        53.33
4.411     0.984375          952        64.00
4.479     0.985938          954        71.11
4.551     0.987500          955        80.00
4.719     0.989062          957        91.43
4.787     0.990625          958       106.67
4.899     0.992188          960       128.00
5.099     0.992969          961       142.22
5.099     0.993750          961       160.00
5.583     0.994531          962       182.86
5.619     0.995313          963       213.33
5.863     0.996094          964       256.00
5.863     0.996484          964       284.44
5.863     0.996875          964       320.00
5.899     0.997266          965       365.71
5.899     0.997656          965       426.67
5.987     0.998047          966       512.00
5.987     0.998242          966       568.89
5.987     0.998437          966       640.00
5.987     0.998633          966       731.43
5.987     0.998828          966       853.33