0.570     0.000000            1         1.00
1.023     0.100000           10         1.11
1.345     0.200000           20         1.25
1.449     0.300000           30         1.43
1.542     0.400000           40         1.67
1.678     0.500000           50         2.00
1.763     0.550000           55         2.22
1.877     0.600000           60         2.50
1.977     0.650000           65         2.86
2.281     0.700000           70         3.33
2.841     0.750000           75         4.00
2.863     0.775000           78         4.44
2.909     0.800000           80         5.00
2.979     0.825000           83         5.71
2.995     0.850000           85         6.67
3.033     0.875000           88         8.00
3.067     0.887500           89         8.89
3.085     0.900000           90        10.00
3.135     0.912500           92        11.43
3.141     0.925000           93        13.33
3.161     0.937500           94        16.00
3.201     0.943750           95        17.78
3.201     0.950000           95        20.00
3.411     0.956250           96        22.86
3.505     0.962500           97        26.67
3.505     0.968750           97        32.00
3.567     0.971875           98        35.56
3.567     0.975000           98        40.00
3.567     0.978125           98        45.71
3.677     0.981250           99        53.33
3.677     0.984375           99        64.00
3.677     0.985938           99        71.11
3.677     0.987500           99        80.00
3.677     0.989062           99        91.43
4.139     0.990625          100       106.67