0.552     0.000000            1         1.00
0.697     0.100000           11         1.11
0.763     0.200000           21         1.25
0.934     0.300000           31         1.43
1.581     0.400000           42         1.67
1.853     0.500000           52         2.00
2.065     0.550000           57         2.22
2.201     0.600000           63         2.50
2.577     0.650000           67         2.86
2.845     0.700000           73         3.33
2.899     0.750000           78         4.00
2.917     0.775000           80         4.44
2.945     0.800000           83         5.00
2.969     0.825000           85         5.71
3.005     0.850000           88         6.67
3.045     0.875000           91         8.00
3.081     0.887500           92         8.89
3.083     0.900000           93        10.00
3.097     0.912500           94        11.43
3.109     0.925000           96        13.33
3.145     0.937500           97        16.00
3.155     0.943750           98        17.78
3.155     0.950000           98        20.00
3.175     0.956250           99        22.86
3.187     0.962500          100        26.67
3.187     0.968750          100        32.00
3.205     0.971875          101        35.56
3.205     0.975000          101        40.00
3.205     0.978125          101        45.71
3.291     0.981250          102        53.33
3.291     0.984375          102        64.00
3.291     0.985938          102        71.11
3.291     0.987500          102        80.00
3.291     0.989062          102        91.43
3.417     0.990625          103       106.67
3.417     1.000000          103          inf
