22.255     0.000000            1         1.00
438.271     0.100000         6740         1.11
513.023     0.200000        13466         1.25
605.183     0.300000        20187         1.43
902.143     0.400000        26904         1.67
1149.951     0.500000        33641         2.00
1236.991     0.550000        36995         2.22
1332.223     0.600000        40365         2.50
1495.039     0.650000        43728         2.86
1702.911     0.700000        47091         3.33
1966.079     0.750000        50449         4.00
2138.111     0.775000        52136         4.44
2291.711     0.800000        53812         5.00
2416.639     0.825000        55515         5.71
2555.903     0.850000        57179         6.67
2815.999     0.875000        58857         8.00
2936.831     0.887500        59695         8.89
2996.223     0.900000        60537        10.00
3051.519     0.912500        61379        11.43
3123.199     0.925000        62222        13.33
3256.319     0.937500        63065        16.00
3334.143     0.943750        63476        17.78
3418.111     0.950000        63914        20.00
3471.359     0.956250        64319        22.86
3526.655     0.962500        64740        26.67
3592.191     0.968750        65160        32.00
3629.055     0.971875        65378        35.56
3670.015     0.975000        65576        40.00
3725.311     0.978125        65786        45.71
3790.847     0.981250        65997        53.33
3893.247     0.984375        66210        64.00
3969.023     0.985938        66312        71.11
4020.223     0.987500        66420        80.00
4048.895     0.989062        66524        91.43
4065.279     0.990625        66635       106.67
4083.711     0.992188        66740       128.00
4095.999     0.992969        66786       142.22
4110.335     0.993750        66838       160.00
4128.767     0.994531        66891       182.86
4151.295     0.995313        66944       213.33
4173.823     0.996094        66998       256.00
4186.111     0.996484        67025       284.44
4198.399     0.996875        67052       320.00
4210.687     0.997266        67085       365.71
4218.879     0.997656        67105       426.67
4239.359     0.998047        67131       512.00
4243.455     0.998242        67140       568.89
4255.743     0.998437        67155       640.00
4263.935     0.998633        67166       731.43
4276.223     0.998828        67179       853.33
4288.511     0.999023        67195      1024.00
4292.607     0.999121        67199      1137.78
4300.799     0.999219        67207      1280.00
4308.991     0.999316        67215      1462.86
4313.087     0.999414        67221      1706.67
4317.183     0.999512        67226      2048.00
4321.279     0.999561        67228      2275.56
4325.375     0.999609        67234      2560.00
4329.471     0.999658        67238      2925.71
4329.471     0.999707        67238      3413.33
4337.663     0.999756        67242      4096.00
4341.759     0.999780        67245      4551.11
4341.759     0.999805        67245      5120.00
4345.855     0.999829        67247      5851.43
4358.143     0.999854        67248      6826.67
4362.239     0.999878        67250      8192.00
4362.239     0.999890        67250      9102.22
4378.623     0.999902        67252     10240.00
4378.623     0.999915        67252     11702.86
4395.007     0.999927        67253     13653.33
4395.007     0.999939        67253     16384.00
4399.103     0.999945        67254     18204.44
4399.103     0.999951        67254     20480.00
4411.391     0.999957        67255     23405.71
4411.391     0.999963        67255     27306.67
4411.391     0.999969        67255     32768.00
4435.967     0.999973        67256     36408.89
4435.967     0.999976        67256     40960.00
4435.967     0.999979        67256     46811.43
4435.967     0.999982        67256     54613.33
4435.967     0.999985        67256     65536.00
4456.447     0.999986        67257     72817.78