Running 10s test @ http://localhost:8080/wrk2-api/review/compose
  1 threads and 100 connections
  Thread Stats   Avg      Stdev     99%   +/- Stdev
    Latency     5.96ms    3.16ms  17.06ms   90.64%
    Req/Sec       -nan      -nan   0.00      0.00%
  Latency Distribution (HdrHistogram - Recorded Latency)
 50.000%    4.99ms
 75.000%    6.61ms
 90.000%    8.89ms
 99.000%   17.06ms
 99.900%   39.10ms
 99.990%   45.73ms
 99.999%   45.73ms
100.000%   45.73ms

  Detailed Percentile spectrum:
       Value   Percentile   TotalCount 1/(1-Percentile)

       3.097     0.000000            1         1.00
       3.831     0.100000          199         1.11
       4.103     0.200000          400         1.25
       4.415     0.300000          597         1.43
       4.691     0.400000          798         1.67
       4.987     0.500000          994         2.00
       5.163     0.550000         1095         2.22
       5.395     0.600000         1194         2.50
       5.691     0.650000         1294         2.86
       6.099     0.700000         1391         3.33
       6.615     0.750000         1491         4.00
       6.871     0.775000         1540         4.44
       7.171     0.800000         1590         5.00
       7.455     0.825000         1640         5.71
       7.915     0.850000         1689         6.67
       8.311     0.875000         1739         8.00
       8.639     0.887500         1764         8.89
       8.943     0.900000         1789        10.00
       9.319     0.912500         1814        11.43
       9.927     0.925000         1839        13.33
      10.567     0.937500         1863        16.00
      10.839     0.943750         1876        17.78
      11.151     0.950000         1888        20.00
      11.551     0.956250         1901        22.86
      12.031     0.962500         1913        26.67
      12.503     0.968750         1925        32.00
      13.159     0.971875         1932        35.56
      13.655     0.975000         1938        40.00
      14.111     0.978125         1944        45.71
      14.687     0.981250         1950        53.33
      15.463     0.984375         1956        64.00
      16.295     0.985938         1961        71.11
      16.543     0.987500         1963        80.00
      16.943     0.989062         1966        91.43
      18.063     0.990625         1969       106.67
      20.351     0.992188         1972       128.00
      21.855     0.992969         1974       142.22
      21.887     0.993750         1975       160.00
      22.879     0.994531         1977       182.86
      23.215     0.995313         1978       213.33
      24.079     0.996094         1980       256.00
      26.815     0.996484         1981       284.44
      26.815     0.996875         1981       320.00
      26.911     0.997266         1982       365.71
      27.631     0.997656         1983       426.67
      36.575     0.998047         1984       512.00
      36.575     0.998242         1984       568.89
      36.575     0.998437         1984       640.00
      39.103     0.998633         1985       731.43
      39.103     0.998828         1985       853.33
      45.535     0.999023         1986      1024.00
      45.535     0.999121         1986      1137.78
      45.535     0.999219         1986      1280.00
      45.535     0.999316         1986      1462.86
      45.535     0.999414         1986      1706.67
      45.727     0.999512         1987      2048.00
      45.727     1.000000         1987          inf
#[Mean    =        5.959, StdDeviation   =        3.161]
#[Max     =       45.696, Total count    =         1987]
#[Buckets =           27, SubBuckets     =         2048]
----------------------------------------------------------
  1988 requests in 10.01s, 702.79KB read
  Socket errors: connect 0, read 0, write 0, timeout 5
  Non-2xx or 3xx responses: 1988
Requests/sec:    198.66
Transfer/sec:     70.23KB
Running 10s test @ http://localhost:8080/wrk2-api/review/compose
  1 threads and 100 connections
  Thread Stats   Avg      Stdev     99%   +/- Stdev
    Latency     5.96ms    2.58ms  15.26ms   85.96%
    Req/Sec       -nan      -nan   0.00      0.00%
  Latency Distribution (HdrHistogram - Recorded Latency)
 50.000%    5.14ms
 75.000%    6.91ms
 90.000%    9.02ms
 99.000%   15.26ms
 99.900%   26.27ms
 99.990%   29.52ms
 99.999%   29.52ms
100.000%   29.52ms

  Detailed Percentile spectrum:
       Value   Percentile   TotalCount 1/(1-Percentile)

       2.893     0.000000            1         1.00
       3.775     0.100000          298         1.11
       4.087     0.200000          596         1.25
       4.399     0.300000          895         1.43
       4.759     0.400000         1195         1.67
       5.135     0.500000         1489         2.00
       5.379     0.550000         1638         2.22
       5.731     0.600000         1787         2.50
       6.083     0.650000         1937         2.86
       6.511     0.700000         2087         3.33
       6.915     0.750000         2234         4.00
       7.175     0.775000         2310         4.44
       7.447     0.800000         2383         5.00
       7.755     0.825000         2457         5.71
       8.091     0.850000         2532         6.67
       8.559     0.875000         2608         8.00
       8.767     0.887500         2643         8.89
       9.031     0.900000         2681        10.00
       9.319     0.912500         2718        11.43
       9.631     0.925000         2755        13.33
       9.967     0.937500         2792        16.00
      10.271     0.943750         2812        17.78
      10.559     0.950000         2832        20.00
      10.743     0.956250         2848        22.86
      11.199     0.962500         2867        26.67
      11.623     0.968750         2885        32.00
      11.983     0.971875         2895        35.56
      12.487     0.975000         2904        40.00
      12.903     0.978125         2913        45.71
      13.439     0.981250         2923        53.33
      13.751     0.984375         2932        64.00
      14.015     0.985938         2937        71.11
      14.471     0.987500         2941        80.00
      14.727     0.989062         2946        91.43
      15.455     0.990625         2951       106.67
      16.087     0.992188         2955       128.00
      17.231     0.992969         2958       142.22
      17.727     0.993750         2960       160.00
      17.999     0.994531         2962       182.86
      18.655     0.995313         2965       213.33
      20.031     0.996094         2967       256.00
      21.231     0.996484         2968       284.44
      22.479     0.996875         2969       320.00
      22.959     0.997266         2970       365.71
      23.343     0.997656         2972       426.67
      24.287     0.998047         2973       512.00
      24.287     0.998242         2973       568.89
      24.671     0.998437         2974       640.00
      24.671     0.998633         2974       731.43
      26.271     0.998828         2975       853.33
      27.631     0.999023         2976      1024.00
      27.631     0.999121         2976      1137.78
      27.631     0.999219         2976      1280.00
      27.631     0.999316         2976      1462.86
      28.671     0.999414         2977      1706.67
      28.671     0.999512         2977      2048.00
      28.671     0.999561         2977      2275.56
      28.671     0.999609         2977      2560.00
      28.671     0.999658         2977      2925.71
      29.519     0.999707         2978      3413.33
      29.519     1.000000         2978          inf
#[Mean    =        5.956, StdDeviation   =        2.583]
#[Max     =       29.504, Total count    =         2978]
#[Buckets =           27, SubBuckets     =         2048]
----------------------------------------------------------
  2979 requests in 10.00s, 1.03MB read
  Socket errors: connect 0, read 0, write 0, timeout 1
  Non-2xx or 3xx responses: 2979
Requests/sec:    297.92
Transfer/sec:    105.32KB
Running 10s test @ http://localhost:8080/wrk2-api/review/compose
  1 threads and 100 connections
  Thread Stats   Avg      Stdev     99%   +/- Stdev
    Latency     6.82ms    3.26ms  19.31ms   85.13%
    Req/Sec       -nan      -nan   0.00      0.00%
  Latency Distribution (HdrHistogram - Recorded Latency)
 50.000%    5.86ms
 75.000%    7.96ms
 90.000%   10.88ms
 99.000%   19.31ms
 99.900%   26.29ms
 99.990%   29.45ms
 99.999%   29.45ms
100.000%   29.45ms

  Detailed Percentile spectrum:
       Value   Percentile   TotalCount 1/(1-Percentile)

       3.095     0.000000            1         1.00
       3.965     0.100000          398         1.11
       4.411     0.200000          795         1.25
       4.779     0.300000         1194         1.43
       5.235     0.400000         1588         1.67
       5.855     0.500000         1985         2.00
       6.187     0.550000         2183         2.22
       6.547     0.600000         2384         2.50
       6.983     0.650000         2580         2.86
       7.455     0.700000         2779         3.33
       7.959     0.750000         2978         4.00
       8.287     0.775000         3078         4.44
       8.655     0.800000         3176         5.00
       9.023     0.825000         3275         5.71
       9.463     0.850000         3374         6.67
      10.095     0.875000         3474         8.00
      10.479     0.887500         3523         8.89
      10.895     0.900000         3573        10.00
      11.391     0.912500         3624        11.43
      11.815     0.925000         3672        13.33
      12.567     0.937500         3721        16.00
      12.791     0.943750         3746        17.78
      13.047     0.950000         3771        20.00
      13.639     0.956250         3796        22.86
      14.407     0.962500         3821        26.67
      15.159     0.968750         3845        32.00
      15.487     0.971875         3858        35.56
      15.847     0.975000         3870        40.00
      16.671     0.978125         3883        45.71
      17.151     0.981250         3896        53.33
      17.727     0.984375         3907        64.00
      18.143     0.985938         3914        71.11
      18.575     0.987500         3921        80.00
      19.007     0.989062         3926        91.43
      19.535     0.990625         3932       106.67
      19.887     0.992188         3938       128.00
      20.463     0.992969         3942       142.22
      21.023     0.993750         3945       160.00
      21.215     0.994531         3948       182.86
      21.535     0.995313         3951       213.33
      21.935     0.996094         3954       256.00
      22.063     0.996484         3956       284.44
      22.191     0.996875         3957       320.00
      23.935     0.997266         3959       365.71
      24.063     0.997656         3960       426.67
      24.239     0.998047         3962       512.00
      25.503     0.998242         3963       568.89
      25.503     0.998437         3963       640.00
      25.951     0.998633         3964       731.43
      26.287     0.998828         3965       853.33
      26.607     0.999023         3966      1024.00
      26.607     0.999121         3966      1137.78
      26.607     0.999219         3966      1280.00
      28.079     0.999316         3967      1462.86
      28.079     0.999414         3967      1706.67
      28.207     0.999512         3968      2048.00
      28.207     0.999561         3968      2275.56
      28.207     0.999609         3968      2560.00
      28.207     0.999658         3968      2925.71
      28.207     0.999707         3968      3413.33
      29.455     0.999756         3969      4096.00
      29.455     1.000000         3969          inf
#[Mean    =        6.817, StdDeviation   =        3.258]
#[Max     =       29.440, Total count    =         3969]
#[Buckets =           27, SubBuckets     =         2048]
----------------------------------------------------------
  3970 requests in 10.00s, 1.37MB read
  Non-2xx or 3xx responses: 3970
Requests/sec:    397.02
Transfer/sec:    140.35KB
Running 10s test @ http://localhost:8080/wrk2-api/review/compose
  1 threads and 100 connections
  Thread Stats   Avg      Stdev     99%   +/- Stdev
    Latency     7.79ms    3.79ms  21.73ms   81.93%
    Req/Sec       -nan      -nan   0.00      0.00%
  Latency Distribution (HdrHistogram - Recorded Latency)
 50.000%    6.78ms
 75.000%    9.29ms
 90.000%   12.38ms
 99.000%   21.73ms
 99.900%   32.06ms
 99.990%   36.00ms
 99.999%   36.00ms
100.000%   36.00ms

  Detailed Percentile spectrum:
       Value   Percentile   TotalCount 1/(1-Percentile)

       3.073     0.000000            1         1.00
       4.287     0.100000          497         1.11
       4.815     0.200000          991         1.25
       5.419     0.300000         1488         1.43
       6.103     0.400000         1981         1.67
       6.783     0.500000         2475         2.00
       7.151     0.550000         2725         2.22
       7.619     0.600000         2970         2.50
       8.127     0.650000         3216         2.86
       8.703     0.700000         3463         3.33
       9.287     0.750000         3712         4.00
       9.671     0.775000         3835         4.44
      10.055     0.800000         3958         5.00
      10.615     0.825000         4083         5.71
      11.143     0.850000         4207         6.67
      11.695     0.875000         4330         8.00
      12.023     0.887500         4391         8.89
      12.399     0.900000         4453        10.00
      12.807     0.912500         4516        11.43
      13.351     0.925000         4576        13.33
      14.023     0.937500         4638        16.00
      14.527     0.943750         4670        17.78
      15.031     0.950000         4700        20.00
      15.743     0.956250         4731        22.86
      16.527     0.962500         4763        26.67
      17.327     0.968750         4793        32.00
      17.759     0.971875         4808        35.56
      18.319     0.975000         4824        40.00
      18.639     0.978125         4839        45.71
      19.391     0.981250         4855        53.33
      19.983     0.984375         4870        64.00
      20.127     0.985938         4878        71.11
      20.671     0.987500         4886        80.00
      21.183     0.989062         4893        91.43
      21.999     0.990625         4901       106.67
      22.543     0.992188         4909       128.00
      22.783     0.992969         4913       142.22
      23.567     0.993750         4917       160.00
      24.319     0.994531         4920       182.86
      24.799     0.995313         4924       213.33
      25.311     0.996094         4928       256.00
      25.583     0.996484         4930       284.44
      25.951     0.996875         4932       320.00
      26.303     0.997266         4934       365.71
      26.783     0.997656         4936       426.67
      28.815     0.998047         4938       512.00
      29.103     0.998242         4939       568.89
      29.967     0.998437         4940       640.00
      31.903     0.998633         4941       731.43
      32.063     0.998828         4942       853.33
      32.255     0.999023         4943      1024.00
      32.255     0.999121         4943      1137.78
      33.279     0.999219         4944      1280.00
      33.279     0.999316         4944      1462.86
      34.783     0.999414         4945      1706.67
      34.783     0.999512         4945      2048.00
      34.783     0.999561         4945      2275.56
      35.199     0.999609         4946      2560.00
      35.199     0.999658         4946      2925.71
      35.199     0.999707         4946      3413.33
      35.199     0.999756         4946      4096.00
      35.199     0.999780         4946      4551.11
      35.999     0.999805         4947      5120.00
      35.999     1.000000         4947          inf
#[Mean    =        7.790, StdDeviation   =        3.795]
#[Max     =       35.968, Total count    =         4947]
#[Buckets =           27, SubBuckets     =         2048]
----------------------------------------------------------
  4948 requests in 10.00s, 1.71MB read
  Non-2xx or 3xx responses: 4948
Requests/sec:    494.85
Transfer/sec:    174.94KB
Running 10s test @ http://localhost:8080/wrk2-api/review/compose
  1 threads and 100 connections
  Thread Stats   Avg      Stdev     99%   +/- Stdev
    Latency     8.93ms    4.42ms  23.85ms   78.08%
    Req/Sec       -nan      -nan   0.00      0.00%
  Latency Distribution (HdrHistogram - Recorded Latency)
 50.000%    7.89ms
 75.000%   10.83ms
 90.000%   14.53ms
 99.000%   23.85ms
 99.900%   36.35ms
 99.990%   41.12ms
 99.999%   43.49ms
100.000%   43.49ms

  Detailed Percentile spectrum:
       Value   Percentile   TotalCount 1/(1-Percentile)

       3.021     0.000000            1         1.00
       4.635     0.100000          595         1.11
       5.331     0.200000         1189         1.25
       6.171     0.300000         1784         1.43
       6.999     0.400000         2381         1.67
       7.895     0.500000         2975         2.00
       8.327     0.550000         3272         2.22
       8.847     0.600000         3569         2.50
       9.399     0.650000         3869         2.86
      10.103     0.700000         4162         3.33
      10.831     0.750000         4459         4.00
      11.271     0.775000         4609         4.44
      11.727     0.800000         4758         5.00
      12.335     0.825000         4907         5.71
      13.015     0.850000         5055         6.67
      13.783     0.875000         5203         8.00
      14.087     0.887500         5277         8.89
      14.527     0.900000         5352        10.00
      15.055     0.912500         5426        11.43
      15.647     0.925000         5500        13.33
      16.479     0.937500         5574        16.00
      16.815     0.943750         5611        17.78
      17.359     0.950000         5648        20.00
      17.983     0.956250         5685        22.86
      18.639     0.962500         5725        26.67
      19.391     0.968750         5762        32.00
      19.679     0.971875         5778        35.56
      20.351     0.975000         5797        40.00
      20.927     0.978125         5815        45.71
      21.455     0.981250         5834        53.33
      21.935     0.984375         5853        64.00
      22.175     0.985938         5862        71.11
      22.607     0.987500         5871        80.00
      23.535     0.989062         5880        91.43
      24.207     0.990625         5891       106.67
      24.831     0.992188         5899       128.00
      25.343     0.992969         5904       142.22
      26.799     0.993750         5908       160.00
      27.423     0.994531         5913       182.86
      28.191     0.995313         5918       213.33
      29.039     0.996094         5922       256.00
      30.671     0.996484         5925       284.44
      32.159     0.996875         5927       320.00
      32.655     0.997266         5929       365.71
      32.831     0.997656         5932       426.67
      33.951     0.998047         5934       512.00
      34.527     0.998242         5935       568.89
      34.687     0.998437         5936       640.00
      35.711     0.998633         5937       731.43
      36.351     0.998828         5939       853.33
      36.671     0.999023         5940      1024.00
      36.671     0.999121         5940      1137.78
      37.311     0.999219         5941      1280.00
      37.311     0.999316         5941      1462.86
      37.471     0.999414         5942      1706.67
      40.479     0.999512         5943      2048.00
      40.479     0.999561         5943      2275.56
      40.479     0.999609         5943      2560.00
      40.479     0.999658         5943      2925.71
      41.119     0.999707         5944      3413.33
      41.119     0.999756         5944      4096.00
      41.119     0.999780         5944      4551.11
      41.119     0.999805         5944      5120.00
      41.119     0.999829         5944      5851.43
      43.487     0.999854         5945      6826.67
      43.487     1.000000         5945          inf
#[Mean    =        8.933, StdDeviation   =        4.421]
#[Max     =       43.456, Total count    =         5945]
#[Buckets =           27, SubBuckets     =         2048]
----------------------------------------------------------
  5946 requests in 10.00s, 2.05MB read
  Non-2xx or 3xx responses: 5946
Requests/sec:    594.48
Transfer/sec:    210.16KB
Running 10s test @ http://localhost:8080/wrk2-api/review/compose
  1 threads and 100 connections
  Thread Stats   Avg      Stdev     99%   +/- Stdev
    Latency    10.67ms    5.60ms  30.78ms   79.20%
    Req/Sec       -nan      -nan   0.00      0.00%
  Latency Distribution (HdrHistogram - Recorded Latency)
 50.000%    9.26ms
 75.000%   12.81ms
 90.000%   17.60ms
 99.000%   30.78ms
 99.900%   44.96ms
 99.990%   52.83ms
 99.999%   55.04ms
100.000%   55.04ms

  Detailed Percentile spectrum:
       Value   Percentile   TotalCount 1/(1-Percentile)

       3.333     0.000000            1         1.00
       5.267     0.100000          693         1.11
       6.375     0.200000         1389         1.25
       7.331     0.300000         2076         1.43
       8.255     0.400000         2767         1.67
       9.255     0.500000         3459         2.00
       9.847     0.550000         3802         2.22
      10.495     0.600000         4152         2.50
      11.183     0.650000         4493         2.86
      11.959     0.700000         4839         3.33
      12.815     0.750000         5184         4.00
      13.399     0.775000         5358         4.44
      13.983     0.800000         5530         5.00
      14.671     0.825000         5704         5.71
      15.399     0.850000         5876         6.67
      16.263     0.875000         6048         8.00
      16.847     0.887500         6135         8.89
      17.599     0.900000         6222        10.00
      18.511     0.912500         6310        11.43
      19.343     0.925000         6396        13.33
      20.271     0.937500         6481        16.00
      20.783     0.943750         6524        17.78
      21.487     0.950000         6568        20.00
      22.159     0.956250         6611        22.86
      23.055     0.962500         6653        26.67
      23.887     0.968750         6696        32.00
      24.287     0.971875         6718        35.56
      25.343     0.975000         6740        40.00
      26.111     0.978125         6762        45.71
      26.831     0.981250         6783        53.33
      28.143     0.984375         6804        64.00
      28.815     0.985938         6815        71.11
      29.631     0.987500         6826        80.00
      30.559     0.989062         6837        91.43
      31.359     0.990625         6848       106.67
      31.951     0.992188         6858       128.00
      32.383     0.992969         6864       142.22
      33.695     0.993750         6869       160.00
      34.271     0.994531         6875       182.86
      35.935     0.995313         6880       213.33
      37.695     0.996094         6885       256.00
      38.975     0.996484         6888       284.44
      40.063     0.996875         6891       320.00
      41.599     0.997266         6894       365.71
      42.399     0.997656         6896       426.67
      42.911     0.998047         6899       512.00
      43.423     0.998242         6900       568.89
      43.743     0.998437         6902       640.00
      44.415     0.998633         6903       731.43
      44.671     0.998828         6904       853.33
      45.087     0.999023         6906      1024.00
      45.087     0.999121         6906      1137.78
      45.311     0.999219         6907      1280.00
      49.759     0.999316         6908      1462.86
      49.759     0.999414         6908      1706.67
      51.167     0.999512         6909      2048.00
      51.167     0.999561         6909      2275.56
      52.127     0.999609         6910      2560.00
      52.127     0.999658         6910      2925.71
      52.127     0.999707         6910      3413.33
      52.831     0.999756         6911      4096.00
      52.831     0.999780         6911      4551.11
      52.831     0.999805         6911      5120.00
      52.831     0.999829         6911      5851.43
      52.831     0.999854         6911      6826.67
      55.039     0.999878         6912      8192.00
      55.039     1.000000         6912          inf
#[Mean    =       10.668, StdDeviation   =        5.597]
#[Max     =       55.008, Total count    =         6912]
#[Buckets =           27, SubBuckets     =         2048]
----------------------------------------------------------
  6913 requests in 10.00s, 2.39MB read
  Non-2xx or 3xx responses: 6913
Requests/sec:    691.05
Transfer/sec:    244.30KB
Running 10s test @ http://localhost:8080/wrk2-api/review/compose
  1 threads and 100 connections
  Thread Stats   Avg      Stdev     99%   +/- Stdev
    Latency    14.75ms    8.71ms  44.48ms   79.73%
    Req/Sec       -nan      -nan   0.00      0.00%
  Latency Distribution (HdrHistogram - Recorded Latency)
 50.000%   12.51ms
 75.000%   18.29ms
 90.000%   25.57ms
 99.000%   44.48ms
 99.900%   76.22ms
 99.990%   98.43ms
 99.999%  103.61ms
100.000%  103.61ms

  Detailed Percentile spectrum:
       Value   Percentile   TotalCount 1/(1-Percentile)

       3.527     0.000000            1         1.00
       6.543     0.100000          792         1.11
       8.079     0.200000         1584         1.25
       9.567     0.300000         2379         1.43
      10.999     0.400000         3171         1.67
      12.511     0.500000         3959         2.00
      13.383     0.550000         4358         2.22
      14.367     0.600000         4753         2.50
      15.495     0.650000         5147         2.86
      16.799     0.700000         5544         3.33
      18.287     0.750000         5941         4.00
      19.055     0.775000         6138         4.44
      19.999     0.800000         6338         5.00
      21.023     0.825000         6534         5.71
      22.191     0.850000         6731         6.67
      23.759     0.875000         6929         8.00
      24.655     0.887500         7029         8.89
      25.599     0.900000         7127        10.00
      26.799     0.912500         7226        11.43
      28.127     0.925000         7326        13.33
      29.279     0.937500         7424        16.00
      30.159     0.943750         7473        17.78
      31.103     0.950000         7523        20.00
      32.015     0.956250         7572        22.86
      33.183     0.962500         7622        26.67
      34.879     0.968750         7671        32.00
      35.711     0.971875         7697        35.56
      36.319     0.975000         7721        40.00
      37.791     0.978125         7746        45.71
      38.879     0.981250         7770        53.33
      40.415     0.984375         7795        64.00
      41.535     0.985938         7807        71.11
      42.719     0.987500         7820        80.00
      43.839     0.989062         7832        91.43
      45.023     0.990625         7844       106.67
      46.431     0.992188         7857       128.00
      48.799     0.992969         7863       142.22
      50.367     0.993750         7869       160.00
      52.639     0.994531         7875       182.86
      54.687     0.995313         7881       213.33
      56.095     0.996094         7888       256.00
      57.759     0.996484         7891       284.44
      59.007     0.996875         7894       320.00
      61.183     0.997266         7897       365.71
      61.695     0.997656         7900       426.67
      67.775     0.998047         7903       512.00
      69.119     0.998242         7905       568.89
      71.743     0.998437         7906       640.00
      74.495     0.998633         7908       731.43
      75.199     0.998828         7909       853.33
      76.671     0.999023         7911      1024.00
      78.015     0.999121         7912      1137.78
      78.015     0.999219         7912      1280.00
      78.335     0.999316         7913      1462.86
      79.103     0.999414         7914      1706.67
      88.959     0.999512         7915      2048.00
      88.959     0.999561         7915      2275.56
      88.959     0.999609         7915      2560.00
      90.175     0.999658         7916      2925.71
      90.175     0.999707         7916      3413.33
      98.431     0.999756         7917      4096.00
      98.431     0.999780         7917      4551.11
      98.431     0.999805         7917      5120.00
      98.431     0.999829         7917      5851.43
      98.431     0.999854         7917      6826.67
     103.615     0.999878         7918      8192.00
     103.615     1.000000         7918          inf
#[Mean    =       14.750, StdDeviation   =        8.706]
#[Max     =      103.552, Total count    =         7918]
#[Buckets =           27, SubBuckets     =         2048]
----------------------------------------------------------
  7919 requests in 10.01s, 2.73MB read
  Non-2xx or 3xx responses: 7919
Requests/sec:    791.45
Transfer/sec:    279.79KB
Running 10s test @ http://localhost:8080/wrk2-api/review/compose
  1 threads and 100 connections
  Thread Stats   Avg      Stdev     99%   +/- Stdev
    Latency    28.39ms   24.20ms 118.53ms   89.44%
    Req/Sec       -nan      -nan   0.00      0.00%
  Latency Distribution (HdrHistogram - Recorded Latency)
 50.000%   21.52ms
 75.000%   34.21ms
 90.000%   53.92ms
 99.000%  118.53ms
 99.900%  225.66ms
 99.990%  337.66ms
 99.999%  342.53ms
100.000%  342.53ms

  Detailed Percentile spectrum:
       Value   Percentile   TotalCount 1/(1-Percentile)

       3.609     0.000000            1         1.00
       9.823     0.100000          891         1.11
      12.559     0.200000         1779         1.25
      15.207     0.300000         2669         1.43
      18.271     0.400000         3559         1.67
      21.519     0.500000         4449         2.00
      23.455     0.550000         4892         2.22
      25.551     0.600000         5338         2.50
      27.855     0.650000         5780         2.86
      30.815     0.700000         6226         3.33
      34.207     0.750000         6674         4.00
      36.447     0.775000         6892         4.44
      38.559     0.800000         7115         5.00
      41.119     0.825000         7337         5.71
      44.415     0.850000         7561         6.67
      48.223     0.875000         7782         8.00
      50.815     0.887500         7892         8.89
      53.919     0.900000         8003        10.00
      57.055     0.912500         8114        11.43
      60.831     0.925000         8227        13.33
      65.119     0.937500         8337        16.00
      68.671     0.943750         8393        17.78
      71.679     0.950000         8449        20.00
      75.967     0.956250         8503        22.86
      81.855     0.962500         8560        26.67
      86.655     0.968750         8615        32.00
      89.151     0.971875         8642        35.56
      93.183     0.975000         8670        40.00
      96.575     0.978125         8698        45.71
     100.991     0.981250         8726        53.33
     107.007     0.984375         8754        64.00
     109.951     0.985938         8767        71.11
     113.151     0.987500         8781        80.00
     115.711     0.989062         8795        91.43
     121.983     0.990625         8809       106.67
     127.615     0.992188         8823       128.00
     137.599     0.992969         8830       142.22
     147.199     0.993750         8837       160.00
     153.215     0.994531         8844       182.86
     158.719     0.995313         8851       213.33
     169.727     0.996094         8858       256.00
     175.615     0.996484         8861       284.44
     177.407     0.996875         8865       320.00
     186.111     0.997266         8868       365.71
     194.047     0.997656         8872       426.67
     202.367     0.998047         8875       512.00
     206.847     0.998242         8877       568.89
     212.991     0.998437         8879       640.00
     214.015     0.998633         8880       731.43
     222.335     0.998828         8882       853.33
     227.583     0.999023         8884      1024.00
     246.655     0.999121         8885      1137.78
     248.191     0.999219         8886      1280.00
     248.191     0.999316         8886      1462.86
     253.951     0.999414         8887      1706.67
     278.015     0.999512         8888      2048.00
     279.295     0.999561         8889      2275.56
     279.295     0.999609         8889      2560.00
     279.295     0.999658         8889      2925.71
     282.879     0.999707         8890      3413.33
     282.879     0.999756         8890      4096.00
     337.663     0.999780         8891      4551.11
     337.663     0.999805         8891      5120.00
     337.663     0.999829         8891      5851.43
     337.663     0.999854         8891      6826.67
     337.663     0.999878         8891      8192.00
     342.527     0.999890         8892      9102.22
     342.527     1.000000         8892          inf
#[Mean    =       28.387, StdDeviation   =       24.203]
#[Max     =      342.272, Total count    =         8892]
#[Buckets =           27, SubBuckets     =         2048]
----------------------------------------------------------
  8893 requests in 10.00s, 3.07MB read
  Non-2xx or 3xx responses: 8893
Requests/sec:    889.38
Transfer/sec:    314.41KB
Running 10s test @ http://localhost:8080/wrk2-api/review/compose
  1 threads and 100 connections
  Thread Stats   Avg      Stdev     99%   +/- Stdev
    Latency   160.91ms  129.04ms 613.38ms   79.58%
    Req/Sec       -nan      -nan   0.00      0.00%
  Latency Distribution (HdrHistogram - Recorded Latency)
 50.000%  119.36ms
 75.000%  209.92ms
 90.000%  340.48ms
 99.000%  613.38ms
 99.900%  805.38ms
 99.990%    1.01s 
 99.999%    1.02s 
100.000%    1.02s 

  Detailed Percentile spectrum:
       Value   Percentile   TotalCount 1/(1-Percentile)

       3.703     0.000000            1         1.00
      40.415     0.100000          969         1.11
      63.039     0.200000         1933         1.25
      83.007     0.300000         2899         1.43
     100.799     0.400000         3869         1.67
     119.359     0.500000         4831         2.00
     131.583     0.550000         5315         2.22
     147.327     0.600000         5801         2.50
     164.479     0.650000         6281         2.86
     185.727     0.700000         6766         3.33
     209.919     0.750000         7247         4.00
     223.743     0.775000         7490         4.44
     239.487     0.800000         7730         5.00
     259.711     0.825000         7975         5.71
     281.855     0.850000         8214         6.67
     310.783     0.875000         8456         8.00
     325.119     0.887500         8577         8.89
     340.479     0.900000         8696        10.00
     358.399     0.912500         8817        11.43
     381.183     0.925000         8938        13.33
     400.127     0.937500         9059        16.00
     414.975     0.943750         9119        17.78
     430.591     0.950000         9179        20.00
     447.487     0.956250         9240        22.86
     466.687     0.962500         9300        26.67
     488.191     0.968750         9361        32.00
     497.919     0.971875         9392        35.56
     510.207     0.975000         9421        40.00
     525.823     0.978125         9452        45.71
     545.791     0.981250         9482        53.33
     563.199     0.984375         9513        64.00
     575.487     0.985938         9528        71.11
     588.287     0.987500         9542        80.00
     604.671     0.989062         9557        91.43
     620.031     0.990625         9572       106.67
     641.023     0.992188         9587       128.00
     646.143     0.992969         9595       142.22
     666.111     0.993750         9602       160.00
     677.375     0.994531         9610       182.86
     692.735     0.995313         9618       213.33
     703.999     0.996094         9625       256.00
     716.799     0.996484         9629       284.44
     723.967     0.996875         9632       320.00
     729.599     0.997266         9636       365.71
     744.447     0.997656         9640       426.67
     756.223     0.998047         9644       512.00
     760.319     0.998242         9646       568.89
     761.855     0.998437         9647       640.00
     766.463     0.998633         9649       731.43
     790.527     0.998828         9651       853.33
     810.495     0.999023         9653      1024.00
     811.519     0.999121         9654      1137.78
     823.807     0.999219         9655      1280.00
     833.023     0.999316         9656      1462.86
     845.823     0.999414         9657      1706.67
     890.367     0.999512         9658      2048.00
     890.367     0.999561         9658      2275.56
     905.215     0.999609         9659      2560.00
     905.215     0.999658         9659      2925.71
     909.311     0.999707         9660      3413.33
     909.311     0.999756         9660      4096.00
     909.311     0.999780         9660      4551.11
    1014.271     0.999805         9661      5120.00
    1014.271     0.999829         9661      5851.43
    1014.271     0.999854         9661      6826.67
    1014.271     0.999878         9661      8192.00
    1014.271     0.999890         9661      9102.22
    1020.927     0.999902         9662     10240.00
    1020.927     1.000000         9662          inf
#[Mean    =      160.907, StdDeviation   =      129.043]
#[Max     =     1020.416, Total count    =         9662]
#[Buckets =           27, SubBuckets     =         2048]
----------------------------------------------------------
  9664 requests in 10.00s, 3.34MB read
  Non-2xx or 3xx responses: 9664
Requests/sec:    966.35
Transfer/sec:    341.62KB
Running 10s test @ http://localhost:8080/wrk2-api/review/compose
  1 threads and 100 connections
  Thread Stats   Avg      Stdev     99%   +/- Stdev
    Latency   617.17ms  551.25ms   2.24s    77.23%
    Req/Sec       -nan      -nan   0.00      0.00%
  Latency Distribution (HdrHistogram - Recorded Latency)
 50.000%  438.53ms
 75.000%  915.97ms
 90.000%    1.44s 
 99.000%    2.24s 
 99.900%    2.76s 
 99.990%    3.18s 
 99.999%    3.22s 
100.000%    3.22s 

  Detailed Percentile spectrum:
       Value   Percentile   TotalCount 1/(1-Percentile)

       4.083     0.000000            1         1.00
      86.015     0.100000          959         1.11
     143.871     0.200000         1921         1.25
     223.743     0.300000         2876         1.43
     317.183     0.400000         3833         1.67
     438.527     0.500000         4791         2.00
     512.767     0.550000         5270         2.22
     590.335     0.600000         5750         2.50
     685.055     0.650000         6229         2.86
     786.431     0.700000         6711         3.33
     915.967     0.750000         7186         4.00
     976.383     0.775000         7426         4.44
    1041.407     0.800000         7668         5.00
    1115.135     0.825000         7907         5.71
    1203.199     0.850000         8147         6.67
    1309.695     0.875000         8386         8.00
    1374.207     0.887500         8505         8.89
    1444.863     0.900000         8624        10.00
    1511.423     0.912500         8743        11.43
    1609.727     0.925000         8863        13.33
    1704.959     0.937500         8983        16.00
    1757.183     0.943750         9044        17.78
    1798.143     0.950000         9102        20.00
    1844.223     0.956250         9162        22.86
    1888.255     0.962500         9222        26.67
    1946.623     0.968750         9282        32.00
    1984.511     0.971875         9314        35.56
    2025.471     0.975000         9342        40.00
    2063.359     0.978125         9374        45.71
    2107.391     0.981250         9403        53.33
    2152.447     0.984375         9433        64.00
    2166.783     0.985938         9447        71.11
    2197.503     0.987500         9462        80.00
    2224.127     0.989062         9478        91.43
    2281.471     0.990625         9492       106.67
    2314.239     0.992188         9507       128.00
    2351.103     0.992969         9514       142.22
    2404.351     0.993750         9522       160.00
    2430.975     0.994531         9530       182.86
    2447.359     0.995313         9537       213.33
    2486.271     0.996094         9544       256.00
    2514.943     0.996484         9548       284.44
    2553.855     0.996875         9552       320.00
    2580.479     0.997266         9555       365.71
    2603.007     0.997656         9559       426.67
    2637.823     0.998047         9563       512.00
    2643.967     0.998242         9565       568.89
    2686.975     0.998437         9567       640.00
    2732.031     0.998633         9568       731.43
    2740.223     0.998828         9570       853.33
    2760.703     0.999023         9572      1024.00
    2846.719     0.999121         9573      1137.78
    2897.919     0.999219         9574      1280.00
    2928.639     0.999316         9575      1462.86
    3031.039     0.999414         9576      1706.67
    3037.183     0.999512         9577      2048.00
    3037.183     0.999561         9577      2275.56
    3123.199     0.999609         9578      2560.00
    3123.199     0.999658         9578      2925.71
    3143.679     0.999707         9579      3413.33
    3143.679     0.999756         9579      4096.00
    3143.679     0.999780         9579      4551.11
    3180.543     0.999805         9580      5120.00
    3180.543     0.999829         9580      5851.43
    3180.543     0.999854         9580      6826.67
    3180.543     0.999878         9580      8192.00
    3180.543     0.999890         9580      9102.22
    3221.503     0.999902         9581     10240.00
    3221.503     1.000000         9581          inf
#[Mean    =      617.170, StdDeviation   =      551.248]
#[Max     =     3219.456, Total count    =         9581]
#[Buckets =           27, SubBuckets     =         2048]
----------------------------------------------------------
  9582 requests in 10.00s, 3.31MB read
  Non-2xx or 3xx responses: 9582
Requests/sec:    958.23
Transfer/sec:    338.75KB
Running 10s test @ http://localhost:8080/wrk2-api/review/compose
  1 threads and 100 connections
  Thread Stats   Avg      Stdev     99%   +/- Stdev
    Latency   906.29ms  736.46ms   3.02s    67.08%
    Req/Sec       -nan      -nan   0.00      0.00%
  Latency Distribution (HdrHistogram - Recorded Latency)
 50.000%  729.60ms
 75.000%    1.35s 
 90.000%    1.96s 
 99.000%    3.02s 
 99.900%    3.64s 
 99.990%    3.94s 
 99.999%    4.05s 
100.000%    4.05s 

  Detailed Percentile spectrum:
       Value   Percentile   TotalCount 1/(1-Percentile)

       3.673     0.000000            1         1.00
     116.223     0.100000          960         1.11
     221.695     0.200000         1920         1.25
     370.687     0.300000         2883         1.43
     543.743     0.400000         3841         1.67
     729.599     0.500000         4802         2.00
     835.583     0.550000         5281         2.22
     947.199     0.600000         5760         2.50
    1069.055     0.650000         6243         2.86
    1208.319     0.700000         6721         3.33
    1347.583     0.750000         7200         4.00
    1431.551     0.775000         7443         4.44
    1515.519     0.800000         7681         5.00
    1625.087     0.825000         7920         5.71
    1730.559     0.850000         8161         6.67
    1849.343     0.875000         8402         8.00
    1903.615     0.887500         8521         8.89
    1961.983     0.900000         8640        10.00
    2030.591     0.912500         8760        11.43
    2123.775     0.925000         8882        13.33
    2217.983     0.937500         9000        16.00
    2269.183     0.943750         9061        17.78
    2342.911     0.950000         9123        20.00
    2406.399     0.956250         9180        22.86
    2500.607     0.962500         9240        26.67
    2588.671     0.968750         9300        32.00
    2641.919     0.971875         9332        35.56
    2697.215     0.975000         9360        40.00
    2752.511     0.978125         9391        45.71
    2801.663     0.981250         9422        53.33
    2859.007     0.984375         9452        64.00
    2885.631     0.985938         9465        71.11
    2930.687     0.987500         9481        80.00
    2992.127     0.989062         9495        91.43
    3067.903     0.990625         9510       106.67
    3133.439     0.992188         9525       128.00
    3188.735     0.992969         9533       142.22
    3217.407     0.993750         9540       160.00
    3272.703     0.994531         9548       182.86
    3330.047     0.995313         9555       213.33
    3364.863     0.996094         9563       256.00
    3422.207     0.996484         9567       284.44
    3436.543     0.996875         9571       320.00
    3448.831     0.997266         9574       365.71
    3497.983     0.997656         9578       426.67
    3545.087     0.998047         9582       512.00
    3549.183     0.998242         9584       568.89
    3559.423     0.998437         9585       640.00
    3629.055     0.998633         9587       731.43
    3635.199     0.998828         9590       853.33
    3653.631     0.999023         9591      1024.00
    3659.775     0.999121         9592      1137.78
    3674.111     0.999219         9593      1280.00
    3710.975     0.999316         9594      1462.86
    3731.455     0.999414         9595      1706.67
    3756.031     0.999512         9596      2048.00
    3756.031     0.999561         9596      2275.56
    3786.751     0.999609         9597      2560.00
    3786.751     0.999658         9597      2925.71
    3846.143     0.999707         9598      3413.33
    3846.143     0.999756         9598      4096.00
    3846.143     0.999780         9598      4551.11
    3936.255     0.999805         9599      5120.00
    3936.255     0.999829         9599      5851.43
    3936.255     0.999854         9599      6826.67
    3936.255     0.999878         9599      8192.00
    3936.255     0.999890         9599      9102.22
    4048.895     0.999902         9600     10240.00
    4048.895     1.000000         9600          inf
#[Mean    =      906.286, StdDeviation   =      736.456]
#[Max     =     4046.848, Total count    =         9600]
#[Buckets =           27, SubBuckets     =         2048]
----------------------------------------------------------
  9601 requests in 10.00s, 3.31MB read
  Non-2xx or 3xx responses: 9601
Requests/sec:    959.67
Transfer/sec:    339.26KB
Running 10s test @ http://localhost:8080/wrk2-api/review/compose
  1 threads and 100 connections
  Thread Stats   Avg      Stdev     99%   +/- Stdev
    Latency     1.19s   929.41ms   3.86s    67.73%
    Req/Sec       -nan      -nan   0.00      0.00%
  Latency Distribution (HdrHistogram - Recorded Latency)
 50.000%  980.99ms
 75.000%    1.74s 
 90.000%    2.54s 
 99.000%    3.86s 
 99.900%    4.78s 
 99.990%    5.35s 
 99.999%    5.53s 
100.000%    5.53s 

  Detailed Percentile spectrum:
       Value   Percentile   TotalCount 1/(1-Percentile)

       4.551     0.000000            1         1.00
     172.671     0.100000          962         1.11
     350.207     0.200000         1924         1.25
     552.959     0.300000         2886         1.43
     756.223     0.400000         3848         1.67
     980.991     0.500000         4806         2.00
    1092.607     0.550000         5287         2.22
    1208.319     0.600000         5770         2.50
    1351.679     0.650000         6249         2.86
    1539.071     0.700000         6733         3.33
    1743.871     0.750000         7211         4.00
    1857.535     0.775000         7450         4.44
    1981.439     0.800000         7692         5.00
    2099.199     0.825000         7931         5.71
    2222.079     0.850000         8175         6.67
    2375.679     0.875000         8413         8.00
    2457.599     0.887500         8532         8.89
    2535.423     0.900000         8651        10.00
    2635.775     0.912500         8772        11.43
    2754.559     0.925000         8892        13.33
    2891.775     0.937500         9012        16.00
    2963.455     0.943750         9072        17.78
    3018.751     0.950000         9133        20.00
    3115.007     0.956250         9193        22.86
    3213.311     0.962500         9252        26.67
    3307.519     0.968750         9313        32.00
    3371.007     0.971875         9342        35.56
    3428.351     0.975000         9373        40.00
    3485.695     0.978125         9402        45.71
    3545.087     0.981250         9432        53.33
    3645.439     0.984375         9462        64.00
    3680.255     0.985938         9477        71.11
    3749.887     0.987500         9493        80.00
    3815.423     0.989062         9507        91.43
    3905.535     0.990625         9522       106.67
    3985.407     0.992188         9537       128.00
    4009.983     0.992969         9545       142.22
    4077.567     0.993750         9552       160.00
    4182.015     0.994531         9561       182.86
    4227.071     0.995313         9567       213.33
    4284.415     0.996094         9575       256.00
    4370.431     0.996484         9579       284.44
    4419.583     0.996875         9583       320.00
    4435.967     0.997266         9587       365.71
    4505.599     0.997656         9590       426.67
    4595.711     0.998047         9594       512.00
    4603.903     0.998242         9596       568.89
    4644.863     0.998437         9597       640.00
    4677.631     0.998633         9599       731.43
    4730.879     0.998828         9601       853.33
    4829.183     0.999023         9603      1024.00
    4849.663     0.999121         9604      1137.78
    4878.335     0.999219         9605      1280.00
    4902.911     0.999316         9606      1462.86
    4927.487     0.999414         9607      1706.67
    4939.775     0.999512         9608      2048.00
    4939.775     0.999561         9608      2275.56
    5054.463     0.999609         9609      2560.00
    5054.463     0.999658         9609      2925.71
    5210.111     0.999707         9610      3413.33
    5210.111     0.999756         9610      4096.00
    5210.111     0.999780         9610      4551.11
    5345.279     0.999805         9611      5120.00
    5345.279     0.999829         9611      5851.43
    5345.279     0.999854         9611      6826.67
    5345.279     0.999878         9611      8192.00
    5345.279     0.999890         9611      9102.22
    5525.503     0.999902         9612     10240.00
    5525.503     1.000000         9612          inf
#[Mean    =     1192.221, StdDeviation   =      929.407]
#[Max     =     5521.408, Total count    =         9612]
#[Buckets =           27, SubBuckets     =         2048]
----------------------------------------------------------
  9613 requests in 10.00s, 3.32MB read
  Non-2xx or 3xx responses: 9613
Requests/sec:    961.05
Transfer/sec:    339.75KB
Running 10s test @ http://localhost:8080/wrk2-api/review/compose
  1 threads and 100 connections
  Thread Stats   Avg      Stdev     99%   +/- Stdev
    Latency     1.41s     1.04s    4.05s    62.70%
    Req/Sec       -nan      -nan   0.00      0.00%
  Latency Distribution (HdrHistogram - Recorded Latency)
 50.000%    1.24s 
 75.000%    2.15s 
 90.000%    2.88s 
 99.000%    4.05s 
 99.900%    4.80s 
 99.990%    5.58s 
 99.999%    5.62s 
100.000%    5.62s 

  Detailed Percentile spectrum:
       Value   Percentile   TotalCount 1/(1-Percentile)

       3.861     0.000000            1         1.00
     178.943     0.100000          970         1.11
     395.007     0.200000         1937         1.25
     659.455     0.300000         2904         1.43
     934.911     0.400000         3871         1.67
    1239.039     0.500000         4840         2.00
    1401.855     0.550000         5325         2.22
    1572.863     0.600000         5807         2.50
    1747.967     0.650000         6292         2.86
    1956.863     0.700000         6774         3.33
    2152.447     0.750000         7261         4.00
    2256.895     0.775000         7500         4.44
    2367.487     0.800000         7744         5.00
    2471.935     0.825000         7987         5.71
    2598.911     0.850000         8226         6.67
    2742.271     0.875000         8471         8.00
    2811.903     0.887500         8591         8.89
    2879.487     0.900000         8712        10.00
    2977.791     0.912500         8834        11.43
    3078.143     0.925000         8952        13.33
    3184.639     0.937500         9073        16.00
    3258.367     0.943750         9134        17.78
    3327.999     0.950000         9194        20.00
    3393.535     0.956250         9255        22.86
    3467.263     0.962500         9318        26.67
    3534.847     0.968750         9376        32.00
    3581.951     0.971875         9406        35.56
    3639.295     0.975000         9437        40.00
    3696.639     0.978125         9466        45.71
    3778.559     0.981250         9496        53.33
    3885.055     0.984375         9527        64.00
    3942.399     0.985938         9542        71.11
    3999.743     0.987500         9557        80.00
    4030.463     0.989062         9572        91.43
    4095.999     0.990625         9587       106.67
    4194.303     0.992188         9602       128.00
    4235.263     0.992969         9609       142.22
    4276.223     0.993750         9617       160.00
    4329.471     0.994531         9625       182.86
    4362.239     0.995313         9632       213.33
    4419.583     0.996094         9640       256.00
    4464.639     0.996484         9643       284.44
    4501.503     0.996875         9647       320.00
    4538.367     0.997266         9651       365.71
    4612.095     0.997656         9655       426.67
    4648.959     0.998047         9659       512.00
    4661.247     0.998242         9660       568.89
    4706.303     0.998437         9662       640.00
    4763.647     0.998633         9664       731.43
    4796.415     0.998828         9666       853.33
    4898.815     0.999023         9668      1024.00
    4915.199     0.999121         9669      1137.78
    4993.023     0.999219         9670      1280.00
    5054.463     0.999316         9671      1462.86
    5144.575     0.999414         9672      1706.67
    5226.495     0.999512         9673      2048.00
    5226.495     0.999561         9673      2275.56
    5365.759     0.999609         9674      2560.00
    5365.759     0.999658         9674      2925.71
    5451.775     0.999707         9675      3413.33
    5451.775     0.999756         9675      4096.00
    5451.775     0.999780         9675      4551.11
    5582.847     0.999805         9676      5120.00
    5582.847     0.999829         9676      5851.43
    5582.847     0.999854         9676      6826.67
    5582.847     0.999878         9676      8192.00
    5582.847     0.999890         9676      9102.22
    5615.615     0.999902         9677     10240.00
    5615.615     1.000000         9677          inf
#[Mean    =     1413.780, StdDeviation   =     1036.634]
#[Max     =     5611.520, Total count    =         9677]
#[Buckets =           27, SubBuckets     =         2048]
----------------------------------------------------------
  9681 requests in 10.00s, 3.34MB read
  Non-2xx or 3xx responses: 9681
Requests/sec:    968.01
Transfer/sec:    342.21KB
Running 10s test @ http://localhost:8080/wrk2-api/review/compose
  1 threads and 100 connections
  Thread Stats   Avg      Stdev     99%   +/- Stdev
    Latency     1.74s     1.25s    4.80s    61.91%
    Req/Sec       -nan      -nan   0.00      0.00%
  Latency Distribution (HdrHistogram - Recorded Latency)
 50.000%    1.53s 
 75.000%    2.64s 
 90.000%    3.49s 
 99.000%    4.80s 
 99.900%    5.75s 
 99.990%    5.94s 
 99.999%    5.94s 
100.000%    5.94s 

  Detailed Percentile spectrum:
       Value   Percentile   TotalCount 1/(1-Percentile)

       4.611     0.000000            1         1.00
     225.535     0.100000          942         1.11
     496.383     0.200000         1884         1.25
     804.863     0.300000         2827         1.43
    1190.911     0.400000         3767         1.67
    1532.927     0.500000         4709         2.00
    1771.519     0.550000         5180         2.22
    1983.487     0.600000         5653         2.50
    2201.599     0.650000         6124         2.86
    2396.159     0.700000         6593         3.33
    2637.823     0.750000         7065         4.00
    2772.991     0.775000         7301         4.44
    2908.159     0.800000         7534         5.00
    3035.135     0.825000         7773         5.71
    3174.399     0.850000         8007         6.67
    3334.143     0.875000         8241         8.00
    3409.919     0.887500         8362         8.89
    3495.935     0.900000         8478        10.00
    3586.047     0.912500         8595        11.43
    3700.735     0.925000         8714        13.33
    3829.759     0.937500         8829        16.00
    3905.535     0.943750         8889        17.78
    3995.647     0.950000         8948        20.00
    4083.711     0.956250         9007        22.86
    4194.303     0.962500         9066        26.67
    4292.607     0.968750         9125        32.00
    4374.527     0.971875         9155        35.56
    4444.159     0.975000         9182        40.00
    4497.407     0.978125         9217        45.71
    4534.271     0.981250         9241        53.33
    4583.423     0.984375         9271        64.00
    4648.959     0.985938         9286        71.11
    4685.823     0.987500         9300        80.00
    4767.743     0.989062         9316        91.43
    4816.895     0.990625         9330       106.67
    4911.103     0.992188         9344       128.00
    4956.159     0.992969         9351       142.22
    5038.079     0.993750         9359       160.00
    5095.423     0.994531         9367       182.86
    5165.055     0.995313         9373       213.33
    5234.687     0.996094         9382       256.00
    5263.359     0.996484         9384       284.44
    5353.471     0.996875         9388       320.00
    5365.759     0.997266         9392       365.71
    5398.527     0.997656         9395       426.67
    5459.967     0.998047         9400       512.00
    5505.023     0.998242         9401       568.89
    5566.463     0.998437         9403       640.00
    5636.095     0.998633         9405       731.43
    5668.863     0.998828         9406       853.33
    5746.687     0.999023         9408      1024.00
    5758.975     0.999121         9409      1137.78
    5779.455     0.999219         9410      1280.00
    5824.511     0.999316         9411      1462.86
    5844.991     0.999414         9412      1706.67
    5853.183     0.999512         9413      2048.00
    5853.183     0.999561         9413      2275.56
    5865.471     0.999609         9414      2560.00
    5865.471     0.999658         9414      2925.71
    5894.143     0.999707         9415      3413.33
    5894.143     0.999756         9415      4096.00
    5894.143     0.999780         9415      4551.11
    5939.199     0.999805         9416      5120.00
    5939.199     0.999829         9416      5851.43
    5939.199     0.999854         9416      6826.67
    5939.199     0.999878         9416      8192.00
    5939.199     0.999890         9416      9102.22
    5943.295     0.999902         9417     10240.00
    5943.295     1.000000         9417          inf
#[Mean    =     1737.797, StdDeviation   =     1246.666]
#[Max     =     5939.200, Total count    =         9417]
#[Buckets =           27, SubBuckets     =         2048]
----------------------------------------------------------
  9418 requests in 10.00s, 3.25MB read
  Non-2xx or 3xx responses: 9418
Requests/sec:    941.90
Transfer/sec:    332.98KB
