Running 10s test @ http://localhost:8080/wrk2-api/review/compose
  1 threads and 100 connections
  Thread Stats   Avg      Stdev     99%   +/- Stdev
    Latency     5.06ms    1.72ms  12.10ms   85.51%
    Req/Sec       -nan      -nan   0.00      0.00%
  Latency Distribution (HdrHistogram - Recorded Latency)
 50.000%    4.50ms
 75.000%    5.64ms
 90.000%    7.10ms
 99.000%   12.10ms
 99.900%   15.48ms
 99.990%   15.83ms
 99.999%   15.83ms
100.000%   15.83ms

  Detailed Percentile spectrum:
       Value   Percentile   TotalCount 1/(1-Percentile)

       2.887     0.000000            1         1.00
       3.641     0.100000          200         1.11
       3.847     0.200000          399         1.25
       4.029     0.300000          598         1.43
       4.255     0.400000          796         1.67
       4.503     0.500000          997         2.00
       4.635     0.550000         1093         2.22
       4.815     0.600000         1194         2.50
       5.003     0.650000         1292         2.86
       5.271     0.700000         1391         3.33
       5.647     0.750000         1492         4.00
       5.831     0.775000         1541         4.44
       6.031     0.800000         1590         5.00
       6.299     0.825000         1640         5.71
       6.559     0.850000         1689         6.67
       6.795     0.875000         1740         8.00
       6.955     0.887500         1764         8.89
       7.099     0.900000         1789        10.00
       7.351     0.912500         1814        11.43
       7.587     0.925000         1839        13.33
       7.883     0.937500         1863        16.00
       8.223     0.943750         1876        17.78
       8.511     0.950000         1888        20.00
       8.695     0.956250         1902        22.86
       9.103     0.962500         1914        26.67
       9.479     0.968750         1925        32.00
       9.631     0.971875         1932        35.56
       9.935     0.975000         1938        40.00
      10.303     0.978125         1944        45.71
      10.679     0.981250         1950        53.33
      10.959     0.984375         1956        64.00
      11.599     0.985938         1960        71.11
      11.663     0.987500         1963        80.00
      12.007     0.989062         1966        91.43
      12.247     0.990625         1970       106.67
      12.399     0.992188         1974       128.00
      12.399     0.992969         1974       142.22
      12.455     0.993750         1975       160.00
      12.823     0.994531         1977       182.86
      12.863     0.995313         1978       213.33
      13.167     0.996094         1980       256.00
      13.479     0.996484         1981       284.44
      13.479     0.996875         1981       320.00
      13.743     0.997266         1982       365.71
      14.647     0.997656         1983       426.67
      14.727     0.998047         1984       512.00
      14.727     0.998242         1984       568.89
      14.727     0.998437         1984       640.00
      15.479     0.998633         1985       731.43
      15.479     0.998828         1985       853.33
      15.503     0.999023         1986      1024.00
      15.503     0.999121         1986      1137.78
      15.503     0.999219         1986      1280.00
      15.503     0.999316         1986      1462.86
      15.503     0.999414         1986      1706.67
      15.831     0.999512         1987      2048.00
      15.831     1.000000         1987          inf
#[Mean    =        5.058, StdDeviation   =        1.716]
#[Max     =       15.824, Total count    =         1987]
#[Buckets =           27, SubBuckets     =         2048]
----------------------------------------------------------
  1988 requests in 10.01s, 702.79KB read
  Socket errors: connect 0, read 0, write 0, timeout 5
  Non-2xx or 3xx responses: 1988
Requests/sec:    198.67
Transfer/sec:     70.23KB
Running 10s test @ http://localhost:8080/wrk2-api/review/compose
  1 threads and 100 connections
  Thread Stats   Avg      Stdev     99%   +/- Stdev
    Latency     5.43ms    2.01ms  12.87ms   84.36%
    Req/Sec       -nan      -nan   0.00      0.00%
  Latency Distribution (HdrHistogram - Recorded Latency)
 50.000%    4.80ms
 75.000%    6.18ms
 90.000%    7.89ms
 99.000%   12.87ms
 99.900%   17.22ms
 99.990%   18.56ms
 99.999%   18.56ms
100.000%   18.56ms

  Detailed Percentile spectrum:
       Value   Percentile   TotalCount 1/(1-Percentile)

       2.919     0.000000            1         1.00
       3.685     0.100000          299         1.11
       3.927     0.200000          597         1.25
       4.163     0.300000          895         1.43
       4.451     0.400000         1193         1.67
       4.795     0.500000         1493         2.00
       5.023     0.550000         1641         2.22
       5.259     0.600000         1789         2.50
       5.523     0.650000         1939         2.86
       5.827     0.700000         2086         3.33
       6.187     0.750000         2238         4.00
       6.395     0.775000         2309         4.44
       6.635     0.800000         2385         5.00
       6.847     0.825000         2459         5.71
       7.139     0.850000         2535         6.67
       7.487     0.875000         2607         8.00
       7.667     0.887500         2644         8.89
       7.899     0.900000         2682        10.00
       8.175     0.912500         2719        11.43
       8.543     0.925000         2756        13.33
       9.047     0.937500         2793        16.00
       9.303     0.943750         2813        17.78
       9.519     0.950000         2831        20.00
       9.927     0.956250         2849        22.86
      10.151     0.962500         2868        26.67
      10.463     0.968750         2886        32.00
      10.559     0.971875         2896        35.56
      10.823     0.975000         2905        40.00
      11.023     0.978125         2914        45.71
      11.399     0.981250         2924        53.33
      11.695     0.984375         2933        64.00
      12.095     0.985938         2938        71.11
      12.599     0.987500         2942        80.00
      12.799     0.989062         2947        91.43
      13.287     0.990625         2952       106.67
      13.439     0.992188         2956       128.00
      13.591     0.992969         2959       142.22
      13.983     0.993750         2961       160.00
      14.463     0.994531         2963       182.86
      14.759     0.995313         2966       213.33
      14.919     0.996094         2968       256.00
      14.975     0.996484         2969       284.44
      15.255     0.996875         2970       320.00
      15.567     0.997266         2971       365.71
      16.143     0.997656         2973       426.67
      17.071     0.998047         2974       512.00
      17.071     0.998242         2974       568.89
      17.183     0.998437         2975       640.00
      17.183     0.998633         2975       731.43
      17.215     0.998828         2976       853.33
      17.295     0.999023         2977      1024.00
      17.295     0.999121         2977      1137.78
      17.295     0.999219         2977      1280.00
      17.295     0.999316         2977      1462.86
      17.407     0.999414         2978      1706.67
      17.407     0.999512         2978      2048.00
      17.407     0.999561         2978      2275.56
      17.407     0.999609         2978      2560.00
      17.407     0.999658         2978      2925.71
      18.559     0.999707         2979      3413.33
      18.559     1.000000         2979          inf
#[Mean    =        5.428, StdDeviation   =        2.006]
#[Max     =       18.544, Total count    =         2979]
#[Buckets =           27, SubBuckets     =         2048]
----------------------------------------------------------
  2980 requests in 10.00s, 1.03MB read
  Socket errors: connect 0, read 0, write 0, timeout 1
  Non-2xx or 3xx responses: 2980
Requests/sec:    298.01
Transfer/sec:    105.35KB
Running 10s test @ http://localhost:8080/wrk2-api/review/compose
  1 threads and 100 connections
  Thread Stats   Avg      Stdev     99%   +/- Stdev
    Latency     6.33ms    3.03ms  18.25ms   86.80%
    Req/Sec       -nan      -nan   0.00      0.00%
  Latency Distribution (HdrHistogram - Recorded Latency)
 50.000%    5.42ms
 75.000%    7.36ms
 90.000%    9.94ms
 99.000%   18.25ms
 99.900%   25.77ms
 99.990%   39.81ms
 99.999%   39.81ms
100.000%   39.81ms

  Detailed Percentile spectrum:
       Value   Percentile   TotalCount 1/(1-Percentile)

       2.855     0.000000            1         1.00
       3.741     0.100000          398         1.11
       4.103     0.200000          795         1.25
       4.495     0.300000         1194         1.43
       4.923     0.400000         1588         1.67
       5.419     0.500000         1987         2.00
       5.727     0.550000         2185         2.22
       6.055     0.600000         2385         2.50
       6.415     0.650000         2583         2.86
       6.835     0.700000         2782         3.33
       7.359     0.750000         2979         4.00
       7.683     0.775000         3076         4.44
       8.027     0.800000         3176         5.00
       8.399     0.825000         3277         5.71
       8.791     0.850000         3374         6.67
       9.303     0.875000         3474         8.00
       9.615     0.887500         3524         8.89
       9.943     0.900000         3573        10.00
      10.303     0.912500         3622        11.43
      10.863     0.925000         3673        13.33
      11.471     0.937500         3722        16.00
      11.823     0.943750         3746        17.78
      12.223     0.950000         3771        20.00
      12.599     0.956250         3796        22.86
      13.175     0.962500         3821        26.67
      13.815     0.968750         3845        32.00
      14.215     0.971875         3858        35.56
      14.487     0.975000         3870        40.00
      14.879     0.978125         3883        45.71
      15.431     0.981250         3895        53.33
      16.279     0.984375         3908        64.00
      16.687     0.985938         3914        71.11
      17.567     0.987500         3921        80.00
      18.095     0.989062         3926        91.43
      18.479     0.990625         3932       106.67
      19.055     0.992188         3939       128.00
      19.407     0.992969         3942       142.22
      19.519     0.993750         3945       160.00
      19.775     0.994531         3948       182.86
      20.095     0.995313         3951       213.33
      20.431     0.996094         3954       256.00
      20.687     0.996484         3956       284.44
      20.895     0.996875         3957       320.00
      21.103     0.997266         3959       365.71
      21.183     0.997656         3960       426.67
      22.559     0.998047         3962       512.00
      24.927     0.998242         3963       568.89
      24.927     0.998437         3963       640.00
      25.615     0.998633         3964       731.43
      25.775     0.998828         3965       853.33
      26.015     0.999023         3966      1024.00
      26.015     0.999121         3966      1137.78
      26.015     0.999219         3966      1280.00
      29.007     0.999316         3967      1462.86
      29.007     0.999414         3967      1706.67
      34.303     0.999512         3968      2048.00
      34.303     0.999561         3968      2275.56
      34.303     0.999609         3968      2560.00
      34.303     0.999658         3968      2925.71
      34.303     0.999707         3968      3413.33
      39.807     0.999756         3969      4096.00
      39.807     1.000000         3969          inf
#[Mean    =        6.329, StdDeviation   =        3.034]
#[Max     =       39.776, Total count    =         3969]
#[Buckets =           27, SubBuckets     =         2048]
----------------------------------------------------------
  3970 requests in 10.00s, 1.37MB read
  Non-2xx or 3xx responses: 3970
Requests/sec:    396.91
Transfer/sec:    140.31KB
Running 10s test @ http://localhost:8080/wrk2-api/review/compose
  1 threads and 100 connections
  Thread Stats   Avg      Stdev     99%   +/- Stdev
    Latency     6.98ms    2.99ms  17.60ms   77.85%
    Req/Sec       -nan      -nan   0.00      0.00%
  Latency Distribution (HdrHistogram - Recorded Latency)
 50.000%    6.24ms
 75.000%    8.32ms
 90.000%   10.79ms
 99.000%   17.60ms
 99.900%   23.90ms
 99.990%   32.08ms
 99.999%   32.08ms
100.000%   32.08ms

  Detailed Percentile spectrum:
       Value   Percentile   TotalCount 1/(1-Percentile)

       3.051     0.000000            1         1.00
       4.083     0.100000          497         1.11
       4.531     0.200000          991         1.25
       5.003     0.300000         1487         1.43
       5.611     0.400000         1982         1.67
       6.235     0.500000         2479         2.00
       6.615     0.550000         2723         2.22
       6.983     0.600000         2969         2.50
       7.343     0.650000         3218         2.86
       7.855     0.700000         3467         3.33
       8.319     0.750000         3712         4.00
       8.639     0.775000         3836         4.44
       9.007     0.800000         3959         5.00
       9.319     0.825000         4085         5.71
       9.751     0.850000         4207         6.67
      10.271     0.875000         4330         8.00
      10.495     0.887500         4393         8.89
      10.799     0.900000         4455        10.00
      11.143     0.912500         4517        11.43
      11.559     0.925000         4578        13.33
      11.991     0.937500         4640        16.00
      12.207     0.943750         4670        17.78
      12.591     0.950000         4701        20.00
      13.055     0.956250         4732        22.86
      13.479     0.962500         4763        26.67
      13.943     0.968750         4794        32.00
      14.191     0.971875         4810        35.56
      14.407     0.975000         4826        40.00
      14.863     0.978125         4840        45.71
      15.295     0.981250         4856        53.33
      15.871     0.984375         4871        64.00
      16.247     0.985938         4879        71.11
      16.783     0.987500         4887        80.00
      17.391     0.989062         4894        91.43
      17.695     0.990625         4903       106.67
      18.255     0.992188         4910       128.00
      18.383     0.992969         4914       142.22
      18.879     0.993750         4918       160.00
      19.503     0.994531         4921       182.86
      19.951     0.995313         4925       213.33
      20.287     0.996094         4929       256.00
      21.071     0.996484         4931       284.44
      21.199     0.996875         4933       320.00
      21.839     0.997266         4935       365.71
      22.127     0.997656         4937       426.67
      22.591     0.998047         4939       512.00
      22.783     0.998242         4940       568.89
      23.023     0.998437         4941       640.00
      23.759     0.998633         4942       731.43
      23.903     0.998828         4943       853.33
      25.599     0.999023         4944      1024.00
      25.599     0.999121         4944      1137.78
      25.759     0.999219         4945      1280.00
      25.759     0.999316         4945      1462.86
      27.679     0.999414         4946      1706.67
      27.679     0.999512         4946      2048.00
      27.679     0.999561         4946      2275.56
      28.351     0.999609         4947      2560.00
      28.351     0.999658         4947      2925.71
      28.351     0.999707         4947      3413.33
      28.351     0.999756         4947      4096.00
      28.351     0.999780         4947      4551.11
      32.079     0.999805         4948      5120.00
      32.079     1.000000         4948          inf
#[Mean    =        6.979, StdDeviation   =        2.991]
#[Max     =       32.064, Total count    =         4948]
#[Buckets =           27, SubBuckets     =         2048]
----------------------------------------------------------
  4949 requests in 10.00s, 1.71MB read
  Non-2xx or 3xx responses: 4949
Requests/sec:    494.91
Transfer/sec:    174.96KB
Running 10s test @ http://localhost:8080/wrk2-api/review/compose
  1 threads and 100 connections
  Thread Stats   Avg      Stdev     99%   +/- Stdev
    Latency     8.42ms    4.16ms  22.82ms   79.01%
    Req/Sec       -nan      -nan   0.00      0.00%
  Latency Distribution (HdrHistogram - Recorded Latency)
 50.000%    7.35ms
 75.000%   10.10ms
 90.000%   13.75ms
 99.000%   22.82ms
 99.900%   34.11ms
 99.990%   37.95ms
 99.999%   39.29ms
100.000%   39.29ms

  Detailed Percentile spectrum:
       Value   Percentile   TotalCount 1/(1-Percentile)

       3.099     0.000000            1         1.00
       4.439     0.100000          596         1.11
       5.063     0.200000         1190         1.25
       5.811     0.300000         1787         1.43
       6.547     0.400000         2379         1.67
       7.351     0.500000         2974         2.00
       7.819     0.550000         3270         2.22
       8.255     0.600000         3569         2.50
       8.783     0.650000         3867         2.86
       9.447     0.700000         4162         3.33
      10.095     0.750000         4459         4.00
      10.591     0.775000         4611         4.44
      11.039     0.800000         4756         5.00
      11.639     0.825000         4905         5.71
      12.215     0.850000         5055         6.67
      12.983     0.875000         5204         8.00
      13.351     0.887500         5278         8.89
      13.751     0.900000         5351        10.00
      14.343     0.912500         5426        11.43
      14.823     0.925000         5500        13.33
      15.583     0.937500         5575        16.00
      15.975     0.943750         5612        17.78
      16.351     0.950000         5648        20.00
      17.103     0.956250         5686        22.86
      17.919     0.962500         5724        26.67
      18.543     0.968750         5760        32.00
      18.991     0.971875         5778        35.56
      19.455     0.975000         5798        40.00
      20.095     0.978125         5815        45.71
      20.559     0.981250         5834        53.33
      21.439     0.984375         5853        64.00
      21.791     0.985938         5862        71.11
      22.015     0.987500         5871        80.00
      22.431     0.989062         5881        91.43
      23.247     0.990625         5890       106.67
      24.207     0.992188         5899       128.00
      24.383     0.992969         5904       142.22
      25.007     0.993750         5908       160.00
      25.647     0.994531         5914       182.86
      25.775     0.995313         5918       213.33
      26.399     0.996094         5922       256.00
      27.263     0.996484         5925       284.44
      27.423     0.996875         5927       320.00
      28.047     0.997266         5929       365.71
      28.463     0.997656         5932       426.67
      28.783     0.998047         5934       512.00
      29.919     0.998242         5935       568.89
      30.239     0.998437         5936       640.00
      32.575     0.998633         5937       731.43
      34.111     0.998828         5939       853.33
      34.879     0.999023         5940      1024.00
      34.879     0.999121         5940      1137.78
      35.839     0.999219         5941      1280.00
      35.839     0.999316         5941      1462.86
      37.343     0.999414         5942      1706.67
      37.407     0.999512         5943      2048.00
      37.407     0.999561         5943      2275.56
      37.407     0.999609         5943      2560.00
      37.407     0.999658         5943      2925.71
      37.951     0.999707         5944      3413.33
      37.951     0.999756         5944      4096.00
      37.951     0.999780         5944      4551.11
      37.951     0.999805         5944      5120.00
      37.951     0.999829         5944      5851.43
      39.295     0.999854         5945      6826.67
      39.295     1.000000         5945          inf
#[Mean    =        8.417, StdDeviation   =        4.163]
#[Max     =       39.264, Total count    =         5945]
#[Buckets =           27, SubBuckets     =         2048]
----------------------------------------------------------
  5946 requests in 10.00s, 2.05MB read
  Non-2xx or 3xx responses: 5946
Requests/sec:    594.64
Transfer/sec:    210.21KB
Running 10s test @ http://localhost:8080/wrk2-api/review/compose
  1 threads and 100 connections
  Thread Stats   Avg      Stdev     99%   +/- Stdev
    Latency    10.84ms    6.37ms  33.79ms   83.39%
    Req/Sec       -nan      -nan   0.00      0.00%
  Latency Distribution (HdrHistogram - Recorded Latency)
 50.000%    9.17ms
 75.000%   13.07ms
 90.000%   18.56ms
 99.000%   33.79ms
 99.900%   54.24ms
 99.990%   83.58ms
 99.999%   84.48ms
100.000%   84.48ms

  Detailed Percentile spectrum:
       Value   Percentile   TotalCount 1/(1-Percentile)

       3.211     0.000000            1         1.00
       5.051     0.100000          693         1.11
       6.159     0.200000         1383         1.25
       7.159     0.300000         2076         1.43
       8.091     0.400000         2770         1.67
       9.167     0.500000         3458         2.00
       9.767     0.550000         3804         2.22
      10.391     0.600000         4149         2.50
      11.167     0.650000         4496         2.86
      12.039     0.700000         4840         3.33
      13.071     0.750000         5185         4.00
      13.703     0.775000         5359         4.44
      14.391     0.800000         5538         5.00
      15.239     0.825000         5704         5.71
      16.191     0.850000         5878         6.67
      17.103     0.875000         6049         8.00
      17.855     0.887500         6140         8.89
      18.559     0.900000         6222        10.00
      19.439     0.912500         6309        11.43
      20.191     0.925000         6396        13.33
      21.231     0.937500         6483        16.00
      22.015     0.943750         6527        17.78
      22.607     0.950000         6568        20.00
      23.487     0.956250         6611        22.86
      24.271     0.962500         6654        26.67
      25.567     0.968750         6697        32.00
      26.447     0.971875         6719        35.56
      27.343     0.975000         6741        40.00
      28.511     0.978125         6762        45.71
      29.327     0.981250         6784        53.33
      30.431     0.984375         6805        64.00
      31.263     0.985938         6816        71.11
      32.207     0.987500         6827        80.00
      32.799     0.989062         6838        91.43
      34.527     0.990625         6849       106.67
      35.903     0.992188         6859       128.00
      36.863     0.992969         6865       142.22
      37.663     0.993750         6870       160.00
      39.103     0.994531         6876       182.86
      39.967     0.995313         6881       213.33
      41.599     0.996094         6886       256.00
      43.551     0.996484         6889       284.44
      44.575     0.996875         6892       320.00
      45.983     0.997266         6895       365.71
      46.335     0.997656         6897       426.67
      49.823     0.998047         6900       512.00
      49.983     0.998242         6901       568.89
      53.695     0.998437         6903       640.00
      53.759     0.998633         6904       731.43
      54.047     0.998828         6905       853.33
      54.783     0.999023         6907      1024.00
      54.783     0.999121         6907      1137.78
      56.927     0.999219         6908      1280.00
      58.463     0.999316         6909      1462.86
      58.463     0.999414         6909      1706.67
      65.855     0.999512         6910      2048.00
      65.855     0.999561         6910      2275.56
      75.071     0.999609         6911      2560.00
      75.071     0.999658         6911      2925.71
      75.071     0.999707         6911      3413.33
      83.583     0.999756         6912      4096.00
      83.583     0.999780         6912      4551.11
      83.583     0.999805         6912      5120.00
      83.583     0.999829         6912      5851.43
      83.583     0.999854         6912      6826.67
      84.479     0.999878         6913      8192.00
      84.479     1.000000         6913          inf
#[Mean    =       10.844, StdDeviation   =        6.368]
#[Max     =       84.416, Total count    =         6913]
#[Buckets =           27, SubBuckets     =         2048]
----------------------------------------------------------
  6914 requests in 10.00s, 2.39MB read
  Non-2xx or 3xx responses: 6914
Requests/sec:    691.37
Transfer/sec:    244.41KB
Running 10s test @ http://localhost:8080/wrk2-api/review/compose
  1 threads and 100 connections
  Thread Stats   Avg      Stdev     99%   +/- Stdev
    Latency    15.23ms    9.57ms  49.63ms   80.98%
    Req/Sec       -nan      -nan   0.00      0.00%
  Latency Distribution (HdrHistogram - Recorded Latency)
 50.000%   12.68ms
 75.000%   18.91ms
 90.000%   27.18ms
 99.000%   49.63ms
 99.900%   78.46ms
 99.990%  102.59ms
 99.999%  130.37ms
100.000%  130.37ms

  Detailed Percentile spectrum:
       Value   Percentile   TotalCount 1/(1-Percentile)

       3.443     0.000000            1         1.00
       6.455     0.100000          792         1.11
       7.991     0.200000         1585         1.25
       9.487     0.300000         2380         1.43
      10.991     0.400000         3172         1.67
      12.679     0.500000         3965         2.00
      13.607     0.550000         4358         2.22
      14.655     0.600000         4753         2.50
      15.823     0.650000         5147         2.86
      17.279     0.700000         5547         3.33
      18.911     0.750000         5942         4.00
      19.935     0.775000         6136         4.44
      20.991     0.800000         6336         5.00
      22.175     0.825000         6538         5.71
      23.679     0.850000         6731         6.67
      25.231     0.875000         6929         8.00
      26.207     0.887500         7029         8.89
      27.199     0.900000         7129        10.00
      28.207     0.912500         7226        11.43
      29.679     0.925000         7328        13.33
      31.263     0.937500         7424        16.00
      32.127     0.943750         7473        17.78
      32.991     0.950000         7523        20.00
      34.079     0.956250         7571        22.86
      35.615     0.962500         7621        26.67
      37.247     0.968750         7671        32.00
      38.239     0.971875         7695        35.56
      39.231     0.975000         7720        40.00
      40.863     0.978125         7744        45.71
      43.711     0.981250         7770        53.33
      45.759     0.984375         7794        64.00
      46.687     0.985938         7806        71.11
      47.615     0.987500         7820        80.00
      48.543     0.989062         7831        91.43
      50.591     0.990625         7843       106.67
      52.543     0.992188         7856       128.00
      53.823     0.992969         7862       142.22
      55.071     0.993750         7868       160.00
      55.935     0.994531         7874       182.86
      57.087     0.995313         7880       213.33
      60.895     0.996094         7887       256.00
      61.759     0.996484         7890       284.44
      62.495     0.996875         7893       320.00
      64.511     0.997266         7896       365.71
      67.583     0.997656         7899       426.67
      70.591     0.998047         7902       512.00
      73.983     0.998242         7904       568.89
      74.495     0.998437         7905       640.00
      76.479     0.998633         7907       731.43
      77.119     0.998828         7908       853.33
      78.783     0.999023         7910      1024.00
      81.791     0.999121         7911      1137.78
      81.791     0.999219         7911      1280.00
      83.519     0.999316         7912      1462.86
      87.039     0.999414         7913      1706.67
      91.839     0.999512         7914      2048.00
      91.839     0.999561         7914      2275.56
      91.839     0.999609         7914      2560.00
     100.095     0.999658         7915      2925.71
     100.095     0.999707         7915      3413.33
     102.591     0.999756         7916      4096.00
     102.591     0.999780         7916      4551.11
     102.591     0.999805         7916      5120.00
     102.591     0.999829         7916      5851.43
     102.591     0.999854         7916      6826.67
     130.367     0.999878         7917      8192.00
     130.367     1.000000         7917          inf
#[Mean    =       15.228, StdDeviation   =        9.570]
#[Max     =      130.304, Total count    =         7917]
#[Buckets =           27, SubBuckets     =         2048]
----------------------------------------------------------
  7918 requests in 10.00s, 2.73MB read
  Non-2xx or 3xx responses: 7918
Requests/sec:    791.88
Transfer/sec:    279.94KB
Running 10s test @ http://localhost:8080/wrk2-api/review/compose
  1 threads and 100 connections
  Thread Stats   Avg      Stdev     99%   +/- Stdev
    Latency    27.24ms   23.24ms 108.42ms   89.55%
    Req/Sec       -nan      -nan   0.00      0.00%
  Latency Distribution (HdrHistogram - Recorded Latency)
 50.000%   21.04ms
 75.000%   33.89ms
 90.000%   51.23ms
 99.000%  108.42ms
 99.900%  249.73ms
 99.990%  379.90ms
 99.999%  400.64ms
100.000%  400.64ms

  Detailed Percentile spectrum:
       Value   Percentile   TotalCount 1/(1-Percentile)

       3.873     0.000000            1         1.00
       9.263     0.100000          894         1.11
      11.919     0.200000         1780         1.25
      14.639     0.300000         2672         1.43
      17.519     0.400000         3560         1.67
      21.039     0.500000         4449         2.00
      23.119     0.550000         4895         2.22
      25.247     0.600000         5343         2.50
      27.567     0.650000         5784         2.86
      30.351     0.700000         6229         3.33
      33.887     0.750000         6678         4.00
      35.807     0.775000         6898         4.44
      38.047     0.800000         7120         5.00
      40.735     0.825000         7342         5.71
      43.807     0.850000         7565         6.67
      47.039     0.875000         7787         8.00
      48.927     0.887500         7898         8.89
      51.231     0.900000         8009        10.00
      53.631     0.912500         8123        11.43
      56.831     0.925000         8232        13.33
      60.159     0.937500         8342        16.00
      62.079     0.943750         8398        17.78
      64.415     0.950000         8454        20.00
      68.287     0.956250         8509        22.86
      71.743     0.962500         8565        26.67
      75.391     0.968750         8620        32.00
      78.847     0.971875         8651        35.56
      82.111     0.975000         8677        40.00
      86.079     0.978125         8705        45.71
      90.559     0.981250         8733        53.33
      95.551     0.984375         8759        64.00
      98.623     0.985938         8774        71.11
     102.847     0.987500         8787        80.00
     106.303     0.989062         8801        91.43
     111.167     0.990625         8815       106.67
     118.143     0.992188         8829       128.00
     122.943     0.992969         8836       142.22
     127.167     0.993750         8843       160.00
     132.735     0.994531         8850       182.86
     145.151     0.995313         8857       213.33
     163.071     0.996094         8864       256.00
     168.447     0.996484         8867       284.44
     173.567     0.996875         8871       320.00
     187.391     0.997266         8874       365.71
     195.967     0.997656         8878       426.67
     215.679     0.998047         8881       512.00
     218.495     0.998242         8883       568.89
     228.479     0.998437         8885       640.00
     235.519     0.998633         8886       731.43
     247.807     0.998828         8888       853.33
     257.151     0.999023         8890      1024.00
     261.759     0.999121         8891      1137.78
     263.935     0.999219         8892      1280.00
     263.935     0.999316         8892      1462.86
     286.975     0.999414         8893      1706.67
     302.847     0.999512         8894      2048.00
     322.303     0.999561         8895      2275.56
     322.303     0.999609         8895      2560.00
     322.303     0.999658         8895      2925.71
     377.087     0.999707         8896      3413.33
     377.087     0.999756         8896      4096.00
     379.903     0.999780         8897      4551.11
     379.903     0.999805         8897      5120.00
     379.903     0.999829         8897      5851.43
     379.903     0.999854         8897      6826.67
     379.903     0.999878         8897      8192.00
     400.639     0.999890         8898      9102.22
     400.639     1.000000         8898          inf
#[Mean    =       27.242, StdDeviation   =       23.238]
#[Max     =      400.384, Total count    =         8898]
#[Buckets =           27, SubBuckets     =         2048]
----------------------------------------------------------
  8899 requests in 10.00s, 3.07MB read
  Non-2xx or 3xx responses: 8899
Requests/sec:    889.98
Transfer/sec:    314.62KB
Running 10s test @ http://localhost:8080/wrk2-api/review/compose
  1 threads and 100 connections
  Thread Stats   Avg      Stdev     99%   +/- Stdev
    Latency    50.18ms   35.61ms 178.43ms   80.95%
    Req/Sec       -nan      -nan   0.00      0.00%
  Latency Distribution (HdrHistogram - Recorded Latency)
 50.000%   40.42ms
 75.000%   64.48ms
 90.000%   95.49ms
 99.000%  178.43ms
 99.900%  254.08ms
 99.990%  287.23ms
 99.999%  295.17ms
100.000%  295.17ms

  Detailed Percentile spectrum:
       Value   Percentile   TotalCount 1/(1-Percentile)

       3.701     0.000000            1         1.00
      16.959     0.100000          983         1.11
      22.207     0.200000         1962         1.25
      27.519     0.300000         2942         1.43
      33.631     0.400000         3920         1.67
      40.415     0.500000         4900         2.00
      44.479     0.550000         5391         2.22
      48.927     0.600000         5876         2.50
      53.823     0.650000         6369         2.86
      59.071     0.700000         6857         3.33
      64.479     0.750000         7348         4.00
      68.095     0.775000         7591         4.44
      71.487     0.800000         7837         5.00
      76.095     0.825000         8082         5.71
      81.151     0.850000         8328         6.67
      87.231     0.875000         8572         8.00
      91.135     0.887500         8692         8.89
      95.487     0.900000         8815        10.00
     100.927     0.912500         8938        11.43
     106.751     0.925000         9061        13.33
     112.447     0.937500         9182        16.00
     116.031     0.943750         9243        17.78
     119.871     0.950000         9304        20.00
     126.015     0.956250         9365        22.86
     131.327     0.962500         9426        26.67
     138.111     0.968750         9488        32.00
     143.103     0.971875         9518        35.56
     146.943     0.975000         9549        40.00
     151.039     0.978125         9580        45.71
     156.543     0.981250         9610        53.33
     163.711     0.984375         9640        64.00
     166.655     0.985938         9656        71.11
     170.751     0.987500         9671        80.00
     175.487     0.989062         9686        91.43
     181.631     0.990625         9702       106.67
     190.079     0.992188         9717       128.00
     194.559     0.992969         9725       142.22
     196.991     0.993750         9732       160.00
     201.471     0.994531         9740       182.86
     205.055     0.995313         9748       213.33
     210.431     0.996094         9756       256.00
     210.559     0.996484         9760       284.44
     215.167     0.996875         9763       320.00
     222.079     0.997266         9767       365.71
     226.815     0.997656         9771       426.67
     236.543     0.998047         9774       512.00
     238.335     0.998242         9776       568.89
     240.895     0.998437         9778       640.00
     242.431     0.998633         9780       731.43
     253.567     0.998828         9782       853.33
     255.871     0.999023         9784      1024.00
     259.711     0.999121         9785      1137.78
     263.679     0.999219         9786      1280.00
     267.007     0.999316         9787      1462.86
     268.031     0.999414         9788      1706.67
     269.823     0.999512         9789      2048.00
     269.823     0.999561         9789      2275.56
     270.847     0.999609         9790      2560.00
     270.847     0.999658         9790      2925.71
     280.063     0.999707         9791      3413.33
     280.063     0.999756         9791      4096.00
     280.063     0.999780         9791      4551.11
     287.231     0.999805         9792      5120.00
     287.231     0.999829         9792      5851.43
     287.231     0.999854         9792      6826.67
     287.231     0.999878         9792      8192.00
     287.231     0.999890         9792      9102.22
     295.167     0.999902         9793     10240.00
     295.167     1.000000         9793          inf
#[Mean    =       50.178, StdDeviation   =       35.608]
#[Max     =      294.912, Total count    =         9793]
#[Buckets =           27, SubBuckets     =         2048]
----------------------------------------------------------
  9797 requests in 10.00s, 3.38MB read
  Non-2xx or 3xx responses: 9797
Requests/sec:    979.73
Transfer/sec:    346.35KB
Running 10s test @ http://localhost:8080/wrk2-api/review/compose
  1 threads and 100 connections
  Thread Stats   Avg      Stdev     99%   +/- Stdev
    Latency   605.88ms  637.86ms   2.92s    86.19%
    Req/Sec       -nan      -nan   0.00      0.00%
  Latency Distribution (HdrHistogram - Recorded Latency)
 50.000%  364.29ms
 75.000%  853.50ms
 90.000%    1.49s 
 99.000%    2.92s 
 99.900%    3.69s 
 99.990%    4.31s 
 99.999%    4.32s 
100.000%    4.32s 

  Detailed Percentile spectrum:
       Value   Percentile   TotalCount 1/(1-Percentile)

       3.811     0.000000            1         1.00
      75.647     0.100000          942         1.11
     130.239     0.200000         1885         1.25
     193.407     0.300000         2827         1.43
     268.031     0.400000         3768         1.67
     364.287     0.500000         4710         2.00
     425.983     0.550000         5181         2.22
     506.623     0.600000         5652         2.50
     598.527     0.650000         6123         2.86
     715.263     0.700000         6594         3.33
     853.503     0.750000         7066         4.00
     930.303     0.775000         7299         4.44
     993.791     0.800000         7536         5.00
    1079.295     0.825000         7773         5.71
    1180.671     0.850000         8007         6.67
    1313.791     0.875000         8241         8.00
    1396.735     0.887500         8361         8.89
    1490.943     0.900000         8479        10.00
    1581.055     0.912500         8594        11.43
    1704.959     0.925000         8712        13.33
    1813.503     0.937500         8830        16.00
    1872.895     0.943750         8889        17.78
    1955.839     0.950000         8949        20.00
    2040.831     0.956250         9006        22.86
    2154.495     0.962500         9067        26.67
    2306.047     0.968750         9124        32.00
    2375.679     0.971875         9154        35.56
    2437.119     0.975000         9184        40.00
    2525.183     0.978125         9212        45.71
    2633.727     0.981250         9243        53.33
    2707.455     0.984375         9272        64.00
    2756.607     0.985938         9287        71.11
    2818.047     0.987500         9301        80.00
    2877.439     0.989062         9315        91.43
    2945.023     0.990625         9330       106.67
    3014.655     0.992188         9346       128.00
    3080.191     0.992969         9352       142.22
    3127.295     0.993750         9360       160.00
    3182.591     0.994531         9367       182.86
    3239.935     0.995313         9374       213.33
    3303.423     0.996094         9382       256.00
    3321.855     0.996484         9385       284.44
    3360.767     0.996875         9389       320.00
    3414.015     0.997266         9393       365.71
    3434.495     0.997656         9396       426.67
    3459.071     0.998047         9400       512.00
    3467.263     0.998242         9402       568.89
    3500.031     0.998437         9404       640.00
    3510.271     0.998633         9406       731.43
    3549.183     0.998828         9407       853.33
    3690.495     0.999023         9409      1024.00
    3694.591     0.999121         9410      1137.78
    3796.991     0.999219         9411      1280.00
    3856.383     0.999316         9412      1462.86
    3954.687     0.999414         9413      1706.67
    4122.623     0.999512         9414      2048.00
    4122.623     0.999561         9414      2275.56
    4169.727     0.999609         9415      2560.00
    4169.727     0.999658         9415      2925.71
    4194.303     0.999707         9416      3413.33
    4194.303     0.999756         9416      4096.00
    4194.303     0.999780         9416      4551.11
    4313.087     0.999805         9417      5120.00
    4313.087     0.999829         9417      5851.43
    4313.087     0.999854         9417      6826.67
    4313.087     0.999878         9417      8192.00
    4313.087     0.999890         9417      9102.22
    4317.183     0.999902         9418     10240.00
    4317.183     1.000000         9418          inf
#[Mean    =      605.878, StdDeviation   =      637.863]
#[Max     =     4313.088, Total count    =         9418]
#[Buckets =           27, SubBuckets     =         2048]
----------------------------------------------------------
  9419 requests in 10.00s, 3.25MB read
  Non-2xx or 3xx responses: 9419
Requests/sec:    941.98
Transfer/sec:    333.00KB
Running 10s test @ http://localhost:8080/wrk2-api/review/compose
  1 threads and 100 connections
  Thread Stats   Avg      Stdev     99%   +/- Stdev
    Latency     1.12s   977.39ms   4.09s    73.42%
    Req/Sec       -nan      -nan   0.00      0.00%
  Latency Distribution (HdrHistogram - Recorded Latency)
 50.000%  870.91ms
 75.000%    1.68s 
 90.000%    2.53s 
 99.000%    4.09s 
 99.900%    5.17s 
 99.990%    5.60s 
 99.999%    5.72s 
100.000%    5.72s 

  Detailed Percentile spectrum:
       Value   Percentile   TotalCount 1/(1-Percentile)

       3.473     0.000000            1         1.00
     134.271     0.100000          903         1.11
     256.255     0.200000         1804         1.25
     408.063     0.300000         2705         1.43
     607.231     0.400000         3606         1.67
     870.911     0.500000         4510         2.00
    1004.543     0.550000         4959         2.22
    1146.879     0.600000         5410         2.50
    1294.335     0.650000         5863         2.86
    1459.199     0.700000         6312         3.33
    1678.335     0.750000         6761         4.00
    1787.903     0.775000         6987         4.44
    1894.399     0.800000         7212         5.00
    1998.847     0.825000         7437         5.71
    2136.063     0.850000         7662         6.67
    2320.383     0.875000         7888         8.00
    2410.495     0.887500         8005         8.89
    2533.375     0.900000         8113        10.00
    2676.735     0.912500         8230        11.43
    2805.759     0.925000         8339        13.33
    2934.783     0.937500         8453        16.00
    3014.655     0.943750         8507        17.78
    3102.719     0.950000         8566        20.00
    3194.879     0.956250         8620        22.86
    3291.135     0.962500         8676        26.67
    3418.111     0.968750         8734        32.00
    3483.647     0.971875         8761        35.56
    3592.191     0.975000         8789        40.00
    3682.303     0.978125         8817        45.71
    3762.175     0.981250         8845        53.33
    3870.719     0.984375         8874        64.00
    3936.255     0.985938         8888        71.11
    4001.791     0.987500         8902        80.00
    4050.943     0.989062         8916        91.43
    4126.719     0.990625         8931       106.67
    4192.255     0.992188         8944       128.00
    4243.455     0.992969         8951       142.22
    4313.087     0.993750         8958       160.00
    4403.199     0.994531         8965       182.86
    4476.927     0.995313         8973       213.33
    4595.711     0.996094         8979       256.00
    4648.959     0.996484         8983       284.44
    4669.439     0.996875         8986       320.00
    4763.647     0.997266         8990       365.71
    4792.319     0.997656         8993       426.67
    4907.007     0.998047         8998       512.00
    4911.103     0.998242         8999       568.89
    4939.775     0.998437         9000       640.00
    5054.463     0.998633         9002       731.43
    5132.287     0.998828         9004       853.33
    5165.055     0.999023         9006      1024.00
    5181.439     0.999121         9007      1137.78
    5181.439     0.999219         9007      1280.00
    5292.031     0.999316         9009      1462.86
    5292.031     0.999414         9009      1706.67
    5406.719     0.999512         9010      2048.00
    5414.911     0.999561         9011      2275.56
    5414.911     0.999609         9011      2560.00
    5414.911     0.999658         9011      2925.71
    5558.271     0.999707         9012      3413.33
    5558.271     0.999756         9012      4096.00
    5595.135     0.999780         9013      4551.11
    5595.135     0.999805         9013      5120.00
    5595.135     0.999829         9013      5851.43
    5595.135     0.999854         9013      6826.67
    5595.135     0.999878         9013      8192.00
    5722.111     0.999890         9014      9102.22
    5722.111     1.000000         9014          inf
#[Mean    =     1123.598, StdDeviation   =      977.386]
#[Max     =     5718.016, Total count    =         9014]
#[Buckets =           27, SubBuckets     =         2048]
----------------------------------------------------------
  9015 requests in 10.00s, 3.11MB read
  Non-2xx or 3xx responses: 9015
Requests/sec:    901.42
Transfer/sec:    318.67KB
Running 10s test @ http://localhost:8080/wrk2-api/review/compose
  1 threads and 100 connections
  Thread Stats   Avg      Stdev     99%   +/- Stdev
    Latency     1.20s   917.52ms   3.69s    65.26%
    Req/Sec       -nan      -nan   0.00      0.00%
  Latency Distribution (HdrHistogram - Recorded Latency)
 50.000%    1.02s 
 75.000%    1.76s 
 90.000%    2.51s 
 99.000%    3.69s 
 99.900%    4.76s 
 99.990%    5.10s 
 99.999%    5.22s 
100.000%    5.22s 

  Detailed Percentile spectrum:
       Value   Percentile   TotalCount 1/(1-Percentile)

       3.785     0.000000            1         1.00
     150.655     0.100000          963         1.11
     326.143     0.200000         1926         1.25
     538.111     0.300000         2890         1.43
     768.511     0.400000         3851         1.67
    1017.855     0.500000         4815         2.00
    1157.119     0.550000         5298         2.22
    1309.695     0.600000         5776         2.50
    1454.079     0.650000         6258         2.86
    1612.799     0.700000         6738         3.33
    1764.351     0.750000         7221         4.00
    1856.511     0.775000         7462         4.44
    1973.247     0.800000         7702         5.00
    2095.103     0.825000         7944         5.71
    2234.367     0.850000         8186         6.67
    2349.055     0.875000         8422         8.00
    2430.975     0.887500         8545         8.89
    2514.943     0.900000         8667        10.00
    2605.055     0.912500         8785        11.43
    2701.311     0.925000         8904        13.33
    2826.239     0.937500         9024        16.00
    2891.775     0.943750         9085        17.78
    2969.599     0.950000         9145        20.00
    3043.327     0.956250         9204        22.86
    3135.487     0.962500         9267        26.67
    3219.455     0.968750         9326        32.00
    3264.511     0.971875         9357        35.56
    3327.999     0.975000         9385        40.00
    3383.295     0.978125         9416        45.71
    3440.639     0.981250         9445        53.33
    3506.175     0.984375         9475        64.00
    3549.183     0.985938         9490        71.11
    3612.671     0.987500         9505        80.00
    3657.727     0.989062         9520        91.43
    3719.167     0.990625         9535       106.67
    3770.367     0.992188         9550       128.00
    3813.375     0.992969         9558       142.22
    3844.095     0.993750         9566       160.00
    3905.535     0.994531         9573       182.86
    3960.831     0.995313         9581       213.33
    4032.511     0.996094         9588       256.00
    4104.191     0.996484         9592       284.44
    4147.199     0.996875         9595       320.00
    4214.783     0.997266         9599       365.71
    4341.759     0.997656         9603       426.67
    4476.927     0.998047         9607       512.00
    4501.503     0.998242         9609       568.89
    4521.983     0.998437         9610       640.00
    4648.959     0.998633         9612       731.43
    4710.399     0.998828         9614       853.33
    4767.743     0.999023         9616      1024.00
    4841.471     0.999121         9617      1137.78
    4849.663     0.999219         9618      1280.00
    4927.487     0.999316         9619      1462.86
    4984.831     0.999414         9620      1706.67
    5017.599     0.999512         9621      2048.00
    5017.599     0.999561         9621      2275.56
    5046.271     0.999609         9622      2560.00
    5046.271     0.999658         9622      2925.71
    5087.231     0.999707         9623      3413.33
    5087.231     0.999756         9623      4096.00
    5087.231     0.999780         9623      4551.11
    5103.615     0.999805         9624      5120.00
    5103.615     0.999829         9624      5851.43
    5103.615     0.999854         9624      6826.67
    5103.615     0.999878         9624      8192.00
    5103.615     0.999890         9624      9102.22
    5218.303     0.999902         9625     10240.00
    5218.303     1.000000         9625          inf
#[Mean    =     1198.351, StdDeviation   =      917.518]
#[Max     =     5214.208, Total count    =         9625]
#[Buckets =           27, SubBuckets     =         2048]
----------------------------------------------------------
  9627 requests in 10.00s, 3.32MB read
  Non-2xx or 3xx responses: 9627
Requests/sec:    962.50
Transfer/sec:    340.26KB
Running 10s test @ http://localhost:8080/wrk2-api/review/compose
  1 threads and 100 connections
  Thread Stats   Avg      Stdev     99%   +/- Stdev
    Latency     1.33s     1.00s    4.08s    64.44%
    Req/Sec       -nan      -nan   0.00      0.00%
  Latency Distribution (HdrHistogram - Recorded Latency)
 50.000%    1.15s 
 75.000%    1.97s 
 90.000%    2.77s 
 99.000%    4.08s 
 99.900%    5.13s 
 99.990%    5.35s 
 99.999%    5.51s 
100.000%    5.51s 

  Detailed Percentile spectrum:
       Value   Percentile   TotalCount 1/(1-Percentile)

       3.803     0.000000            1         1.00
     184.063     0.100000          986         1.11
     382.719     0.200000         1971         1.25
     602.111     0.300000         2957         1.43
     859.647     0.400000         3942         1.67
    1153.023     0.500000         4926         2.00
    1307.647     0.550000         5417         2.22
    1459.199     0.600000         5912         2.50
    1617.919     0.650000         6404         2.86
    1782.783     0.700000         6895         3.33
    1971.199     0.750000         7389         4.00
    2087.935     0.775000         7633         4.44
    2199.551     0.800000         7881         5.00
    2336.767     0.825000         8127         5.71
    2480.127     0.850000         8371         6.67
    2629.631     0.875000         8619         8.00
    2693.119     0.887500         8741         8.89
    2768.895     0.900000         8865        10.00
    2838.527     0.912500         8989        11.43
    2912.255     0.925000         9110        13.33
    3000.319     0.937500         9234        16.00
    3055.615     0.943750         9297        17.78
    3121.151     0.950000         9357        20.00
    3237.887     0.956250         9419        22.86
    3356.671     0.962500         9480        26.67
    3487.743     0.968750         9541        32.00
    3551.231     0.971875         9573        35.56
    3627.007     0.975000         9603        40.00
    3702.783     0.978125         9633        45.71
    3786.751     0.981250         9664        53.33
    3880.959     0.984375         9695        64.00
    3926.015     0.985938         9711        71.11
    3956.735     0.987500         9725        80.00
    4038.655     0.989062         9741        91.43
    4116.479     0.990625         9756       106.67
    4227.071     0.992188         9773       128.00
    4284.415     0.992969         9779       142.22
    4374.527     0.993750         9787       160.00
    4431.871     0.994531         9795       182.86
    4534.271     0.995313         9802       213.33
    4616.191     0.996094         9810       256.00
    4665.343     0.996484         9814       284.44
    4739.071     0.996875         9818       320.00
    4825.087     0.997266         9822       365.71
    4874.239     0.997656         9825       426.67
    4927.487     0.998047         9829       512.00
    4952.063     0.998242         9831       568.89
    4988.927     0.998437         9833       640.00
    5079.039     0.998633         9835       731.43
    5115.903     0.998828         9837       853.33
    5136.383     0.999023         9839      1024.00
    5169.151     0.999121         9840      1137.78
    5181.439     0.999219         9841      1280.00
    5197.823     0.999316         9842      1462.86
    5214.207     0.999414         9843      1706.67
    5230.591     0.999512         9844      2048.00
    5230.591     0.999561         9844      2275.56
    5279.743     0.999609         9845      2560.00
    5279.743     0.999658         9845      2925.71
    5324.799     0.999707         9846      3413.33
    5324.799     0.999756         9846      4096.00
    5324.799     0.999780         9846      4551.11
    5353.471     0.999805         9847      5120.00
    5353.471     0.999829         9847      5851.43
    5353.471     0.999854         9847      6826.67
    5353.471     0.999878         9847      8192.00
    5353.471     0.999890         9847      9102.22
    5505.023     0.999902         9848     10240.00
    5505.023     1.000000         9848          inf
#[Mean    =     1331.924, StdDeviation   =     1000.982]
#[Max     =     5500.928, Total count    =         9848]
#[Buckets =           27, SubBuckets     =         2048]
----------------------------------------------------------
  9861 requests in 10.00s, 3.40MB read
  Non-2xx or 3xx responses: 9861
Requests/sec:    985.97
Transfer/sec:    348.56KB
Running 10s test @ http://localhost:8080/wrk2-api/review/compose
  1 threads and 100 connections
  Thread Stats   Avg      Stdev     99%   +/- Stdev
    Latency     1.69s     1.29s    4.92s    61.80%
    Req/Sec       -nan      -nan   0.00      0.00%
  Latency Distribution (HdrHistogram - Recorded Latency)
 50.000%    1.39s 
 75.000%    2.68s 
 90.000%    3.55s 
 99.000%    4.92s 
 99.900%    5.69s 
 99.990%    6.14s 
 99.999%    6.16s 
100.000%    6.16s 

  Detailed Percentile spectrum:
       Value   Percentile   TotalCount 1/(1-Percentile)

       3.513     0.000000            1         1.00
     200.703     0.100000          937         1.11
     435.199     0.200000         1871         1.25
     737.279     0.300000         2806         1.43
    1076.223     0.400000         3737         1.67
    1389.567     0.500000         4671         2.00
    1576.959     0.550000         5139         2.22
    1797.119     0.600000         5606         2.50
    2091.007     0.650000         6074         2.86
    2369.535     0.700000         6541         3.33
    2678.783     0.750000         7013         4.00
    2811.903     0.775000         7243         4.44
    2949.119     0.800000         7475         5.00
    3074.047     0.825000         7708         5.71
    3213.311     0.850000         7945         6.67
    3358.719     0.875000         8177         8.00
    3461.119     0.887500         8292         8.89
    3549.183     0.900000         8408        10.00
    3655.679     0.912500         8525        11.43
    3753.983     0.925000         8643        13.33
    3889.151     0.937500         8759        16.00
    3979.263     0.943750         8817        17.78
    4052.991     0.950000         8876        20.00
    4132.863     0.956250         8934        22.86
    4222.975     0.962500         8992        26.67
    4370.431     0.968750         9051        32.00
    4440.063     0.971875         9080        35.56
    4521.983     0.975000         9110        40.00
    4612.095     0.978125         9138        45.71
    4685.823     0.981250         9167        53.33
    4775.935     0.984375         9198        64.00
    4800.511     0.985938         9211        71.11
    4845.567     0.987500         9226        80.00
    4886.527     0.989062         9240        91.43
    4952.063     0.990625         9256       106.67
    5009.407     0.992188         9270       128.00
    5025.791     0.992969         9277       142.22
    5066.751     0.993750         9284       160.00
    5119.999     0.994531         9291       182.86
    5152.767     0.995313         9299       213.33
    5218.303     0.996094         9306       256.00
    5255.167     0.996484         9310       284.44
    5267.455     0.996875         9313       320.00
    5308.415     0.997266         9317       365.71
    5378.047     0.997656         9322       426.67
    5423.103     0.998047         9324       512.00
    5447.679     0.998242         9326       568.89
    5488.639     0.998437         9328       640.00
    5558.271     0.998633         9330       731.43
    5636.095     0.998828         9332       853.33
    5685.247     0.999023         9333      1024.00
    5730.303     0.999121         9334      1137.78
    5742.591     0.999219         9335      1280.00
    5771.263     0.999316         9336      1462.86
    5885.951     0.999414         9337      1706.67
    5906.431     0.999512         9338      2048.00
    5906.431     0.999561         9338      2275.56
    5992.447     0.999609         9339      2560.00
    5992.447     0.999658         9339      2925.71
    6053.887     0.999707         9340      3413.33
    6053.887     0.999756         9340      4096.00
    6053.887     0.999780         9340      4551.11
    6135.807     0.999805         9341      5120.00
    6135.807     0.999829         9341      5851.43
    6135.807     0.999854         9341      6826.67
    6135.807     0.999878         9341      8192.00
    6135.807     0.999890         9341      9102.22
    6156.287     0.999902         9342     10240.00
    6156.287     1.000000         9342          inf
#[Mean    =     1687.605, StdDeviation   =     1285.294]
#[Max     =     6152.192, Total count    =         9342]
#[Buckets =           27, SubBuckets     =         2048]
----------------------------------------------------------
  9344 requests in 10.00s, 3.23MB read
  Non-2xx or 3xx responses: 9344
Requests/sec:    934.33
Transfer/sec:    330.30KB
