Running 10s test @ http://localhost:8080/wrk2-api/review/compose
  1 threads and 100 connections
  Thread Stats   Avg      Stdev     99%   +/- Stdev
    Latency     5.47ms    2.11ms  14.24ms   87.07%
    Req/Sec       -nan      -nan   0.00      0.00%
  Latency Distribution (HdrHistogram - Recorded Latency)
 50.000%    4.84ms
 75.000%    6.01ms
 90.000%    8.04ms
 99.000%   14.24ms
 99.900%   20.77ms
 99.990%   21.90ms
 99.999%   21.90ms
100.000%   21.90ms

  Detailed Percentile spectrum:
       Value   Percentile   TotalCount 1/(1-Percentile)

       3.103     0.000000            1         1.00
       3.799     0.100000          199         1.11
       4.025     0.200000          398         1.25
       4.255     0.300000          598         1.43
       4.531     0.400000          801         1.67
       4.835     0.500000          997         2.00
       4.979     0.550000         1094         2.22
       5.135     0.600000         1195         2.50
       5.371     0.650000         1292         2.86
       5.663     0.700000         1393         3.33
       6.015     0.750000         1491         4.00
       6.235     0.775000         1540         4.44
       6.483     0.800000         1590         5.00
       6.803     0.825000         1640         5.71
       7.127     0.850000         1689         6.67
       7.559     0.875000         1740         8.00
       7.743     0.887500         1764         8.89
       8.091     0.900000         1789        10.00
       8.391     0.912500         1814        11.43
       8.623     0.925000         1838        13.33
       9.015     0.937500         1863        16.00
       9.287     0.943750         1876        17.78
       9.431     0.950000         1888        20.00
       9.735     0.956250         1901        22.86
      10.239     0.962500         1913        26.67
      10.551     0.968750         1925        32.00
      10.799     0.971875         1932        35.56
      10.999     0.975000         1938        40.00
      11.303     0.978125         1944        45.71
      11.687     0.981250         1950        53.33
      12.311     0.984375         1956        64.00
      12.991     0.985938         1960        71.11
      13.487     0.987500         1963        80.00
      13.719     0.989062         1966        91.43
      14.671     0.990625         1970       106.67
      15.183     0.992188         1972       128.00
      15.359     0.992969         1974       142.22
      15.471     0.993750         1975       160.00
      15.543     0.994531         1977       182.86
      15.719     0.995313         1978       213.33
      16.271     0.996094         1980       256.00
      16.783     0.996484         1981       284.44
      16.783     0.996875         1981       320.00
      17.599     0.997266         1982       365.71
      17.711     0.997656         1983       426.67
      20.351     0.998047         1984       512.00
      20.351     0.998242         1984       568.89
      20.351     0.998437         1984       640.00
      20.767     0.998633         1985       731.43
      20.767     0.998828         1985       853.33
      21.375     0.999023         1986      1024.00
      21.375     0.999121         1986      1137.78
      21.375     0.999219         1986      1280.00
      21.375     0.999316         1986      1462.86
      21.375     0.999414         1986      1706.67
      21.903     0.999512         1987      2048.00
      21.903     1.000000         1987          inf
#[Mean    =        5.470, StdDeviation   =        2.107]
#[Max     =       21.888, Total count    =         1987]
#[Buckets =           27, SubBuckets     =         2048]
----------------------------------------------------------
  1988 requests in 10.01s, 702.79KB read
  Socket errors: connect 0, read 0, write 0, timeout 5
  Non-2xx or 3xx responses: 1988
Requests/sec:    198.68
Transfer/sec:     70.24KB
Running 10s test @ http://localhost:8080/wrk2-api/review/compose
  1 threads and 100 connections
  Thread Stats   Avg      Stdev     99%   +/- Stdev
    Latency     5.95ms    2.47ms  15.57ms   86.01%
    Req/Sec       -nan      -nan   0.00      0.00%
  Latency Distribution (HdrHistogram - Recorded Latency)
 50.000%    5.14ms
 75.000%    6.80ms
 90.000%    8.92ms
 99.000%   15.57ms
 99.900%   22.45ms
 99.990%   23.69ms
 99.999%   23.69ms
100.000%   23.69ms

  Detailed Percentile spectrum:
       Value   Percentile   TotalCount 1/(1-Percentile)

       3.155     0.000000            1         1.00
       3.867     0.100000          304         1.11
       4.211     0.200000          598         1.25
       4.503     0.300000          897         1.43
       4.791     0.400000         1192         1.67
       5.143     0.500000         1491         2.00
       5.391     0.550000         1643         2.22
       5.683     0.600000         1788         2.50
       6.007     0.650000         1937         2.86
       6.383     0.700000         2087         3.33
       6.795     0.750000         2235         4.00
       7.051     0.775000         2312         4.44
       7.315     0.800000         2384         5.00
       7.659     0.825000         2460         5.71
       7.967     0.850000         2535         6.67
       8.351     0.875000         2609         8.00
       8.647     0.887500         2645         8.89
       8.919     0.900000         2682        10.00
       9.231     0.912500         2720        11.43
       9.535     0.925000         2757        13.33
      10.039     0.937500         2795        16.00
      10.303     0.943750         2813        17.78
      10.503     0.950000         2831        20.00
      10.767     0.956250         2850        22.86
      11.335     0.962500         2869        26.67
      11.751     0.968750         2887        32.00
      12.255     0.971875         2898        35.56
      12.647     0.975000         2906        40.00
      13.079     0.978125         2915        45.71
      13.503     0.981250         2926        53.33
      14.063     0.984375         2935        64.00
      14.239     0.985938         2939        71.11
      14.519     0.987500         2943        80.00
      15.263     0.989062         2948        91.43
      15.711     0.990625         2953       106.67
      16.527     0.992188         2957       128.00
      17.087     0.992969         2960       142.22
      17.423     0.993750         2962       160.00
      17.791     0.994531         2965       182.86
      19.087     0.995313         2967       213.33
      20.271     0.996094         2969       256.00
      20.447     0.996484         2970       284.44
      20.559     0.996875         2971       320.00
      20.607     0.997266         2972       365.71
      21.455     0.997656         2974       426.67
      21.823     0.998047         2975       512.00
      21.823     0.998242         2975       568.89
      22.063     0.998437         2976       640.00
      22.063     0.998633         2976       731.43
      22.447     0.998828         2977       853.33
      22.655     0.999023         2978      1024.00
      22.655     0.999121         2978      1137.78
      22.655     0.999219         2978      1280.00
      22.655     0.999316         2978      1462.86
      22.911     0.999414         2979      1706.67
      22.911     0.999512         2979      2048.00
      22.911     0.999561         2979      2275.56
      22.911     0.999609         2979      2560.00
      22.911     0.999658         2979      2925.71
      23.695     0.999707         2980      3413.33
      23.695     1.000000         2980          inf
#[Mean    =        5.951, StdDeviation   =        2.469]
#[Max     =       23.680, Total count    =         2980]
#[Buckets =           27, SubBuckets     =         2048]
----------------------------------------------------------
  2981 requests in 10.00s, 1.03MB read
  Socket errors: connect 0, read 0, write 0, timeout 1
  Non-2xx or 3xx responses: 2981
Requests/sec:    297.99
Transfer/sec:    105.34KB
Running 10s test @ http://localhost:8080/wrk2-api/review/compose
  1 threads and 100 connections
  Thread Stats   Avg      Stdev     99%   +/- Stdev
    Latency     6.96ms    3.31ms  18.46ms   82.93%
    Req/Sec       -nan      -nan   0.00      0.00%
  Latency Distribution (HdrHistogram - Recorded Latency)
 50.000%    5.97ms
 75.000%    8.31ms
 90.000%   11.23ms
 99.000%   18.46ms
 99.900%   25.55ms
 99.990%   29.84ms
 99.999%   29.84ms
100.000%   29.84ms

  Detailed Percentile spectrum:
       Value   Percentile   TotalCount 1/(1-Percentile)

       3.177     0.000000            1         1.00
       3.969     0.100000          397         1.11
       4.419     0.200000          796         1.25
       4.827     0.300000         1191         1.43
       5.299     0.400000         1589         1.67
       5.975     0.500000         1984         2.00
       6.327     0.550000         2182         2.22
       6.703     0.600000         2382         2.50
       7.155     0.650000         2580         2.86
       7.667     0.700000         2780         3.33
       8.311     0.750000         2977         4.00
       8.647     0.775000         3075         4.44
       9.047     0.800000         3174         5.00
       9.471     0.825000         3273         5.71
       9.919     0.850000         3375         6.67
      10.519     0.875000         3472         8.00
      10.879     0.887500         3521         8.89
      11.255     0.900000         3571        10.00
      11.711     0.912500         3620        11.43
      12.215     0.925000         3670        13.33
      12.855     0.937500         3720        16.00
      13.311     0.943750         3744        17.78
      13.767     0.950000         3769        20.00
      14.287     0.956250         3794        22.86
      14.703     0.962500         3819        26.67
      15.527     0.968750         3844        32.00
      15.927     0.971875         3856        35.56
      16.119     0.975000         3868        40.00
      16.511     0.978125         3882        45.71
      16.751     0.981250         3893        53.33
      17.471     0.984375         3908        64.00
      17.535     0.985938         3913        71.11
      17.919     0.987500         3918        80.00
      18.191     0.989062         3924        91.43
      18.591     0.990625         3930       106.67
      18.879     0.992188         3938       128.00
      19.327     0.992969         3940       142.22
      19.887     0.993750         3943       160.00
      20.735     0.994531         3946       182.86
      21.215     0.995313         3949       213.33
      21.567     0.996094         3952       256.00
      21.807     0.996484         3954       284.44
      21.887     0.996875         3955       320.00
      21.967     0.997266         3957       365.71
      22.351     0.997656         3958       426.67
      23.807     0.998047         3960       512.00
      25.087     0.998242         3961       568.89
      25.087     0.998437         3961       640.00
      25.375     0.998633         3962       731.43
      25.551     0.998828         3963       853.33
      26.159     0.999023         3964      1024.00
      26.159     0.999121         3964      1137.78
      26.159     0.999219         3964      1280.00
      27.679     0.999316         3965      1462.86
      27.679     0.999414         3965      1706.67
      29.087     0.999512         3966      2048.00
      29.087     0.999561         3966      2275.56
      29.087     0.999609         3966      2560.00
      29.087     0.999658         3966      2925.71
      29.087     0.999707         3966      3413.33
      29.839     0.999756         3967      4096.00
      29.839     1.000000         3967          inf
#[Mean    =        6.960, StdDeviation   =        3.307]
#[Max     =       29.824, Total count    =         3967]
#[Buckets =           27, SubBuckets     =         2048]
----------------------------------------------------------
  3968 requests in 10.00s, 1.37MB read
  Non-2xx or 3xx responses: 3968
Requests/sec:    396.84
Transfer/sec:    140.29KB
Running 10s test @ http://localhost:8080/wrk2-api/review/compose
  1 threads and 100 connections
  Thread Stats   Avg      Stdev     99%   +/- Stdev
    Latency     9.31ms    5.93ms  29.98ms   85.97%
    Req/Sec       -nan      -nan   0.00      0.00%
  Latency Distribution (HdrHistogram - Recorded Latency)
 50.000%    7.33ms
 75.000%   11.61ms
 90.000%   17.07ms
 99.000%   29.98ms
 99.900%   47.13ms
 99.990%   61.47ms
 99.999%   61.47ms
100.000%   61.47ms

  Detailed Percentile spectrum:
       Value   Percentile   TotalCount 1/(1-Percentile)

       3.147     0.000000            1         1.00
       4.319     0.100000          502         1.11
       4.871     0.200000          993         1.25
       5.511     0.300000         1485         1.43
       6.319     0.400000         1980         1.67
       7.327     0.500000         2474         2.00
       7.847     0.550000         2725         2.22
       8.487     0.600000         2969         2.50
       9.359     0.650000         3217         2.86
      10.311     0.700000         3466         3.33
      11.607     0.750000         3712         4.00
      12.119     0.775000         3835         4.44
      12.839     0.800000         3959         5.00
      13.623     0.825000         4083         5.71
      14.639     0.850000         4206         6.67
      15.799     0.875000         4330         8.00
      16.359     0.887500         4392         8.89
      17.087     0.900000         4454        10.00
      18.031     0.912500         4517        11.43
      18.879     0.925000         4577        13.33
      20.047     0.937500         4639        16.00
      20.767     0.943750         4670        17.78
      21.615     0.950000         4702        20.00
      22.367     0.956250         4732        22.86
      23.439     0.962500         4763        26.67
      24.559     0.968750         4794        32.00
      25.103     0.971875         4809        35.56
      25.935     0.975000         4825        40.00
      26.431     0.978125         4840        45.71
      27.231     0.981250         4856        53.33
      28.031     0.984375         4871        64.00
      28.351     0.985938         4879        71.11
      29.071     0.987500         4887        80.00
      29.519     0.989062         4894        91.43
      30.223     0.990625         4902       106.67
      30.863     0.992188         4910       128.00
      31.071     0.992969         4914       142.22
      31.695     0.993750         4918       160.00
      32.031     0.994531         4921       182.86
      32.287     0.995313         4925       213.33
      33.983     0.996094         4929       256.00
      34.367     0.996484         4931       284.44
      34.975     0.996875         4933       320.00
      36.543     0.997266         4935       365.71
      37.215     0.997656         4937       426.67
      38.079     0.998047         4939       512.00
      39.711     0.998242         4940       568.89
      43.103     0.998437         4941       640.00
      44.543     0.998633         4942       731.43
      47.135     0.998828         4943       853.33
      50.975     0.999023         4944      1024.00
      50.975     0.999121         4944      1137.78
      55.167     0.999219         4945      1280.00
      55.167     0.999316         4945      1462.86
      55.647     0.999414         4946      1706.67
      55.647     0.999512         4946      2048.00
      55.647     0.999561         4946      2275.56
      58.079     0.999609         4947      2560.00
      58.079     0.999658         4947      2925.71
      58.079     0.999707         4947      3413.33
      58.079     0.999756         4947      4096.00
      58.079     0.999780         4947      4551.11
      61.471     0.999805         4948      5120.00
      61.471     1.000000         4948          inf
#[Mean    =        9.310, StdDeviation   =        5.927]
#[Max     =       61.440, Total count    =         4948]
#[Buckets =           27, SubBuckets     =         2048]
----------------------------------------------------------
  4949 requests in 10.00s, 1.71MB read
  Non-2xx or 3xx responses: 4949
Requests/sec:    494.90
Transfer/sec:    174.96KB
Running 10s test @ http://localhost:8080/wrk2-api/review/compose
  1 threads and 100 connections
  Thread Stats   Avg      Stdev     99%   +/- Stdev
    Latency    13.02ms    8.53ms  43.26ms   81.97%
    Req/Sec       -nan      -nan   0.00      0.00%
  Latency Distribution (HdrHistogram - Recorded Latency)
 50.000%   10.43ms
 75.000%   16.64ms
 90.000%   24.35ms
 99.000%   43.26ms
 99.900%   61.76ms
 99.990%   77.95ms
 99.999%   80.32ms
100.000%   80.32ms

  Detailed Percentile spectrum:
       Value   Percentile   TotalCount 1/(1-Percentile)

       3.343     0.000000            1         1.00
       5.139     0.100000          597         1.11
       6.327     0.200000         1190         1.25
       7.507     0.300000         1784         1.43
       8.855     0.400000         2379         1.67
      10.431     0.500000         2975         2.00
      11.495     0.550000         3272         2.22
      12.535     0.600000         3568         2.50
      13.743     0.650000         3867         2.86
      15.039     0.700000         4163         3.33
      16.639     0.750000         4459         4.00
      17.455     0.775000         4608         4.44
      18.415     0.800000         4759         5.00
      19.487     0.825000         4908         5.71
      20.959     0.850000         5054         6.67
      22.415     0.875000         5202         8.00
      23.279     0.887500         5277         8.89
      24.351     0.900000         5351        10.00
      25.519     0.912500         5426        11.43
      26.783     0.925000         5500        13.33
      27.919     0.937500         5574        16.00
      28.991     0.943750         5611        17.78
      29.791     0.950000         5648        20.00
      30.879     0.956250         5685        22.86
      32.047     0.962500         5723        26.67
      33.503     0.968750         5760        32.00
      34.271     0.971875         5778        35.56
      35.327     0.975000         5798        40.00
      35.903     0.978125         5815        45.71
      37.247     0.981250         5834        53.33
      39.263     0.984375         5853        64.00
      40.031     0.985938         5862        71.11
      41.119     0.987500         5871        80.00
      42.559     0.989062         5880        91.43
      44.159     0.990625         5890       106.67
      46.079     0.992188         5899       128.00
      46.879     0.992969         5904       142.22
      47.199     0.993750         5908       160.00
      48.511     0.994531         5913       182.86
      49.983     0.995313         5918       213.33
      51.455     0.996094         5922       256.00
      52.479     0.996484         5925       284.44
      53.087     0.996875         5927       320.00
      56.351     0.997266         5929       365.71
      58.783     0.997656         5932       426.67
      59.839     0.998047         5934       512.00
      60.191     0.998242         5935       568.89
      60.287     0.998437         5936       640.00
      60.351     0.998633         5937       731.43
      61.759     0.998828         5939       853.33
      63.711     0.999023         5940      1024.00
      63.711     0.999121         5940      1137.78
      64.095     0.999219         5941      1280.00
      64.095     0.999316         5941      1462.86
      64.255     0.999414         5942      1706.67
      65.119     0.999512         5943      2048.00
      65.119     0.999561         5943      2275.56
      65.119     0.999609         5943      2560.00
      65.119     0.999658         5943      2925.71
      77.951     0.999707         5944      3413.33
      77.951     0.999756         5944      4096.00
      77.951     0.999780         5944      4551.11
      77.951     0.999805         5944      5120.00
      77.951     0.999829         5944      5851.43
      80.319     0.999854         5945      6826.67
      80.319     1.000000         5945          inf
#[Mean    =       13.021, StdDeviation   =        8.535]
#[Max     =       80.256, Total count    =         5945]
#[Buckets =           27, SubBuckets     =         2048]
----------------------------------------------------------
  5946 requests in 10.00s, 2.05MB read
  Non-2xx or 3xx responses: 5946
Requests/sec:    594.52
Transfer/sec:    210.17KB
Running 10s test @ http://localhost:8080/wrk2-api/review/compose
  1 threads and 100 connections
  Thread Stats   Avg      Stdev     99%   +/- Stdev
    Latency    13.09ms    8.36ms  42.59ms   82.91%
    Req/Sec       -nan      -nan   0.00      0.00%
  Latency Distribution (HdrHistogram - Recorded Latency)
 50.000%   10.80ms
 75.000%   16.14ms
 90.000%   23.53ms
 99.000%   42.59ms
 99.900%   69.18ms
 99.990%   82.75ms
 99.999%   88.51ms
100.000%   88.51ms

  Detailed Percentile spectrum:
       Value   Percentile   TotalCount 1/(1-Percentile)

       3.153     0.000000            1         1.00
       5.475     0.100000          692         1.11
       6.799     0.200000         1382         1.25
       7.983     0.300000         2073         1.43
       9.343     0.400000         2765         1.67
      10.799     0.500000         3455         2.00
      11.583     0.550000         3803         2.22
      12.439     0.600000         4150         2.50
      13.527     0.650000         4495         2.86
      14.767     0.700000         4837         3.33
      16.135     0.750000         5185         4.00
      16.879     0.775000         5356         4.44
      17.807     0.800000         5530         5.00
      18.975     0.825000         5701         5.71
      20.127     0.850000         5874         6.67
      21.695     0.875000         6048         8.00
      22.511     0.887500         6134         8.89
      23.535     0.900000         6220        10.00
      24.591     0.912500         6306        11.43
      25.871     0.925000         6392        13.33
      27.295     0.937500         6480        16.00
      28.239     0.943750         6522        17.78
      29.503     0.950000         6565        20.00
      30.607     0.956250         6608        22.86
      32.175     0.962500         6651        26.67
      34.079     0.968750         6695        32.00
      34.687     0.971875         6716        35.56
      35.711     0.975000         6740        40.00
      36.671     0.978125         6759        45.71
      37.631     0.981250         6781        53.33
      39.039     0.984375         6804        64.00
      39.743     0.985938         6813        71.11
      40.927     0.987500         6824        80.00
      42.111     0.989062         6835        91.43
      43.199     0.990625         6846       106.67
      45.023     0.992188         6858       128.00
      45.983     0.992969         6862       142.22
      47.391     0.993750         6867       160.00
      48.671     0.994531         6873       182.86
      50.015     0.995313         6879       213.33
      52.479     0.996094         6884       256.00
      52.991     0.996484         6886       284.44
      55.199     0.996875         6889       320.00
      56.927     0.997266         6892       365.71
      58.463     0.997656         6894       426.67
      62.655     0.998047         6897       512.00
      63.103     0.998242         6898       568.89
      64.447     0.998437         6900       640.00
      66.431     0.998633         6901       731.43
      67.263     0.998828         6902       853.33
      73.215     0.999023         6904      1024.00
      73.215     0.999121         6904      1137.78
      76.415     0.999219         6905      1280.00
      77.311     0.999316         6906      1462.86
      77.311     0.999414         6906      1706.67
      78.207     0.999512         6907      2048.00
      78.207     0.999561         6907      2275.56
      82.367     0.999609         6908      2560.00
      82.367     0.999658         6908      2925.71
      82.367     0.999707         6908      3413.33
      82.751     0.999756         6909      4096.00
      82.751     0.999780         6909      4551.11
      82.751     0.999805         6909      5120.00
      82.751     0.999829         6909      5851.43
      82.751     0.999854         6909      6826.67
      88.511     0.999878         6910      8192.00
      88.511     1.000000         6910          inf
#[Mean    =       13.087, StdDeviation   =        8.363]
#[Max     =       88.448, Total count    =         6910]
#[Buckets =           27, SubBuckets     =         2048]
----------------------------------------------------------
  6911 requests in 10.00s, 2.39MB read
  Non-2xx or 3xx responses: 6911
Requests/sec:    691.06
Transfer/sec:    244.30KB
Running 10s test @ http://localhost:8080/wrk2-api/review/compose
  1 threads and 100 connections
  Thread Stats   Avg      Stdev     99%   +/- Stdev
    Latency    21.41ms   16.98ms  90.82ms   88.50%
    Req/Sec       -nan      -nan   0.00      0.00%
  Latency Distribution (HdrHistogram - Recorded Latency)
 50.000%   16.80ms
 75.000%   26.43ms
 90.000%   39.90ms
 99.000%   90.82ms
 99.900%  143.10ms
 99.990%  203.90ms
 99.999%  241.41ms
100.000%  241.41ms

  Detailed Percentile spectrum:
       Value   Percentile   TotalCount 1/(1-Percentile)

       3.381     0.000000            1         1.00
       7.311     0.100000          788         1.11
       9.511     0.200000         1578         1.25
      11.607     0.300000         2364         1.43
      14.031     0.400000         3154         1.67
      16.799     0.500000         3940         2.00
      18.351     0.550000         4341         2.22
      20.047     0.600000         4729         2.50
      21.871     0.650000         5123         2.86
      23.935     0.700000         5516         3.33
      26.431     0.750000         5911         4.00
      28.095     0.775000         6107         4.44
      29.615     0.800000         6304         5.00
      31.551     0.825000         6501         5.71
      33.823     0.850000         6699         6.67
      36.415     0.875000         6897         8.00
      38.143     0.887500         6993         8.89
      39.903     0.900000         7092        10.00
      41.983     0.912500         7190        11.43
      44.831     0.925000         7289        13.33
      47.551     0.937500         7388        16.00
      49.599     0.943750         7437        17.78
      51.615     0.950000         7486        20.00
      54.399     0.956250         7535        22.86
      57.887     0.962500         7585        26.67
      60.959     0.968750         7633        32.00
      63.455     0.971875         7658        35.56
      65.855     0.975000         7683        40.00
      69.887     0.978125         7708        45.71
      74.367     0.981250         7732        53.33
      79.999     0.984375         7756        64.00
      83.007     0.985938         7769        71.11
      85.503     0.987500         7781        80.00
      89.471     0.989062         7793        91.43
      92.351     0.990625         7806       106.67
      98.431     0.992188         7819       128.00
     100.479     0.992969         7824       142.22
     103.551     0.993750         7830       160.00
     106.047     0.994531         7836       182.86
     108.671     0.995313         7843       213.33
     112.639     0.996094         7849       256.00
     113.599     0.996484         7853       284.44
     116.159     0.996875         7856       320.00
     116.479     0.997266         7858       365.71
     118.143     0.997656         7861       426.67
     122.047     0.998047         7864       512.00
     122.879     0.998242         7866       568.89
     124.991     0.998437         7867       640.00
     131.327     0.998633         7869       731.43
     135.167     0.998828         7870       853.33
     143.231     0.999023         7872      1024.00
     154.111     0.999121         7873      1137.78
     154.111     0.999219         7873      1280.00
     154.751     0.999316         7874      1462.86
     157.951     0.999414         7875      1706.67
     172.671     0.999512         7876      2048.00
     172.671     0.999561         7876      2275.56
     172.671     0.999609         7876      2560.00
     192.383     0.999658         7877      2925.71
     192.383     0.999707         7877      3413.33
     203.903     0.999756         7878      4096.00
     203.903     0.999780         7878      4551.11
     203.903     0.999805         7878      5120.00
     203.903     0.999829         7878      5851.43
     203.903     0.999854         7878      6826.67
     241.407     0.999878         7879      8192.00
     241.407     1.000000         7879          inf
#[Mean    =       21.412, StdDeviation   =       16.979]
#[Max     =      241.280, Total count    =         7879]
#[Buckets =           27, SubBuckets     =         2048]
----------------------------------------------------------
  7880 requests in 10.00s, 2.72MB read
  Non-2xx or 3xx responses: 7880
Requests/sec:    787.94
Transfer/sec:    278.55KB
Running 10s test @ http://localhost:8080/wrk2-api/review/compose
  1 threads and 100 connections
  Thread Stats   Avg      Stdev     99%   +/- Stdev
    Latency   509.58ms  550.33ms   2.55s    85.78%
    Req/Sec       -nan      -nan   0.00      0.00%
  Latency Distribution (HdrHistogram - Recorded Latency)
 50.000%  329.21ms
 75.000%  706.05ms
 90.000%    1.27s 
 99.000%    2.55s 
 99.900%    3.33s 
 99.990%    3.73s 
 99.999%    3.75s 
100.000%    3.75s 

  Detailed Percentile spectrum:
       Value   Percentile   TotalCount 1/(1-Percentile)

       4.179     0.000000            1         1.00
      23.391     0.100000          771         1.11
      63.871     0.200000         1541         1.25
     159.231     0.300000         2312         1.43
     234.111     0.400000         3081         1.67
     329.215     0.500000         3849         2.00
     388.351     0.550000         4235         2.22
     451.839     0.600000         4620         2.50
     517.119     0.650000         5006         2.86
     602.111     0.700000         5390         3.33
     706.047     0.750000         5775         4.00
     767.487     0.775000         5967         4.44
     842.751     0.800000         6159         5.00
     931.327     0.825000         6351         5.71
    1025.023     0.850000         6545         6.67
    1127.423     0.875000         6737         8.00
    1198.079     0.887500         6834         8.89
    1268.735     0.900000         6929        10.00
    1353.727     0.912500         7025        11.43
    1444.863     0.925000         7121        13.33
    1540.095     0.937500         7220        16.00
    1574.911     0.943750         7265        17.78
    1652.735     0.950000         7314        20.00
    1722.367     0.956250         7363        22.86
    1802.239     0.962500         7410        26.67
    1887.231     0.968750         7458        32.00
    1955.839     0.971875         7482        35.56
    2026.495     0.975000         7506        40.00
    2131.967     0.978125         7530        45.71
    2211.839     0.981250         7554        53.33
    2265.087     0.984375         7578        64.00
    2332.671     0.985938         7590        71.11
    2385.919     0.987500         7603        80.00
    2476.031     0.989062         7614        91.43
    2584.575     0.990625         7626       106.67
    2682.879     0.992188         7638       128.00
    2711.551     0.992969         7644       142.22
    2736.127     0.993750         7650       160.00
    2762.751     0.994531         7656       182.86
    2830.335     0.995313         7662       213.33
    2891.775     0.996094         7668       256.00
    2918.399     0.996484         7671       284.44
    2953.215     0.996875         7674       320.00
    2990.079     0.997266         7677       365.71
    3043.327     0.997656         7680       426.67
    3086.335     0.998047         7683       512.00
    3131.391     0.998242         7685       568.89
    3166.207     0.998437         7686       640.00
    3217.407     0.998633         7688       731.43
    3229.695     0.998828         7689       853.33
    3340.287     0.999023         7691      1024.00
    3342.335     0.999121         7692      1137.78
    3342.335     0.999219         7692      1280.00
    3364.863     0.999316         7693      1462.86
    3373.055     0.999414         7694      1706.67
    3391.487     0.999512         7695      2048.00
    3391.487     0.999561         7695      2275.56
    3391.487     0.999609         7695      2560.00
    3403.775     0.999658         7696      2925.71
    3403.775     0.999707         7696      3413.33
    3729.407     0.999756         7697      4096.00
    3729.407     0.999780         7697      4551.11
    3729.407     0.999805         7697      5120.00
    3729.407     0.999829         7697      5851.43
    3729.407     0.999854         7697      6826.67
    3751.935     0.999878         7698      8192.00
    3751.935     1.000000         7698          inf
#[Mean    =      509.578, StdDeviation   =      550.330]
#[Max     =     3749.888, Total count    =         7698]
#[Buckets =           27, SubBuckets     =         2048]
----------------------------------------------------------
  7699 requests in 10.01s, 2.66MB read
  Non-2xx or 3xx responses: 7699
Requests/sec:    769.01
Transfer/sec:    271.86KB
Running 10s test @ http://localhost:8080/wrk2-api/review/compose
  1 threads and 100 connections
  Thread Stats   Avg      Stdev     99%   +/- Stdev
    Latency     1.38s     1.01s    4.12s    66.15%
    Req/Sec       -nan      -nan   0.00      0.00%
  Latency Distribution (HdrHistogram - Recorded Latency)
 50.000%    1.23s 
 75.000%    2.01s 
 90.000%    2.80s 
 99.000%    4.12s 
 99.900%    4.74s 
 99.990%    4.92s 
 99.999%    5.18s 
100.000%    5.18s 

  Detailed Percentile spectrum:
       Value   Percentile   TotalCount 1/(1-Percentile)

       3.285     0.000000            1         1.00
     200.703     0.100000          732         1.11
     437.759     0.200000         1464         1.25
     688.127     0.300000         2196         1.43
     946.687     0.400000         2928         1.67
    1225.727     0.500000         3661         2.00
    1369.087     0.550000         4029         2.22
    1520.639     0.600000         4394         2.50
    1666.047     0.650000         4761         2.86
    1813.503     0.700000         5127         3.33
    2012.159     0.750000         5490         4.00
    2117.631     0.775000         5679         4.44
    2242.559     0.800000         5856         5.00
    2369.535     0.825000         6040         5.71
    2500.607     0.850000         6223         6.67
    2652.159     0.875000         6405         8.00
    2729.983     0.887500         6499         8.89
    2801.663     0.900000         6590        10.00
    2908.159     0.912500         6680        11.43
    3026.943     0.925000         6771        13.33
    3162.111     0.937500         6863        16.00
    3227.647     0.943750         6912        17.78
    3323.903     0.950000         6954        20.00
    3430.399     0.956250         7003        22.86
    3502.079     0.962500         7047        26.67
    3635.199     0.968750         7092        32.00
    3702.783     0.971875         7115        35.56
    3776.511     0.975000         7137        40.00
    3839.999     0.978125         7160        45.71
    3907.583     0.981250         7184        53.33
    3991.551     0.984375         7206        64.00
    4020.223     0.985938         7219        71.11
    4067.327     0.987500         7230        80.00
    4100.095     0.989062         7241        91.43
    4149.247     0.990625         7252       106.67
    4177.919     0.992188         7263       128.00
    4239.359     0.992969         7269       142.22
    4313.087     0.993750         7275       160.00
    4341.759     0.994531         7280       182.86
    4415.487     0.995313         7286       213.33
    4464.639     0.996094         7292       256.00
    4505.599     0.996484         7295       284.44
    4534.271     0.996875         7298       320.00
    4546.559     0.997266         7300       365.71
    4575.231     0.997656         7303       426.67
    4624.383     0.998047         7306       512.00
    4640.767     0.998242         7308       568.89
    4685.823     0.998437         7309       640.00
    4689.919     0.998633         7310       731.43
    4718.591     0.998828         7312       853.33
    4739.071     0.999023         7313      1024.00
    4767.743     0.999121         7314      1137.78
    4796.415     0.999219         7315      1280.00
    4796.415     0.999316         7315      1462.86
    4800.511     0.999414         7316      1706.67
    4812.799     0.999512         7317      2048.00
    4812.799     0.999561         7317      2275.56
    4890.623     0.999609         7318      2560.00
    4890.623     0.999658         7318      2925.71
    4890.623     0.999707         7318      3413.33
    4923.391     0.999756         7319      4096.00
    4923.391     0.999780         7319      4551.11
    4923.391     0.999805         7319      5120.00
    4923.391     0.999829         7319      5851.43
    4923.391     0.999854         7319      6826.67
    5181.439     0.999878         7320      8192.00
    5181.439     1.000000         7320          inf
#[Mean    =     1383.496, StdDeviation   =     1012.177]
#[Max     =     5177.344, Total count    =         7320]
#[Buckets =           27, SubBuckets     =         2048]
----------------------------------------------------------
  7321 requests in 10.00s, 2.53MB read
  Non-2xx or 3xx responses: 7321
Requests/sec:    732.19
Transfer/sec:    258.84KB
Running 10s test @ http://localhost:8080/wrk2-api/review/compose
  1 threads and 100 connections
  Thread Stats   Avg      Stdev     99%   +/- Stdev
    Latency     1.26s   964.02ms   3.70s    63.06%
    Req/Sec       -nan      -nan   0.00      0.00%
  Latency Distribution (HdrHistogram - Recorded Latency)
 50.000%    1.07s 
 75.000%    1.99s 
 90.000%    2.60s 
 99.000%    3.70s 
 99.900%    4.82s 
 99.990%    4.96s 
 99.999%    5.05s 
100.000%    5.05s 

  Detailed Percentile spectrum:
       Value   Percentile   TotalCount 1/(1-Percentile)

       0.215     0.000000            1         1.00
     107.263     0.100000          829         1.11
     309.503     0.200000         1658         1.25
     528.383     0.300000         2489         1.43
     787.967     0.400000         3320         1.67
    1074.175     0.500000         4145         2.00
    1245.183     0.550000         4560         2.22
    1436.671     0.600000         4977         2.50
    1631.231     0.650000         5394         2.86
    1806.335     0.700000         5806         3.33
    1985.535     0.750000         6222         4.00
    2061.311     0.775000         6424         4.44
    2152.447     0.800000         6636         5.00
    2236.415     0.825000         6839         5.71
    2332.671     0.850000         7046         6.67
    2465.791     0.875000         7253         8.00
    2531.327     0.887500         7358         8.89
    2600.959     0.900000         7461        10.00
    2680.831     0.912500         7571        11.43
    2752.511     0.925000         7669        13.33
    2852.863     0.937500         7774        16.00
    2904.063     0.943750         7823        17.78
    2953.215     0.950000         7875        20.00
    3031.039     0.956250         7927        22.86
    3092.479     0.962500         7979        26.67
    3174.399     0.968750         8031        32.00
    3241.983     0.971875         8056        35.56
    3293.183     0.975000         8082        40.00
    3350.527     0.978125         8108        45.71
    3407.871     0.981250         8137        53.33
    3467.263     0.984375         8161        64.00
    3508.223     0.985938         8174        71.11
    3553.279     0.987500         8188        80.00
    3641.343     0.989062         8199        91.43
    3792.895     0.990625         8212       106.67
    3872.767     0.992188         8226       128.00
    3903.487     0.992969         8231       142.22
    3989.503     0.993750         8238       160.00
    4081.663     0.994531         8244       182.86
    4188.159     0.995313         8251       213.33
    4288.511     0.996094         8257       256.00
    4345.855     0.996484         8260       284.44
    4390.911     0.996875         8264       320.00
    4427.775     0.997266         8267       365.71
    4534.271     0.997656         8270       426.67
    4607.999     0.998047         8273       512.00
    4640.767     0.998242         8275       568.89
    4743.167     0.998437         8277       640.00
    4747.263     0.998633         8278       731.43
    4812.799     0.998828         8280       853.33
    4816.895     0.999023         8281      1024.00
    4853.759     0.999121         8282      1137.78
    4911.103     0.999219         8283      1280.00
    4919.295     0.999316         8284      1462.86
    4935.679     0.999414         8285      1706.67
    4935.679     0.999512         8285      2048.00
    4943.871     0.999561         8286      2275.56
    4943.871     0.999609         8286      2560.00
    4952.063     0.999658         8287      2925.71
    4952.063     0.999707         8287      3413.33
    4952.063     0.999756         8287      4096.00
    4964.351     0.999780         8288      4551.11
    4964.351     0.999805         8288      5120.00
    4964.351     0.999829         8288      5851.43
    4964.351     0.999854         8288      6826.67
    4964.351     0.999878         8288      8192.00
    5046.271     0.999890         8289      9102.22
    5046.271     1.000000         8289          inf
#[Mean    =     1255.118, StdDeviation   =      964.023]
#[Max     =     5042.176, Total count    =         8289]
#[Buckets =           27, SubBuckets     =         2048]
----------------------------------------------------------
  8292 requests in 10.00s, 2.86MB read
  Non-2xx or 3xx responses: 8292
Requests/sec:    828.88
Transfer/sec:    293.00KB
Running 10s test @ http://localhost:8080/wrk2-api/review/compose
  1 threads and 100 connections
  Thread Stats   Avg      Stdev     99%   +/- Stdev
    Latency   620.98ms  473.52ms   1.92s    63.98%
    Req/Sec       -nan      -nan   0.00      0.00%
  Latency Distribution (HdrHistogram - Recorded Latency)
 50.000%  569.85ms
 75.000%  922.62ms
 90.000%    1.27s 
 99.000%    1.92s 
 99.900%    2.43s 
 99.990%    2.72s 
 99.999%    2.92s 
100.000%    2.92s 

  Detailed Percentile spectrum:
       Value   Percentile   TotalCount 1/(1-Percentile)

       0.167     0.000000            1         1.00
      24.751     0.100000         1098         1.11
     150.783     0.200000         2197         1.25
     301.567     0.300000         3294         1.43
     441.855     0.400000         4391         1.67
     569.855     0.500000         5493         2.00
     635.391     0.550000         6046         2.22
     698.879     0.600000         6588         2.50
     771.583     0.650000         7139         2.86
     844.799     0.700000         7685         3.33
     922.623     0.750000         8235         4.00
     964.095     0.775000         8510         4.44
    1015.807     0.800000         8787         5.00
    1065.983     0.825000         9062         5.71
    1125.375     0.850000         9333         6.67
    1192.959     0.875000         9607         8.00
    1234.943     0.887500         9745         8.89
    1271.807     0.900000         9882        10.00
    1312.767     0.912500        10017        11.43
    1353.727     0.925000        10154        13.33
    1413.119     0.937500        10293        16.00
    1443.839     0.943750        10360        17.78
    1482.751     0.950000        10429        20.00
    1516.543     0.956250        10498        22.86
    1574.911     0.962500        10566        26.67
    1627.135     0.968750        10635        32.00
    1652.735     0.971875        10669        35.56
    1689.599     0.975000        10703        40.00
    1726.463     0.978125        10738        45.71
    1781.759     0.981250        10773        53.33
    1808.383     0.984375        10807        64.00
    1833.983     0.985938        10823        71.11
    1874.943     0.987500        10840        80.00
    1906.687     0.989062        10857        91.43
    1936.383     0.990625        10875       106.67
    1975.295     0.992188        10892       128.00
    1990.655     0.992969        10900       142.22
    2022.399     0.993750        10909       160.00
    2051.071     0.994531        10917       182.86
    2086.911     0.995313        10926       213.33
    2138.111     0.996094        10935       256.00
    2146.303     0.996484        10940       284.44
    2158.591     0.996875        10943       320.00
    2222.079     0.997266        10947       365.71
    2289.663     0.997656        10952       426.67
    2303.999     0.998047        10956       512.00
    2328.575     0.998242        10959       568.89
    2351.103     0.998437        10960       640.00
    2385.919     0.998633        10962       731.43
    2416.639     0.998828        10965       853.33
    2437.119     0.999023        10967      1024.00
    2553.855     0.999121        10968      1137.78
    2619.391     0.999219        10969      1280.00
    2623.487     0.999316        10970      1462.86
    2656.255     0.999414        10971      1706.67
    2678.783     0.999512        10972      2048.00
    2684.927     0.999561        10973      2275.56
    2684.927     0.999609        10973      2560.00
    2707.455     0.999658        10974      2925.71
    2707.455     0.999707        10974      3413.33
    2717.695     0.999756        10975      4096.00
    2717.695     0.999780        10975      4551.11
    2717.695     0.999805        10975      5120.00
    2723.839     0.999829        10976      5851.43
    2723.839     0.999854        10976      6826.67
    2723.839     0.999878        10976      8192.00
    2723.839     0.999890        10976      9102.22
    2723.839     0.999902        10976     10240.00
    2924.543     0.999915        10977     11702.86
    2924.543     1.000000        10977          inf
#[Mean    =      620.982, StdDeviation   =      473.523]
#[Max     =     2922.496, Total count    =        10977]
#[Buckets =           27, SubBuckets     =         2048]
----------------------------------------------------------
  10981 requests in 10.00s, 3.75MB read
  Non-2xx or 3xx responses: 10981
Requests/sec:   1098.03
Transfer/sec:    383.65KB
Running 10s test @ http://localhost:8080/wrk2-api/review/compose
  1 threads and 100 connections
  Thread Stats   Avg      Stdev     99%   +/- Stdev
    Latency    73.43ms  110.27ms 484.61ms   86.18%
    Req/Sec       -nan      -nan   0.00      0.00%
  Latency Distribution (HdrHistogram - Recorded Latency)
 50.000%   19.55ms
 75.000%  108.99ms
 90.000%  222.21ms
 99.000%  484.61ms
 99.900%  726.02ms
 99.990%    1.16s 
 99.999%    1.18s 
100.000%    1.18s 

  Detailed Percentile spectrum:
       Value   Percentile   TotalCount 1/(1-Percentile)

       0.171     0.000000            1         1.00
       0.464     0.100000         1266         1.11
       0.705     0.200000         2537         1.25
       0.980     0.300000         3798         1.43
       1.854     0.400000         5061         1.67
      19.551     0.500000         6324         2.00
      34.431     0.550000         6957         2.22
      49.503     0.600000         7589         2.50
      66.815     0.650000         8222         2.86
      86.143     0.700000         8857         3.33
     108.991     0.750000         9486         4.00
     122.623     0.775000         9803         4.44
     138.111     0.800000        10119         5.00
     153.727     0.825000        10435         5.71
     174.463     0.850000        10751         6.67
     196.351     0.875000        11067         8.00
     208.511     0.887500        11226         8.89
     222.591     0.900000        11386        10.00
     235.135     0.912500        11544        11.43
     254.207     0.925000        11700        13.33
     276.223     0.937500        11859        16.00
     289.535     0.943750        11937        17.78
     300.799     0.950000        12016        20.00
     316.671     0.956250        12095        22.86
     336.383     0.962500        12175        26.67
     358.911     0.968750        12256        32.00
     368.127     0.971875        12294        35.56
     378.623     0.975000        12332        40.00
     395.775     0.978125        12373        45.71
     411.391     0.981250        12411        53.33
     436.223     0.984375        12452        64.00
     445.439     0.985938        12471        71.11
     458.495     0.987500        12490        80.00
     471.295     0.989062        12510        91.43
     489.983     0.990625        12530       106.67
     508.159     0.992188        12550       128.00
     517.631     0.992969        12560       142.22
     527.871     0.993750        12569       160.00
     542.719     0.994531        12579       182.86
     554.495     0.995313        12589       213.33
     582.655     0.996094        12599       256.00
     587.775     0.996484        12604       284.44
     603.135     0.996875        12609       320.00
     623.103     0.997266        12614       365.71
     643.071     0.997656        12619       426.67
     679.423     0.998047        12624       512.00
     682.495     0.998242        12626       568.89
     691.711     0.998437        12629       640.00
     701.951     0.998633        12631       731.43
     724.991     0.998828        12634       853.33
     732.159     0.999023        12636      1024.00
     755.711     0.999121        12637      1137.78
     784.895     0.999219        12639      1280.00
     791.551     0.999316        12640      1462.86
     808.447     0.999414        12641      1706.67
     838.655     0.999512        12642      2048.00
     841.727     0.999561        12643      2275.56
     876.031     0.999609        12644      2560.00
     876.031     0.999658        12644      2925.71
     889.343     0.999707        12645      3413.33
     889.343     0.999756        12645      4096.00
     950.271     0.999780        12646      4551.11
     950.271     0.999805        12646      5120.00
     950.271     0.999829        12646      5851.43
    1164.287     0.999854        12647      6826.67
    1164.287     0.999878        12647      8192.00
    1164.287     0.999890        12647      9102.22
    1164.287     0.999902        12647     10240.00
    1164.287     0.999915        12647     11702.86
    1184.767     0.999927        12648     13653.33
    1184.767     1.000000        12648          inf
#[Mean    =       73.434, StdDeviation   =      110.267]
#[Max     =     1183.744, Total count    =        12648]
#[Buckets =           27, SubBuckets     =         2048]
----------------------------------------------------------
  12651 requests in 10.00s, 4.31MB read
  Non-2xx or 3xx responses: 12651
Requests/sec:   1264.94
Transfer/sec:    441.00KB
Running 10s test @ http://localhost:8080/wrk2-api/review/compose
  1 threads and 100 connections
  Thread Stats   Avg      Stdev     99%   +/- Stdev
    Latency    89.25ms  126.67ms 558.08ms   86.35%
    Req/Sec       -nan      -nan   0.00      0.00%
  Latency Distribution (HdrHistogram - Recorded Latency)
 50.000%   34.97ms
 75.000%  132.10ms
 90.000%  258.43ms
 99.000%  558.08ms
 99.900%  791.55ms
 99.990%  904.70ms
 99.999%  991.23ms
100.000%  991.23ms

  Detailed Percentile spectrum:
       Value   Percentile   TotalCount 1/(1-Percentile)

       0.170     0.000000            1         1.00
       0.544     0.100000         1365         1.11
       0.827     0.200000         2725         1.25
       1.276     0.300000         4083         1.43
       8.447     0.400000         5441         1.67
      34.975     0.500000         6801         2.00
      49.791     0.550000         7483         2.22
      66.495     0.600000         8164         2.50
      84.671     0.650000         8842         2.86
     105.215     0.700000         9525         3.33
     132.095     0.750000        10206         4.00
     146.175     0.775000        10543         4.44
     163.711     0.800000        10883         5.00
     181.503     0.825000        11223         5.71
     202.623     0.850000        11564         6.67
     228.223     0.875000        11902         8.00
     243.071     0.887500        12072         8.89
     258.431     0.900000        12242        10.00
     278.271     0.912500        12412        11.43
     302.335     0.925000        12583        13.33
     330.495     0.937500        12753        16.00
     347.391     0.943750        12837        17.78
     359.679     0.950000        12924        20.00
     377.599     0.956250        13008        22.86
     398.591     0.962500        13092        26.67
     420.095     0.968750        13177        32.00
     434.687     0.971875        13220        35.56
     449.023     0.975000        13263        40.00
     468.991     0.978125        13305        45.71
     487.935     0.981250        13347        53.33
     510.463     0.984375        13391        64.00
     519.935     0.985938        13412        71.11
     533.503     0.987500        13432        80.00
     547.839     0.989062        13454        91.43
     562.175     0.990625        13475       106.67
     594.943     0.992188        13497       128.00
     601.087     0.992969        13507       142.22
     610.303     0.993750        13518       160.00
     619.007     0.994531        13528       182.86
     635.903     0.995313        13539       213.33
     666.623     0.996094        13549       256.00
     682.495     0.996484        13555       284.44
     693.759     0.996875        13560       320.00
     699.903     0.997266        13565       365.71
     711.679     0.997656        13571       426.67
     723.967     0.998047        13576       512.00
     727.551     0.998242        13579       568.89
     732.671     0.998437        13581       640.00
     759.295     0.998633        13584       731.43
     774.655     0.998828        13587       853.33
     799.743     0.999023        13589      1024.00
     804.863     0.999121        13591      1137.78
     809.983     0.999219        13592      1280.00
     821.759     0.999316        13594      1462.86
     822.271     0.999414        13595      1706.67
     830.463     0.999512        13596      2048.00
     833.023     0.999561        13597      2275.56
     833.023     0.999609        13597      2560.00
     845.311     0.999658        13598      2925.71
     865.279     0.999707        13599      3413.33
     865.279     0.999756        13599      4096.00
     871.935     0.999780        13600      4551.11
     871.935     0.999805        13600      5120.00
     871.935     0.999829        13600      5851.43
     904.703     0.999854        13601      6826.67
     904.703     0.999878        13601      8192.00
     904.703     0.999890        13601      9102.22
     904.703     0.999902        13601     10240.00
     904.703     0.999915        13601     11702.86
     991.231     0.999927        13602     13653.33
     991.231     1.000000        13602          inf
#[Mean    =       89.255, StdDeviation   =      126.667]
#[Max     =      990.720, Total count    =        13602]
#[Buckets =           27, SubBuckets     =         2048]
----------------------------------------------------------
  13603 requests in 10.00s, 4.63MB read
  Non-2xx or 3xx responses: 13603
Requests/sec:   1360.36
Transfer/sec:    474.26KB
Running 10s test @ http://localhost:8080/wrk2-api/review/compose
  1 threads and 100 connections
  Thread Stats   Avg      Stdev     99%   +/- Stdev
    Latency   102.89ms  125.71ms 534.02ms   84.88%
    Req/Sec       -nan      -nan   0.00      0.00%
  Latency Distribution (HdrHistogram - Recorded Latency)
 50.000%   57.50ms
 75.000%  161.54ms
 90.000%  277.76ms
 99.000%  534.02ms
 99.900%  744.96ms
 99.990%  819.20ms
 99.999%  848.38ms
100.000%  848.38ms

  Detailed Percentile spectrum:
       Value   Percentile   TotalCount 1/(1-Percentile)

       0.179     0.000000            1         1.00
       0.664     0.100000         1461         1.11
       1.149     0.200000         2918         1.25
       3.273     0.300000         4371         1.43
      26.639     0.400000         5827         1.67
      57.503     0.500000         7286         2.00
      74.175     0.550000         8012         2.22
      92.031     0.600000         8741         2.50
     112.319     0.650000         9469         2.86
     134.655     0.700000        10197         3.33
     161.535     0.750000        10927         4.00
     176.255     0.775000        11291         4.44
     192.511     0.800000        11656         5.00
     209.279     0.825000        12018         5.71
     229.887     0.850000        12383         6.67
     250.879     0.875000        12749         8.00
     263.167     0.887500        12932         8.89
     278.015     0.900000        13113        10.00
     293.119     0.912500        13293        11.43
     309.759     0.925000        13476        13.33
     334.079     0.937500        13660        16.00
     346.367     0.943750        13749        17.78
     359.935     0.950000        13841        20.00
     376.319     0.956250        13931        22.86
     396.031     0.962500        14022        26.67
     416.255     0.968750        14112        32.00
     427.519     0.971875        14159        35.56
     439.039     0.975000        14205        40.00
     453.375     0.978125        14249        45.71
     472.319     0.981250        14294        53.33
     491.519     0.984375        14340        64.00
     501.503     0.985938        14363        71.11
     516.095     0.987500        14385        80.00
     525.823     0.989062        14411        91.43
     540.159     0.990625        14431       106.67
     559.615     0.992188        14454       128.00
     566.783     0.992969        14465       142.22
     575.999     0.993750        14476       160.00
     588.287     0.994531        14488       182.86
     608.767     0.995313        14499       213.33
     623.615     0.996094        14511       256.00
     629.759     0.996484        14516       284.44
     635.903     0.996875        14522       320.00
     646.655     0.997266        14528       365.71
     669.183     0.997656        14533       426.67
     690.175     0.998047        14542       512.00
     690.175     0.998242        14542       568.89
     697.855     0.998437        14545       640.00
     712.191     0.998633        14548       731.43
     722.943     0.998828        14550       853.33
     746.495     0.999023        14553      1024.00
     748.543     0.999121        14555      1137.78
     753.151     0.999219        14557      1280.00
     768.511     0.999316        14558      1462.86
     769.535     0.999414        14559      1706.67
     771.583     0.999512        14560      2048.00
     776.703     0.999561        14561      2275.56
     787.455     0.999609        14562      2560.00
     794.111     0.999658        14563      2925.71
     794.111     0.999707        14563      3413.33
     811.007     0.999756        14564      4096.00
     811.007     0.999780        14564      4551.11
     814.079     0.999805        14565      5120.00
     814.079     0.999829        14565      5851.43
     814.079     0.999854        14565      6826.67
     819.199     0.999878        14566      8192.00
     819.199     0.999890        14566      9102.22
     819.199     0.999902        14566     10240.00
     819.199     0.999915        14566     11702.86
     819.199     0.999927        14566     13653.33
     848.383     0.999939        14567     16384.00
     848.383     1.000000        14567          inf
#[Mean    =      102.888, StdDeviation   =      125.714]
#[Max     =      847.872, Total count    =        14567]
#[Buckets =           27, SubBuckets     =         2048]
----------------------------------------------------------
  14569 requests in 10.00s, 4.96MB read
  Non-2xx or 3xx responses: 14569
Requests/sec:   1457.01
Transfer/sec:    507.96KB
