Running 10s test @ http://localhost:8080/wrk2-api/review/compose
  1 threads and 100 connections
  Thread Stats   Avg      Stdev     99%   +/- Stdev
    Latency     5.82ms    3.16ms  16.14ms   92.20%
    Req/Sec       -nan      -nan   0.00      0.00%
  Latency Distribution (HdrHistogram - Recorded Latency)
 50.000%    4.93ms
 75.000%    6.32ms
 90.000%    8.49ms
 99.000%   16.14ms
 99.900%   38.24ms
 99.990%   49.28ms
 99.999%   49.28ms
100.000%   49.28ms

  Detailed Percentile spectrum:
       Value   Percentile   TotalCount 1/(1-Percentile)

       3.105     0.000000            1         1.00
       3.833     0.100000          201         1.11
       4.131     0.200000          399         1.25
       4.379     0.300000          596         1.43
       4.651     0.400000          796         1.67
       4.931     0.500000          995         2.00
       5.111     0.550000         1093         2.22
       5.323     0.600000         1194         2.50
       5.587     0.650000         1293         2.86
       5.915     0.700000         1392         3.33
       6.319     0.750000         1491         4.00
       6.623     0.775000         1540         4.44
       6.907     0.800000         1590         5.00
       7.231     0.825000         1639         5.71
       7.591     0.850000         1689         6.67
       7.915     0.875000         1738         8.00
       8.187     0.887500         1763         8.89
       8.495     0.900000         1789        10.00
       8.759     0.912500         1813        11.43
       9.103     0.925000         1838        13.33
       9.711     0.937500         1862        16.00
      10.015     0.943750         1875        17.78
      10.399     0.950000         1887        20.00
      10.735     0.956250         1900        22.86
      11.119     0.962500         1912        26.67
      11.807     0.968750         1924        32.00
      12.479     0.971875         1931        35.56
      12.943     0.975000         1937        40.00
      13.407     0.978125         1943        45.71
      13.631     0.981250         1949        53.33
      14.135     0.984375         1955        64.00
      15.119     0.985938         1959        71.11
      15.255     0.987500         1962        80.00
      15.823     0.989062         1965        91.43
      18.975     0.990625         1968       106.67
      20.527     0.992188         1971       128.00
      22.623     0.992969         1973       142.22
      22.799     0.993750         1974       160.00
      26.255     0.994531         1976       182.86
      26.271     0.995313         1977       213.33
      28.047     0.996094         1979       256.00
      31.343     0.996484         1980       284.44
      31.343     0.996875         1980       320.00
      31.359     0.997266         1981       365.71
      33.983     0.997656         1982       426.67
      35.135     0.998047         1983       512.00
      35.135     0.998242         1983       568.89
      35.135     0.998437         1983       640.00
      38.239     0.998633         1984       731.43
      38.239     0.998828         1984       853.33
      47.519     0.999023         1985      1024.00
      47.519     0.999121         1985      1137.78
      47.519     0.999219         1985      1280.00
      47.519     0.999316         1985      1462.86
      47.519     0.999414         1985      1706.67
      49.279     0.999512         1986      2048.00
      49.279     1.000000         1986          inf
#[Mean    =        5.823, StdDeviation   =        3.163]
#[Max     =       49.248, Total count    =         1986]
#[Buckets =           27, SubBuckets     =         2048]
----------------------------------------------------------
  1987 requests in 10.00s, 702.44KB read
  Socket errors: connect 0, read 0, write 0, timeout 5
  Non-2xx or 3xx responses: 1987
Requests/sec:    198.70
Transfer/sec:     70.24KB
Running 10s test @ http://localhost:8080/wrk2-api/review/compose
  1 threads and 100 connections
  Thread Stats   Avg      Stdev     99%   +/- Stdev
    Latency     5.75ms    2.49ms  16.07ms   87.58%
    Req/Sec       -nan      -nan   0.00      0.00%
  Latency Distribution (HdrHistogram - Recorded Latency)
 50.000%    4.92ms
 75.000%    6.57ms
 90.000%    8.68ms
 99.000%   16.07ms
 99.900%   21.55ms
 99.990%   24.58ms
 99.999%   24.58ms
100.000%   24.58ms

  Detailed Percentile spectrum:
       Value   Percentile   TotalCount 1/(1-Percentile)

       2.975     0.000000            1         1.00
       3.727     0.100000          299         1.11
       3.997     0.200000          598         1.25
       4.283     0.300000          895         1.43
       4.579     0.400000         1197         1.67
       4.923     0.500000         1491         2.00
       5.151     0.550000         1642         2.22
       5.411     0.600000         1787         2.50
       5.719     0.650000         1937         2.86
       6.079     0.700000         2088         3.33
       6.571     0.750000         2234         4.00
       6.843     0.775000         2309         4.44
       7.119     0.800000         2383         5.00
       7.383     0.825000         2457         5.71
       7.679     0.850000         2533         6.67
       8.115     0.875000         2606         8.00
       8.375     0.887500         2643         8.89
       8.695     0.900000         2682        10.00
       9.007     0.912500         2718        11.43
       9.423     0.925000         2757        13.33
       9.975     0.937500         2794        16.00
      10.327     0.943750         2812        17.78
      10.519     0.950000         2830        20.00
      10.967     0.956250         2848        22.86
      11.399     0.962500         2868        26.67
      11.967     0.968750         2885        32.00
      12.263     0.971875         2895        35.56
      12.495     0.975000         2905        40.00
      12.743     0.978125         2913        45.71
      13.527     0.981250         2923        53.33
      14.039     0.984375         2932        64.00
      14.471     0.985938         2937        71.11
      15.287     0.987500         2941        80.00
      15.647     0.989062         2946        91.43
      16.255     0.990625         2951       106.67
      16.343     0.992188         2955       128.00
      16.751     0.992969         2958       142.22
      17.327     0.993750         2960       160.00
      17.759     0.994531         2962       182.86
      18.271     0.995313         2965       213.33
      19.295     0.996094         2967       256.00
      19.487     0.996484         2968       284.44
      19.695     0.996875         2969       320.00
      19.871     0.997266         2970       365.71
      20.799     0.997656         2972       426.67
      20.863     0.998047         2973       512.00
      20.863     0.998242         2973       568.89
      21.071     0.998437         2974       640.00
      21.071     0.998633         2974       731.43
      21.551     0.998828         2975       853.33
      22.111     0.999023         2976      1024.00
      22.111     0.999121         2976      1137.78
      22.111     0.999219         2976      1280.00
      22.111     0.999316         2976      1462.86
      24.111     0.999414         2977      1706.67
      24.111     0.999512         2977      2048.00
      24.111     0.999561         2977      2275.56
      24.111     0.999609         2977      2560.00
      24.111     0.999658         2977      2925.71
      24.575     0.999707         2978      3413.33
      24.575     1.000000         2978          inf
#[Mean    =        5.747, StdDeviation   =        2.489]
#[Max     =       24.560, Total count    =         2978]
#[Buckets =           27, SubBuckets     =         2048]
----------------------------------------------------------
  2979 requests in 10.00s, 1.03MB read
  Socket errors: connect 0, read 0, write 0, timeout 1
  Non-2xx or 3xx responses: 2979
Requests/sec:    297.93
Transfer/sec:    105.32KB
Running 10s test @ http://localhost:8080/wrk2-api/review/compose
  1 threads and 100 connections
  Thread Stats   Avg      Stdev     99%   +/- Stdev
    Latency     6.86ms    3.30ms  18.88ms   84.53%
    Req/Sec       -nan      -nan   0.00      0.00%
  Latency Distribution (HdrHistogram - Recorded Latency)
 50.000%    5.81ms
 75.000%    8.07ms
 90.000%   11.11ms
 99.000%   18.88ms
 99.900%   23.73ms
 99.990%   26.42ms
 99.999%   26.42ms
100.000%   26.42ms

  Detailed Percentile spectrum:
       Value   Percentile   TotalCount 1/(1-Percentile)

       3.057     0.000000            1         1.00
       3.953     0.100000          397         1.11
       4.347     0.200000          794         1.25
       4.747     0.300000         1193         1.43
       5.219     0.400000         1590         1.67
       5.807     0.500000         1986         2.00
       6.171     0.550000         2185         2.22
       6.579     0.600000         2386         2.50
       6.939     0.650000         2580         2.86
       7.479     0.700000         2781         3.33
       8.075     0.750000         2978         4.00
       8.431     0.775000         3078         4.44
       8.855     0.800000         3178         5.00
       9.319     0.825000         3275         5.71
       9.775     0.850000         3374         6.67
      10.375     0.875000         3473         8.00
      10.679     0.887500         3525         8.89
      11.119     0.900000         3574        10.00
      11.671     0.912500         3623        11.43
      12.079     0.925000         3672        13.33
      12.727     0.937500         3721        16.00
      13.207     0.943750         3746        17.78
      13.615     0.950000         3771        20.00
      14.143     0.956250         3797        22.86
      14.847     0.962500         3821        26.67
      15.383     0.968750         3845        32.00
      15.887     0.971875         3858        35.56
      16.399     0.975000         3870        40.00
      16.911     0.978125         3883        45.71
      17.311     0.981250         3895        53.33
      17.631     0.984375         3907        64.00
      17.887     0.985938         3914        71.11
      18.191     0.987500         3920        80.00
      18.751     0.989062         3926        91.43
      19.039     0.990625         3932       106.67
      19.391     0.992188         3938       128.00
      19.583     0.992969         3942       142.22
      19.999     0.993750         3945       160.00
      20.863     0.994531         3948       182.86
      21.311     0.995313         3951       213.33
      21.807     0.996094         3954       256.00
      22.239     0.996484         3956       284.44
      22.415     0.996875         3957       320.00
      22.575     0.997266         3959       365.71
      22.671     0.997656         3960       426.67
      23.087     0.998047         3962       512.00
      23.167     0.998242         3963       568.89
      23.167     0.998437         3963       640.00
      23.647     0.998633         3964       731.43
      23.727     0.998828         3966       853.33
      23.727     0.999023         3966      1024.00
      23.727     0.999121         3966      1137.78
      23.727     0.999219         3966      1280.00
      23.743     0.999316         3967      1462.86
      23.743     0.999414         3967      1706.67
      25.279     0.999512         3968      2048.00
      25.279     0.999561         3968      2275.56
      25.279     0.999609         3968      2560.00
      25.279     0.999658         3968      2925.71
      25.279     0.999707         3968      3413.33
      26.415     0.999756         3969      4096.00
      26.415     1.000000         3969          inf
#[Mean    =        6.855, StdDeviation   =        3.298]
#[Max     =       26.400, Total count    =         3969]
#[Buckets =           27, SubBuckets     =         2048]
----------------------------------------------------------
  3970 requests in 10.00s, 1.37MB read
  Non-2xx or 3xx responses: 3970
Requests/sec:    397.00
Transfer/sec:    140.35KB
Running 10s test @ http://localhost:8080/wrk2-api/review/compose
  1 threads and 100 connections
  Thread Stats   Avg      Stdev     99%   +/- Stdev
    Latency     7.95ms    4.48ms  24.38ms   86.89%
    Req/Sec       -nan      -nan   0.00      0.00%
  Latency Distribution (HdrHistogram - Recorded Latency)
 50.000%    6.60ms
 75.000%    9.40ms
 90.000%   13.49ms
 99.000%   24.38ms
 99.900%   38.69ms
 99.990%   49.82ms
 99.999%   49.82ms
100.000%   49.82ms

  Detailed Percentile spectrum:
       Value   Percentile   TotalCount 1/(1-Percentile)

       3.037     0.000000            1         1.00
       4.183     0.100000          495         1.11
       4.691     0.200000          992         1.25
       5.191     0.300000         1485         1.43
       5.863     0.400000         1982         1.67
       6.603     0.500000         2477         2.00
       7.055     0.550000         2723         2.22
       7.531     0.600000         2973         2.50
       8.047     0.650000         3219         2.86
       8.663     0.700000         3466         3.33
       9.399     0.750000         3713         4.00
       9.863     0.775000         3836         4.44
      10.367     0.800000         3960         5.00
      10.991     0.825000         4084         5.71
      11.655     0.850000         4208         6.67
      12.431     0.875000         4332         8.00
      12.975     0.887500         4393         8.89
      13.503     0.900000         4455        10.00
      13.951     0.912500         4516        11.43
      14.535     0.925000         4578        13.33
      15.327     0.937500         4641        16.00
      15.927     0.943750         4671        17.78
      16.543     0.950000         4703        20.00
      17.119     0.956250         4733        22.86
      17.759     0.962500         4764        26.67
      18.767     0.968750         4795        32.00
      19.215     0.971875         4810        35.56
      20.223     0.975000         4826        40.00
      20.847     0.978125         4841        45.71
      21.407     0.981250         4858        53.33
      22.015     0.984375         4872        64.00
      22.511     0.985938         4880        71.11
      23.151     0.987500         4888        80.00
      23.999     0.989062         4895        91.43
      24.911     0.990625         4903       106.67
      25.887     0.992188         4911       128.00
      26.975     0.992969         4915       142.22
      27.743     0.993750         4919       160.00
      28.703     0.994531         4922       182.86
      29.935     0.995313         4926       213.33
      30.655     0.996094         4930       256.00
      31.695     0.996484         4932       284.44
      33.375     0.996875         4934       320.00
      33.887     0.997266         4936       365.71
      37.471     0.997656         4938       426.67
      37.599     0.998047         4940       512.00
      37.887     0.998242         4941       568.89
      38.143     0.998437         4942       640.00
      38.175     0.998633         4943       731.43
      38.687     0.998828         4944       853.33
      39.135     0.999023         4945      1024.00
      39.135     0.999121         4945      1137.78
      41.055     0.999219         4946      1280.00
      41.055     0.999316         4946      1462.86
      42.431     0.999414         4947      1706.67
      42.431     0.999512         4947      2048.00
      42.431     0.999561         4947      2275.56
      43.455     0.999609         4948      2560.00
      43.455     0.999658         4948      2925.71
      43.455     0.999707         4948      3413.33
      43.455     0.999756         4948      4096.00
      43.455     0.999780         4948      4551.11
      49.823     0.999805         4949      5120.00
      49.823     1.000000         4949          inf
#[Mean    =        7.955, StdDeviation   =        4.481]
#[Max     =       49.792, Total count    =         4949]
#[Buckets =           27, SubBuckets     =         2048]
----------------------------------------------------------
  4950 requests in 10.00s, 1.71MB read
  Non-2xx or 3xx responses: 4950
Requests/sec:    494.97
Transfer/sec:    174.98KB
Running 10s test @ http://localhost:8080/wrk2-api/review/compose
  1 threads and 100 connections
  Thread Stats   Avg      Stdev     99%   +/- Stdev
    Latency    10.14ms    6.35ms  34.46ms   86.96%
    Req/Sec       -nan      -nan   0.00      0.00%
  Latency Distribution (HdrHistogram - Recorded Latency)
 50.000%    8.32ms
 75.000%   12.39ms
 90.000%   17.66ms
 99.000%   34.46ms
 99.900%   57.38ms
 99.990%   75.90ms
 99.999%   83.33ms
100.000%   83.33ms

  Detailed Percentile spectrum:
       Value   Percentile   TotalCount 1/(1-Percentile)

       3.119     0.000000            1         1.00
       4.727     0.100000          597         1.11
       5.507     0.200000         1190         1.25
       6.339     0.300000         1785         1.43
       7.291     0.400000         2378         1.67
       8.319     0.500000         2974         2.00
       8.895     0.550000         3276         2.22
       9.583     0.600000         3569         2.50
      10.351     0.650000         3865         2.86
      11.311     0.700000         4161         3.33
      12.391     0.750000         4459         4.00
      12.935     0.775000         4608         4.44
      13.575     0.800000         4756         5.00
      14.311     0.825000         4906         5.71
      15.223     0.850000         5054         6.67
      16.319     0.875000         5201         8.00
      16.863     0.887500         5277         8.89
      17.663     0.900000         5350        10.00
      18.527     0.912500         5424        11.43
      19.391     0.925000         5499        13.33
      20.591     0.937500         5573        16.00
      21.327     0.943750         5611        17.78
      21.791     0.950000         5647        20.00
      22.751     0.956250         5684        22.86
      23.967     0.962500         5722        26.67
      25.183     0.968750         5759        32.00
      25.599     0.971875         5777        35.56
      26.319     0.975000         5796        40.00
      27.167     0.978125         5814        45.71
      28.303     0.981250         5833        53.33
      30.639     0.984375         5852        64.00
      31.103     0.985938         5861        71.11
      31.599     0.987500         5870        80.00
      32.607     0.989062         5879        91.43
      34.655     0.990625         5889       106.67
      36.063     0.992188         5898       128.00
      36.703     0.992969         5904       142.22
      37.247     0.993750         5907       160.00
      38.047     0.994531         5912       182.86
      39.455     0.995313         5917       213.33
      41.023     0.996094         5921       256.00
      42.431     0.996484         5924       284.44
      43.583     0.996875         5926       320.00
      45.439     0.997266         5928       365.71
      46.719     0.997656         5931       426.67
      51.583     0.998047         5933       512.00
      51.679     0.998242         5934       568.89
      52.895     0.998437         5935       640.00
      53.535     0.998633         5936       731.43
      57.375     0.998828         5938       853.33
      64.991     0.999023         5939      1024.00
      64.991     0.999121         5939      1137.78
      66.431     0.999219         5940      1280.00
      66.431     0.999316         5940      1462.86
      67.711     0.999414         5941      1706.67
      69.823     0.999512         5942      2048.00
      69.823     0.999561         5942      2275.56
      69.823     0.999609         5942      2560.00
      69.823     0.999658         5942      2925.71
      75.903     0.999707         5943      3413.33
      75.903     0.999756         5943      4096.00
      75.903     0.999780         5943      4551.11
      75.903     0.999805         5943      5120.00
      75.903     0.999829         5943      5851.43
      83.327     0.999854         5944      6826.67
      83.327     1.000000         5944          inf
#[Mean    =       10.145, StdDeviation   =        6.351]
#[Max     =       83.264, Total count    =         5944]
#[Buckets =           27, SubBuckets     =         2048]
----------------------------------------------------------
  5945 requests in 10.00s, 2.05MB read
  Non-2xx or 3xx responses: 5945
Requests/sec:    594.55
Transfer/sec:    210.18KB
Running 10s test @ http://localhost:8080/wrk2-api/review/compose
  1 threads and 100 connections
  Thread Stats   Avg      Stdev     99%   +/- Stdev
    Latency    12.60ms    7.23ms  37.63ms   76.10%
    Req/Sec       -nan      -nan   0.00      0.00%
  Latency Distribution (HdrHistogram - Recorded Latency)
 50.000%   10.71ms
 75.000%   15.96ms
 90.000%   22.24ms
 99.000%   37.63ms
 99.900%   48.96ms
 99.990%   58.78ms
 99.999%   62.75ms
100.000%   62.75ms

  Detailed Percentile spectrum:
       Value   Percentile   TotalCount 1/(1-Percentile)

       3.419     0.000000            1         1.00
       5.463     0.100000          692         1.11
       6.711     0.200000         1384         1.25
       7.899     0.300000         2076         1.43
       9.223     0.400000         2773         1.67
      10.711     0.500000         3458         2.00
      11.599     0.550000         3804         2.22
      12.447     0.600000         4148         2.50
      13.431     0.650000         4498         2.86
      14.543     0.700000         4841         3.33
      15.959     0.750000         5185         4.00
      16.751     0.775000         5359         4.44
      17.615     0.800000         5533         5.00
      18.415     0.825000         5704         5.71
      19.631     0.850000         5878         6.67
      20.879     0.875000         6051         8.00
      21.551     0.887500         6136         8.89
      22.239     0.900000         6222        10.00
      23.055     0.912500         6311        11.43
      23.967     0.925000         6395        13.33
      25.055     0.937500         6481        16.00
      25.727     0.943750         6525        17.78
      26.527     0.950000         6568        20.00
      27.631     0.956250         6612        22.86
      28.575     0.962500         6654        26.67
      29.903     0.968750         6697        32.00
      30.479     0.971875         6719        35.56
      31.631     0.975000         6742        40.00
      32.719     0.978125         6762        45.71
      33.855     0.981250         6784        53.33
      34.719     0.984375         6805        64.00
      35.711     0.985938         6816        71.11
      36.255     0.987500         6827        80.00
      37.023     0.989062         6838        91.43
      37.919     0.990625         6850       106.67
      38.815     0.992188         6859       128.00
      39.231     0.992969         6865       142.22
      40.095     0.993750         6870       160.00
      41.215     0.994531         6876       182.86
      42.207     0.995313         6881       213.33
      43.103     0.996094         6886       256.00
      43.711     0.996484         6889       284.44
      44.479     0.996875         6892       320.00
      45.951     0.997266         6895       365.71
      46.367     0.997656         6897       426.67
      47.103     0.998047         6900       512.00
      47.167     0.998242         6901       568.89
      47.583     0.998437         6903       640.00
      47.999     0.998633         6904       731.43
      48.479     0.998828         6905       853.33
      49.023     0.999023         6907      1024.00
      49.023     0.999121         6907      1137.78
      49.887     0.999219         6908      1280.00
      50.495     0.999316         6909      1462.86
      50.495     0.999414         6909      1706.67
      58.303     0.999512         6910      2048.00
      58.303     0.999561         6910      2275.56
      58.431     0.999609         6911      2560.00
      58.431     0.999658         6911      2925.71
      58.431     0.999707         6911      3413.33
      58.783     0.999756         6912      4096.00
      58.783     0.999780         6912      4551.11
      58.783     0.999805         6912      5120.00
      58.783     0.999829         6912      5851.43
      58.783     0.999854         6912      6826.67
      62.751     0.999878         6913      8192.00
      62.751     1.000000         6913          inf
#[Mean    =       12.604, StdDeviation   =        7.233]
#[Max     =       62.720, Total count    =         6913]
#[Buckets =           27, SubBuckets     =         2048]
----------------------------------------------------------
  6914 requests in 10.00s, 2.39MB read
  Non-2xx or 3xx responses: 6914
Requests/sec:    691.47
Transfer/sec:    244.45KB
Running 10s test @ http://localhost:8080/wrk2-api/review/compose
  1 threads and 100 connections
  Thread Stats   Avg      Stdev     99%   +/- Stdev
    Latency    17.56ms   11.12ms  57.53ms   77.97%
    Req/Sec       -nan      -nan   0.00      0.00%
  Latency Distribution (HdrHistogram - Recorded Latency)
 50.000%   14.85ms
 75.000%   21.97ms
 90.000%   31.61ms
 99.000%   57.53ms
 99.900%   79.81ms
 99.990%  104.00ms
 99.999%  116.93ms
100.000%  116.93ms

  Detailed Percentile spectrum:
       Value   Percentile   TotalCount 1/(1-Percentile)

       3.211     0.000000            1         1.00
       6.767     0.100000          792         1.11
       8.743     0.200000         1585         1.25
      10.711     0.300000         2377         1.43
      12.775     0.400000         3168         1.67
      14.847     0.500000         3959         2.00
      16.087     0.550000         4354         2.22
      17.311     0.600000         4751         2.50
      18.607     0.650000         5147         2.86
      20.223     0.700000         5543         3.33
      21.967     0.750000         5937         4.00
      23.135     0.775000         6137         4.44
      24.351     0.800000         6332         5.00
      25.839     0.825000         6530         5.71
      27.471     0.850000         6728         6.67
      29.423     0.875000         6929         8.00
      30.559     0.887500         7025         8.89
      31.615     0.900000         7125        10.00
      32.959     0.912500         7223        11.43
      34.367     0.925000         7324        13.33
      36.703     0.937500         7421        16.00
      37.791     0.943750         7470        17.78
      38.815     0.950000         7523        20.00
      40.031     0.956250         7572        22.86
      41.887     0.962500         7619        26.67
      44.095     0.968750         7668        32.00
      45.631     0.971875         7693        35.56
      46.783     0.975000         7718        40.00
      48.799     0.978125         7743        45.71
      50.623     0.981250         7767        53.33
      53.023     0.984375         7792        64.00
      53.919     0.985938         7804        71.11
      55.455     0.987500         7817        80.00
      56.735     0.989062         7829        91.43
      57.951     0.990625         7841       106.67
      59.807     0.992188         7854       128.00
      61.151     0.992969         7860       142.22
      62.335     0.993750         7866       160.00
      64.191     0.994531         7872       182.86
      66.687     0.995313         7878       213.33
      67.839     0.996094         7885       256.00
      69.119     0.996484         7888       284.44
      70.335     0.996875         7891       320.00
      71.231     0.997266         7894       365.71
      74.303     0.997656         7897       426.67
      76.223     0.998047         7900       512.00
      77.119     0.998242         7902       568.89
      78.079     0.998437         7903       640.00
      78.271     0.998633         7905       731.43
      78.783     0.998828         7906       853.33
      80.319     0.999023         7908      1024.00
      81.151     0.999121         7909      1137.78
      81.151     0.999219         7909      1280.00
      85.183     0.999316         7910      1462.86
      87.551     0.999414         7912      1706.67
      87.551     0.999512         7912      2048.00
      87.551     0.999561         7912      2275.56
      87.551     0.999609         7912      2560.00
     102.271     0.999658         7913      2925.71
     102.271     0.999707         7913      3413.33
     103.999     0.999756         7914      4096.00
     103.999     0.999780         7914      4551.11
     103.999     0.999805         7914      5120.00
     103.999     0.999829         7914      5851.43
     103.999     0.999854         7914      6826.67
     116.927     0.999878         7915      8192.00
     116.927     1.000000         7915          inf
#[Mean    =       17.562, StdDeviation   =       11.117]
#[Max     =      116.864, Total count    =         7915]
#[Buckets =           27, SubBuckets     =         2048]
----------------------------------------------------------
  7917 requests in 10.00s, 2.73MB read
  Non-2xx or 3xx responses: 7917
Requests/sec:    791.78
Transfer/sec:    279.91KB
Running 10s test @ http://localhost:8080/wrk2-api/review/compose
  1 threads and 100 connections
  Thread Stats   Avg      Stdev     99%   +/- Stdev
    Latency    33.90ms   55.93ms 272.89ms   92.37%
    Req/Sec       -nan      -nan   0.00      0.00%
  Latency Distribution (HdrHistogram - Recorded Latency)
 50.000%   19.77ms
 75.000%   37.73ms
 90.000%   75.52ms
 99.000%  272.89ms
 99.900%  594.43ms
 99.990%  964.61ms
 99.999%  972.80ms
100.000%  972.80ms

  Detailed Percentile spectrum:
       Value   Percentile   TotalCount 1/(1-Percentile)

       0.170     0.000000            1         1.00
       0.492     0.100000          894         1.11
       0.952     0.200000         1778         1.25
       9.079     0.300000         2667         1.43
      15.071     0.400000         3556         1.67
      19.775     0.500000         4444         2.00
      22.431     0.550000         4892         2.22
      24.959     0.600000         5333         2.50
      28.079     0.650000         5778         2.86
      32.463     0.700000         6222         3.33
      37.727     0.750000         6668         4.00
      40.991     0.775000         6890         4.44
      45.247     0.800000         7114         5.00
      50.111     0.825000         7333         5.71
      56.575     0.850000         7555         6.67
      64.799     0.875000         7778         8.00
      69.887     0.887500         7890         8.89
      75.711     0.900000         8001        10.00
      82.687     0.912500         8112        11.43
      90.431     0.925000         8222        13.33
     103.487     0.937500         8334        16.00
     110.655     0.943750         8389        17.78
     119.743     0.950000         8444        20.00
     129.983     0.956250         8500        22.86
     146.687     0.962500         8555        26.67
     160.767     0.968750         8611        32.00
     171.391     0.971875         8640        35.56
     181.887     0.975000         8666        40.00
     196.479     0.978125         8694        45.71
     211.583     0.981250         8723        53.33
     228.479     0.984375         8750        64.00
     236.543     0.985938         8764        71.11
     253.439     0.987500         8777        80.00
     266.239     0.989062         8791        91.43
     287.231     0.990625         8805       106.67
     308.479     0.992188         8819       128.00
     322.815     0.992969         8826       142.22
     338.431     0.993750         8833       160.00
     358.143     0.994531         8840       182.86
     378.111     0.995313         8847       213.33
     405.247     0.996094         8854       256.00
     427.519     0.996484         8857       284.44
     444.927     0.996875         8861       320.00
     446.975     0.997266         8864       365.71
     470.271     0.997656         8868       426.67
     483.327     0.998047         8871       512.00
     488.191     0.998242         8873       568.89
     536.575     0.998437         8875       640.00
     544.255     0.998633         8876       731.43
     571.903     0.998828         8878       853.33
     596.479     0.999023         8880      1024.00
     597.503     0.999121         8881      1137.78
     609.791     0.999219         8882      1280.00
     609.791     0.999316         8882      1462.86
     614.399     0.999414         8883      1706.67
     631.295     0.999512         8884      2048.00
     685.055     0.999561         8885      2275.56
     685.055     0.999609         8885      2560.00
     685.055     0.999658         8885      2925.71
     812.543     0.999707         8886      3413.33
     812.543     0.999756         8886      4096.00
     964.607     0.999780         8887      4551.11
     964.607     0.999805         8887      5120.00
     964.607     0.999829         8887      5851.43
     964.607     0.999854         8887      6826.67
     964.607     0.999878         8887      8192.00
     972.799     0.999890         8888      9102.22
     972.799     1.000000         8888          inf
#[Mean    =       33.900, StdDeviation   =       55.930]
#[Max     =      972.288, Total count    =         8888]
#[Buckets =           27, SubBuckets     =         2048]
----------------------------------------------------------
  8889 requests in 10.00s, 3.06MB read
  Non-2xx or 3xx responses: 8889
Requests/sec:    888.95
Transfer/sec:    313.00KB
Running 10s test @ http://localhost:8080/wrk2-api/review/compose
  1 threads and 100 connections
  Thread Stats   Avg      Stdev     99%   +/- Stdev
    Latency    58.23ms  114.13ms 529.92ms   88.19%
    Req/Sec       -nan      -nan   0.00      0.00%
  Latency Distribution (HdrHistogram - Recorded Latency)
 50.000%    1.12ms
 75.000%   70.33ms
 90.000%  194.18ms
 99.000%  529.92ms
 99.900%  910.85ms
 99.990%    1.17s 
 99.999%    1.38s 
100.000%    1.38s 

  Detailed Percentile spectrum:
       Value   Percentile   TotalCount 1/(1-Percentile)

       0.172     0.000000            1         1.00
       0.303     0.100000          976         1.11
       0.465     0.200000         1952         1.25
       0.612     0.300000         2925         1.43
       0.812     0.400000         3902         1.67
       1.119     0.500000         4872         2.00
       1.634     0.550000         5358         2.22
       7.283     0.600000         5845         2.50
      25.199     0.650000         6334         2.86
      46.623     0.700000         6820         3.33
      70.335     0.750000         7306         4.00
      85.631     0.775000         7550         4.44
     101.183     0.800000         7793         5.00
     116.607     0.825000         8037         5.71
     136.575     0.850000         8281         6.67
     163.583     0.875000         8524         8.00
     180.223     0.887500         8647         8.89
     194.175     0.900000         8767        10.00
     214.399     0.912500         8889        11.43
     235.519     0.925000         9011        13.33
     263.935     0.937500         9133        16.00
     278.527     0.943750         9196        17.78
     292.863     0.950000         9255        20.00
     311.295     0.956250         9315        22.86
     333.823     0.962500         9376        26.67
     361.727     0.968750         9437        32.00
     380.159     0.971875         9468        35.56
     392.447     0.975000         9499        40.00
     414.975     0.978125         9528        45.71
     435.199     0.981250         9559        53.33
     457.727     0.984375         9589        64.00
     472.319     0.985938         9606        71.11
     486.911     0.987500         9620        80.00
     509.183     0.989062         9635        91.43
     532.991     0.990625         9650       106.67
     558.079     0.992188         9665       128.00
     572.927     0.992969         9674       142.22
     592.383     0.993750         9681       160.00
     612.351     0.994531         9688       182.86
     641.535     0.995313         9696       213.33
     665.599     0.996094         9703       256.00
     696.319     0.996484         9707       284.44
     720.895     0.996875         9711       320.00
     737.791     0.997266         9715       365.71
     776.191     0.997656         9719       426.67
     789.503     0.998047         9722       512.00
     815.615     0.998242         9724       568.89
     836.607     0.998437         9726       640.00
     857.599     0.998633         9728       731.43
     904.191     0.998828         9730       853.33
     919.039     0.999023         9732      1024.00
     920.575     0.999121         9733      1137.78
     935.935     0.999219         9734      1280.00
     988.159     0.999316         9735      1462.86
    1034.239     0.999414         9736      1706.67
    1036.799     0.999512         9737      2048.00
    1036.799     0.999561         9737      2275.56
    1076.223     0.999609         9738      2560.00
    1076.223     0.999658         9738      2925.71
    1137.663     0.999707         9739      3413.33
    1137.663     0.999756         9739      4096.00
    1137.663     0.999780         9739      4551.11
    1174.527     0.999805         9740      5120.00
    1174.527     0.999829         9740      5851.43
    1174.527     0.999854         9740      6826.67
    1174.527     0.999878         9740      8192.00
    1174.527     0.999890         9740      9102.22
    1383.423     0.999902         9741     10240.00
    1383.423     1.000000         9741          inf
#[Mean    =       58.234, StdDeviation   =      114.132]
#[Max     =     1382.400, Total count    =         9741]
#[Buckets =           27, SubBuckets     =         2048]
----------------------------------------------------------
  9742 requests in 10.00s, 3.32MB read
  Non-2xx or 3xx responses: 9742
Requests/sec:    974.23
Transfer/sec:    339.65KB
Running 10s test @ http://localhost:8080/wrk2-api/review/compose
  1 threads and 100 connections
  Thread Stats   Avg      Stdev     99%   +/- Stdev
    Latency    61.54ms  104.43ms 462.33ms   86.42%
    Req/Sec       -nan      -nan   0.00      0.00%
  Latency Distribution (HdrHistogram - Recorded Latency)
 50.000%    1.62ms
 75.000%   89.21ms
 90.000%  202.62ms
 99.000%  462.33ms
 99.900%  686.59ms
 99.990%  878.08ms
 99.999%  939.01ms
100.000%  939.01ms

  Detailed Percentile spectrum:
       Value   Percentile   TotalCount 1/(1-Percentile)

       0.177     0.000000            1         1.00
       0.368     0.100000         1073         1.11
       0.553     0.200000         2147         1.25
       0.714     0.300000         3221         1.43
       0.971     0.400000         4294         1.67
       1.618     0.500000         5361         2.00
       6.523     0.550000         5897         2.22
      22.959     0.600000         6433         2.50
      42.783     0.650000         6969         2.86
      64.735     0.700000         7506         3.33
      89.215     0.750000         8041         4.00
     102.463     0.775000         8310         4.44
     116.607     0.800000         8577         5.00
     133.503     0.825000         8847         5.71
     154.111     0.850000         9113         6.67
     176.895     0.875000         9381         8.00
     188.799     0.887500         9515         8.89
     202.623     0.900000         9652        10.00
     216.191     0.912500         9785        11.43
     234.367     0.925000         9917        13.33
     253.951     0.937500        10051        16.00
     264.959     0.943750        10118        17.78
     280.831     0.950000        10187        20.00
     298.751     0.956250        10252        22.86
     317.183     0.962500        10319        26.67
     335.103     0.968750        10386        32.00
     346.623     0.971875        10420        35.56
     359.679     0.975000        10453        40.00
     374.271     0.978125        10487        45.71
     395.775     0.981250        10521        53.33
     415.231     0.984375        10554        64.00
     427.263     0.985938        10571        71.11
     441.855     0.987500        10588        80.00
     451.583     0.989062        10604        91.43
     469.759     0.990625        10621       106.67
     484.863     0.992188        10638       128.00
     493.311     0.992969        10646       142.22
     502.015     0.993750        10654       160.00
     522.495     0.994531        10663       182.86
     551.935     0.995313        10671       213.33
     586.239     0.996094        10680       256.00
     595.455     0.996484        10684       284.44
     608.255     0.996875        10688       320.00
     622.591     0.997266        10692       365.71
     638.975     0.997656        10696       426.67
     659.455     0.998047        10701       512.00
     667.135     0.998242        10703       568.89
     673.791     0.998437        10705       640.00
     675.839     0.998633        10708       731.43
     684.031     0.998828        10709       853.33
     711.167     0.999023        10711      1024.00
     713.727     0.999121        10712      1137.78
     718.335     0.999219        10713      1280.00
     735.231     0.999316        10714      1462.86
     764.927     0.999414        10715      1706.67
     765.951     0.999512        10716      2048.00
     785.919     0.999561        10717      2275.56
     785.919     0.999609        10717      2560.00
     830.975     0.999658        10718      2925.71
     830.975     0.999707        10718      3413.33
     857.599     0.999756        10719      4096.00
     857.599     0.999780        10719      4551.11
     857.599     0.999805        10719      5120.00
     878.079     0.999829        10720      5851.43
     878.079     0.999854        10720      6826.67
     878.079     0.999878        10720      8192.00
     878.079     0.999890        10720      9102.22
     878.079     0.999902        10720     10240.00
     939.007     0.999915        10721     11702.86
     939.007     1.000000        10721          inf
#[Mean    =       61.544, StdDeviation   =      104.426]
#[Max     =      938.496, Total count    =        10721]
#[Buckets =           27, SubBuckets     =         2048]
----------------------------------------------------------
  10722 requests in 10.00s, 3.65MB read
  Non-2xx or 3xx responses: 10722
Requests/sec:   1072.09
Transfer/sec:    373.77KB
Running 10s test @ http://localhost:8080/wrk2-api/review/compose
  1 threads and 100 connections
  Thread Stats   Avg      Stdev     99%   +/- Stdev
    Latency    75.16ms  121.88ms 541.70ms   86.19%
    Req/Sec       -nan      -nan   0.00      0.00%
  Latency Distribution (HdrHistogram - Recorded Latency)
 50.000%    2.50ms
 75.000%  111.68ms
 90.000%  243.33ms
 99.000%  541.70ms
 99.900%  762.88ms
 99.990%  907.78ms
 99.999%  909.82ms
100.000%  909.82ms

  Detailed Percentile spectrum:
       Value   Percentile   TotalCount 1/(1-Percentile)

       0.177     0.000000            1         1.00
       0.400     0.100000         1167         1.11
       0.605     0.200000         2336         1.25
       0.824     0.300000         3507         1.43
       1.148     0.400000         4672         1.67
       2.497     0.500000         5835         2.00
      16.447     0.550000         6419         2.22
      37.567     0.600000         7003         2.50
      59.199     0.650000         7585         2.86
      84.223     0.700000         8169         3.33
     111.679     0.750000         8752         4.00
     126.847     0.775000         9044         4.44
     143.871     0.800000         9336         5.00
     163.327     0.825000         9627         5.71
     186.111     0.850000         9921         6.67
     209.791     0.875000        10211         8.00
     224.895     0.887500        10357         8.89
     243.327     0.900000        10503        10.00
     260.991     0.912500        10649        11.43
     281.087     0.925000        10796        13.33
     304.127     0.937500        10944        16.00
     317.439     0.943750        11015        17.78
     331.775     0.950000        11087        20.00
     346.879     0.956250        11160        22.86
     367.359     0.962500        11232        26.67
     392.191     0.968750        11305        32.00
     407.551     0.971875        11341        35.56
     422.143     0.975000        11379        40.00
     438.527     0.978125        11415        45.71
     457.471     0.981250        11451        53.33
     489.215     0.984375        11487        64.00
     498.431     0.985938        11505        71.11
     517.631     0.987500        11524        80.00
     532.479     0.989062        11542        91.43
     546.303     0.990625        11560       106.67
     578.559     0.992188        11579       128.00
     586.751     0.992969        11587       142.22
     593.919     0.993750        11597       160.00
     612.863     0.994531        11606       182.86
     635.391     0.995313        11615       213.33
     662.015     0.996094        11624       256.00
     673.279     0.996484        11628       284.44
     682.495     0.996875        11633       320.00
     705.535     0.997266        11638       365.71
     720.383     0.997656        11642       426.67
     736.255     0.998047        11647       512.00
     752.127     0.998242        11651       568.89
     752.127     0.998437        11651       640.00
     757.247     0.998633        11654       731.43
     760.319     0.998828        11656       853.33
     763.903     0.999023        11658      1024.00
     766.975     0.999121        11659      1137.78
     770.047     0.999219        11660      1280.00
     790.527     0.999316        11662      1462.86
     795.647     0.999414        11663      1706.67
     802.303     0.999512        11664      2048.00
     802.303     0.999561        11664      2275.56
     842.239     0.999609        11665      2560.00
     860.671     0.999658        11666      2925.71
     860.671     0.999707        11666      3413.33
     865.791     0.999756        11667      4096.00
     865.791     0.999780        11667      4551.11
     865.791     0.999805        11667      5120.00
     907.775     0.999829        11668      5851.43
     907.775     0.999854        11668      6826.67
     907.775     0.999878        11668      8192.00
     907.775     0.999890        11668      9102.22
     907.775     0.999902        11668     10240.00
     909.823     0.999915        11669     11702.86
     909.823     1.000000        11669          inf
#[Mean    =       75.159, StdDeviation   =      121.876]
#[Max     =      909.312, Total count    =        11669]
#[Buckets =           27, SubBuckets     =         2048]
----------------------------------------------------------
  11670 requests in 10.00s, 3.97MB read
  Non-2xx or 3xx responses: 11670
Requests/sec:   1166.87
Transfer/sec:    406.81KB
Running 10s test @ http://localhost:8080/wrk2-api/review/compose
  1 threads and 100 connections
  Thread Stats   Avg      Stdev     99%   +/- Stdev
    Latency    83.88ms  118.32ms 523.26ms   85.88%
    Req/Sec       -nan      -nan   0.00      0.00%
  Latency Distribution (HdrHistogram - Recorded Latency)
 50.000%   30.09ms
 75.000%  126.97ms
 90.000%  246.01ms
 99.000%  523.26ms
 99.900%  714.24ms
 99.990%  832.00ms
 99.999%  851.46ms
100.000%  851.46ms

  Detailed Percentile spectrum:
       Value   Percentile   TotalCount 1/(1-Percentile)

       0.178     0.000000            1         1.00
       0.513     0.100000         1264         1.11
       0.766     0.200000         2528         1.25
       1.125     0.300000         3789         1.43
       3.459     0.400000         5050         1.67
      30.095     0.500000         6312         2.00
      46.143     0.550000         6944         2.22
      62.911     0.600000         7575         2.50
      82.623     0.650000         8207         2.86
     102.463     0.700000         8837         3.33
     126.975     0.750000         9468         4.00
     142.335     0.775000         9785         4.44
     157.439     0.800000        10102         5.00
     176.895     0.825000        10416         5.71
     195.583     0.850000        10731         6.67
     219.263     0.875000        11047         8.00
     232.703     0.887500        11205         8.89
     246.015     0.900000        11362        10.00
     263.423     0.912500        11522        11.43
     281.855     0.925000        11679        13.33
     303.615     0.937500        11839        16.00
     315.647     0.943750        11914        17.78
     331.263     0.950000        11993        20.00
     346.879     0.956250        12072        22.86
     369.407     0.962500        12152        26.67
     389.375     0.968750        12230        32.00
     401.151     0.971875        12270        35.56
     414.463     0.975000        12309        40.00
     433.663     0.978125        12348        45.71
     453.119     0.981250        12388        53.33
     472.319     0.984375        12427        64.00
     483.583     0.985938        12447        71.11
     496.639     0.987500        12467        80.00
     509.183     0.989062        12486        91.43
     528.383     0.990625        12506       106.67
     543.231     0.992188        12526       128.00
     553.471     0.992969        12536       142.22
     560.639     0.993750        12546       160.00
     569.343     0.994531        12555       182.86
     577.535     0.995313        12565       213.33
     598.015     0.996094        12575       256.00
     612.351     0.996484        12580       284.44
     619.007     0.996875        12585       320.00
     646.143     0.997266        12590       365.71
     663.551     0.997656        12595       426.67
     669.695     0.998047        12600       512.00
     681.471     0.998242        12602       568.89
     685.055     0.998437        12605       640.00
     697.343     0.998633        12607       731.43
     710.143     0.998828        12610       853.33
     717.311     0.999023        12612      1024.00
     721.919     0.999121        12613      1137.78
     758.271     0.999219        12615      1280.00
     765.439     0.999316        12616      1462.86
     779.775     0.999414        12617      1706.67
     793.599     0.999512        12618      2048.00
     797.695     0.999561        12619      2275.56
     798.719     0.999609        12620      2560.00
     798.719     0.999658        12620      2925.71
     815.103     0.999707        12621      3413.33
     815.103     0.999756        12621      4096.00
     825.855     0.999780        12622      4551.11
     825.855     0.999805        12622      5120.00
     825.855     0.999829        12622      5851.43
     831.999     0.999854        12623      6826.67
     831.999     0.999878        12623      8192.00
     831.999     0.999890        12623      9102.22
     831.999     0.999902        12623     10240.00
     831.999     0.999915        12623     11702.86
     851.455     0.999927        12624     13653.33
     851.455     1.000000        12624          inf
#[Mean    =       83.877, StdDeviation   =      118.316]
#[Max     =      850.944, Total count    =        12624]
#[Buckets =           27, SubBuckets     =         2048]
----------------------------------------------------------
  12625 requests in 10.00s, 4.30MB read
  Non-2xx or 3xx responses: 12625
Requests/sec:   1262.59
Transfer/sec:    440.18KB
Running 10s test @ http://localhost:8080/wrk2-api/review/compose
  1 threads and 100 connections
  Thread Stats   Avg      Stdev     99%   +/- Stdev
    Latency   123.60ms  150.85ms 623.10ms   84.36%
    Req/Sec       -nan      -nan   0.00      0.00%
  Latency Distribution (HdrHistogram - Recorded Latency)
 50.000%   66.30ms
 75.000%  200.06ms
 90.000%  339.20ms
 99.000%  623.10ms
 99.900%  914.43ms
 99.990%    1.08s 
 99.999%    1.14s 
100.000%    1.14s 

  Detailed Percentile spectrum:
       Value   Percentile   TotalCount 1/(1-Percentile)

       0.184     0.000000            1         1.00
       0.668     0.100000         1348         1.11
       1.100     0.200000         2689         1.25
       2.985     0.300000         4030         1.43
      25.167     0.400000         5373         1.67
      66.303     0.500000         6718         2.00
      88.767     0.550000         7391         2.22
     114.495     0.600000         8059         2.50
     141.183     0.650000         8731         2.86
     169.087     0.700000         9404         3.33
     200.063     0.750000        10074         4.00
     217.855     0.775000        10411         4.44
     236.927     0.800000        10746         5.00
     256.895     0.825000        11081         5.71
     280.063     0.850000        11417         6.67
     307.967     0.875000        11754         8.00
     322.559     0.887500        11921         8.89
     339.199     0.900000        12088        10.00
     357.119     0.912500        12259        11.43
     375.295     0.925000        12424        13.33
     399.103     0.937500        12593        16.00
     412.159     0.943750        12676        17.78
     425.471     0.950000        12760        20.00
     440.831     0.956250        12844        22.86
     462.847     0.962500        12930        26.67
     485.887     0.968750        13012        32.00
     499.455     0.971875        13054        35.56
     514.303     0.975000        13097        40.00
     527.359     0.978125        13138        45.71
     543.743     0.981250        13180        53.33
     563.199     0.984375        13222        64.00
     575.999     0.985938        13243        71.11
     593.919     0.987500        13264        80.00
     615.423     0.989062        13286        91.43
     628.735     0.990625        13306       106.67
     648.703     0.992188        13327       128.00
     659.455     0.992969        13337       142.22
     678.911     0.993750        13348       160.00
     692.223     0.994531        13359       182.86
     708.095     0.995313        13369       213.33
     724.479     0.996094        13379       256.00
     733.695     0.996484        13384       284.44
     741.375     0.996875        13390       320.00
     768.511     0.997266        13395       365.71
     792.575     0.997656        13400       426.67
     816.127     0.998047        13405       512.00
     839.167     0.998242        13408       568.89
     860.671     0.998437        13411       640.00
     868.863     0.998633        13413       731.43
     875.007     0.998828        13416       853.33
     914.431     0.999023        13418      1024.00
     921.087     0.999121        13420      1137.78
     932.351     0.999219        13421      1280.00
     935.935     0.999316        13422      1462.86
     971.263     0.999414        13424      1706.67
     978.943     0.999512        13425      2048.00
     993.791     0.999561        13426      2275.56
     993.791     0.999609        13426      2560.00
    1003.007     0.999658        13427      2925.71
    1030.655     0.999707        13428      3413.33
    1030.655     0.999756        13428      4096.00
    1068.031     0.999780        13429      4551.11
    1068.031     0.999805        13429      5120.00
    1068.031     0.999829        13429      5851.43
    1077.247     0.999854        13430      6826.67
    1077.247     0.999878        13430      8192.00
    1077.247     0.999890        13430      9102.22
    1077.247     0.999902        13430     10240.00
    1077.247     0.999915        13430     11702.86
    1143.807     0.999927        13431     13653.33
    1143.807     1.000000        13431          inf
#[Mean    =      123.601, StdDeviation   =      150.849]
#[Max     =     1142.784, Total count    =        13431]
#[Buckets =           27, SubBuckets     =         2048]
----------------------------------------------------------
  13438 requests in 10.00s, 4.58MB read
  Non-2xx or 3xx responses: 13438
Requests/sec:   1343.47
Transfer/sec:    468.38KB
Running 10s test @ http://localhost:8080/wrk2-api/review/compose
  1 threads and 100 connections
  Thread Stats   Avg      Stdev     99%   +/- Stdev
    Latency   149.78ms  160.57ms 678.40ms   85.36%
    Req/Sec       -nan      -nan   0.00      0.00%
  Latency Distribution (HdrHistogram - Recorded Latency)
 50.000%  103.04ms
 75.000%  224.13ms
 90.000%  372.73ms
 99.000%  678.40ms
 99.900%  993.79ms
 99.990%    1.14s 
 99.999%    1.15s 
100.000%    1.15s 

  Detailed Percentile spectrum:
       Value   Percentile   TotalCount 1/(1-Percentile)

       0.182     0.000000            1         1.00
       1.058     0.100000         1449         1.11
       8.223     0.200000         2898         1.25
      33.791     0.300000         4345         1.43
      67.135     0.400000         5794         1.67
     103.039     0.500000         7244         2.00
     123.455     0.550000         7967         2.22
     145.023     0.600000         8691         2.50
     168.703     0.650000         9414         2.86
     194.175     0.700000        10141         3.33
     224.127     0.750000        10865         4.00
     241.023     0.775000        11227         4.44
     259.071     0.800000        11587         5.00
     281.599     0.825000        11951         5.71
     305.919     0.850000        12312         6.67
     337.151     0.875000        12673         8.00
     356.351     0.887500        12854         8.89
     372.735     0.900000        13035        10.00
     393.727     0.912500        13216        11.43
     417.023     0.925000        13399        13.33
     442.879     0.937500        13579        16.00
     459.519     0.943750        13669        17.78
     477.951     0.950000        13759        20.00
     499.455     0.956250        13853        22.86
     521.471     0.962500        13941        26.67
     542.719     0.968750        14031        32.00
     553.983     0.971875        14076        35.56
     566.783     0.975000        14122        40.00
     589.311     0.978125        14167        45.71
     610.815     0.981250        14212        53.33
     630.271     0.984375        14257        64.00
     638.463     0.985938        14280        71.11
     656.895     0.987500        14302        80.00
     670.207     0.989062        14326        91.43
     683.519     0.990625        14348       106.67
     704.511     0.992188        14370       128.00
     714.751     0.992969        14382       142.22
     730.623     0.993750        14393       160.00
     746.495     0.994531        14405       182.86
     770.559     0.995313        14416       213.33
     796.671     0.996094        14427       256.00
     811.007     0.996484        14433       284.44
     827.903     0.996875        14438       320.00
     834.047     0.997266        14444       365.71
     880.127     0.997656        14450       426.67
     904.191     0.998047        14455       512.00
     916.991     0.998242        14458       568.89
     937.471     0.998437        14461       640.00
     950.271     0.998633        14464       731.43
     989.183     0.998828        14467       853.33
     993.791     0.999023        14469      1024.00
    1003.007     0.999121        14471      1137.78
    1010.175     0.999219        14472      1280.00
    1050.623     0.999316        14474      1462.86
    1067.007     0.999414        14475      1706.67
    1086.463     0.999512        14476      2048.00
    1087.487     0.999561        14477      2275.56
    1090.559     0.999609        14478      2560.00
    1105.919     0.999658        14479      2925.71
    1105.919     0.999707        14479      3413.33
    1111.039     0.999756        14480      4096.00
    1111.039     0.999780        14480      4551.11
    1116.159     0.999805        14481      5120.00
    1116.159     0.999829        14481      5851.43
    1116.159     0.999854        14481      6826.67
    1141.759     0.999878        14482      8192.00
    1141.759     0.999890        14482      9102.22
    1141.759     0.999902        14482     10240.00
    1141.759     0.999915        14482     11702.86
    1141.759     0.999927        14482     13653.33
    1150.975     0.999939        14483     16384.00
    1150.975     1.000000        14483          inf
#[Mean    =      149.779, StdDeviation   =      160.569]
#[Max     =     1149.952, Total count    =        14483]
#[Buckets =           27, SubBuckets     =         2048]
----------------------------------------------------------
  14485 requests in 10.00s, 4.93MB read
  Non-2xx or 3xx responses: 14485
Requests/sec:   1448.60
Transfer/sec:    505.03KB
