Running 5s test @ http://127.0.0.1:8080
  1 threads and 50 connections
  Thread Stats   Avg      Stdev     99%   +/- Stdev
    Latency   278.31us  488.94us   2.78ms   97.22%
    Req/Sec       -nan      -nan   0.00      0.00%
  Latency Distribution (HdrHistogram - Recorded Latency)
 50.000%  182.00us
 75.000%  261.00us
 90.000%  296.00us
 99.000%    2.78ms
 99.900%    5.95ms
 99.990%    9.04ms
 99.999%    9.04ms
100.000%    9.04ms

  Detailed Percentile spectrum:
       Value   Percentile   TotalCount 1/(1-Percentile)

       0.126     0.000000            1         1.00
       0.156     0.100000          246         1.11
       0.169     0.200000          512         1.25
       0.174     0.300000          778         1.43
       0.177     0.400000         1013         1.67
       0.182     0.500000         1234         2.00
       0.187     0.550000         1356         2.22
       0.197     0.600000         1477         2.50
       0.216     0.650000         1596         2.86
       0.239     0.700000         1715         3.33
       0.261     0.750000         1839         4.00
       0.267     0.775000         1903         4.44
       0.272     0.800000         1972         5.00
       0.276     0.825000         2025         5.71
       0.281     0.850000         2093         6.67
       0.286     0.875000         2147         8.00
       0.290     0.887500         2179         8.89
       0.296     0.900000         2211        10.00
       0.302     0.912500         2238        11.43
       0.317     0.925000         2267        13.33
       0.337     0.937500         2299        16.00
       0.353     0.943750         2313        17.78
       0.366     0.950000         2328        20.00
       0.378     0.956250         2343        22.86
       0.403     0.962500         2360        26.67
       0.552     0.968750         2374        32.00
       0.768     0.971875         2382        35.56
       0.975     0.975000         2389        40.00
       1.165     0.978125         2397        45.71
       1.692     0.981250         2405        53.33
       2.087     0.984375         2412        64.00
       2.197     0.985938         2416        71.11
       2.277     0.987500         2421        80.00
       2.561     0.989062         2424        91.43
       3.213     0.990625         2428       106.67
       3.305     0.992188         2431       128.00
       3.337     0.992969         2433       142.22
       3.697     0.993750         2435       160.00
       4.295     0.994531         2437       182.86
       4.483     0.995313         2440       213.33
       4.487     0.996094         2441       256.00
       4.499     0.996484         2442       284.44
       4.695     0.996875         2443       320.00
       4.795     0.997266         2444       365.71
       4.963     0.997656         2445       426.67
       5.779     0.998047         2446       512.00
       5.779     0.998242         2446       568.89
       5.871     0.998437         2447       640.00
       5.871     0.998633         2447       731.43
       5.947     0.998828         2448       853.33
       5.947     0.999023         2448      1024.00
       5.947     0.999121         2448      1137.78
       6.063     0.999219         2449      1280.00
       6.063     0.999316         2449      1462.86
       6.063     0.999414         2449      1706.67
       6.063     0.999512         2449      2048.00
       6.063     0.999561         2449      2275.56
       9.039     0.999609         2450      2560.00
       9.039     1.000000         2450          inf
#[Mean    =        0.278, StdDeviation   =        0.489]
#[Max     =        9.032, Total count    =         2450]
#[Buckets =           27, SubBuckets     =         2048]
----------------------------------------------------------
  2451 requests in 5.00s, 2.09MB read
Requests/sec:    489.73
Transfer/sec:    428.51KB
Running 5s test @ http://127.0.0.1:8080
  1 threads and 50 connections
  Thread Stats   Avg      Stdev     99%   +/- Stdev
    Latency     2.03ms    1.84ms   8.34ms   85.21%
    Req/Sec       -nan      -nan   0.00      0.00%
  Latency Distribution (HdrHistogram - Recorded Latency)
 50.000%    1.24ms
 75.000%    2.69ms
 90.000%    4.91ms
 99.000%    8.34ms
 99.900%   11.84ms
 99.990%   15.42ms
 99.999%   15.49ms
100.000%   15.49ms

  Detailed Percentile spectrum:
       Value   Percentile   TotalCount 1/(1-Percentile)

       0.170     0.000000            1         1.00
       0.686     0.100000         4971         1.11
       0.828     0.200000         9937         1.25
       0.919     0.300000        14916         1.43
       1.025     0.400000        19894         1.67
       1.241     0.500000        24844         2.00
       1.345     0.550000        27320         2.22
       1.464     0.600000        29816         2.50
       1.602     0.650000        32296         2.86
       1.875     0.700000        34773         3.33
       2.693     0.750000        37250         4.00
       2.843     0.775000        38497         4.44
       3.031     0.800000        39736         5.00
       3.653     0.825000        40974         5.71
       3.855     0.850000        42219         6.67
       4.411     0.875000        43459         8.00
       4.735     0.887500        44089         8.89
       4.911     0.900000        44699        10.00
       5.467     0.912500        45320        11.43
       5.679     0.925000        45967        13.33
       5.771     0.937500        46579        16.00
       5.807     0.943750        46876        17.78
       5.859     0.950000        47183        20.00
       5.951     0.956250        47491        22.86
       6.207     0.962500        47801        26.67
       6.691     0.968750        48117        32.00
       6.779     0.971875        48268        35.56
       6.839     0.975000        48424        40.00
       6.935     0.978125        48577        45.71
       7.235     0.981250        48732        53.33
       7.707     0.984375        48889        64.00
       7.799     0.985938        48965        71.11
       7.879     0.987500        49047        80.00
       8.187     0.989062        49121        91.43
       8.511     0.990625        49198       106.67
       8.759     0.992188        49276       128.00
       8.839     0.992969        49315       142.22
       9.007     0.993750        49353       160.00
       9.511     0.994531        49393       182.86
       9.687     0.995313        49433       213.33
       9.815     0.996094        49470       256.00
       9.871     0.996484        49489       284.44
       9.951     0.996875        49508       320.00
      10.215     0.997266        49529       365.71
      10.527     0.997656        49547       426.67
      10.703     0.998047        49569       512.00
      10.727     0.998242        49576       568.89
      10.975     0.998437        49586       640.00
      11.327     0.998633        49598       731.43
      11.423     0.998828        49605       853.33
      11.999     0.999023        49615      1024.00
      12.631     0.999121        49621      1137.78
      12.655     0.999219        49625      1280.00
      12.743     0.999316        49630      1462.86
      13.239     0.999414        49634      1706.67
      14.975     0.999512        49641      2048.00
      14.983     0.999561        49642      2275.56
      15.263     0.999609        49645      2560.00
      15.335     0.999658        49648      2925.71
      15.343     0.999707        49651      3413.33
      15.343     0.999756        49651      4096.00
      15.359     0.999780        49653      4551.11
      15.399     0.999805        49654      5120.00
      15.415     0.999829        49657      5851.43
      15.415     0.999854        49657      6826.67
      15.415     0.999878        49657      8192.00
      15.423     0.999890        49658      9102.22
      15.431     0.999902        49661     10240.00
      15.431     0.999915        49661     11702.86
      15.431     0.999927        49661     13653.33
      15.431     0.999939        49661     16384.00
      15.431     0.999945        49661     18204.44
      15.431     0.999951        49661     20480.00
      15.431     0.999957        49661     23405.71
      15.439     0.999963        49662     27306.67
      15.439     0.999969        49662     32768.00
      15.439     0.999973        49662     36408.89
      15.439     0.999976        49662     40960.00
      15.439     0.999979        49662     46811.43
      15.487     0.999982        49663     54613.33
      15.487     1.000000        49663          inf
#[Mean    =        2.026, StdDeviation   =        1.841]
#[Max     =       15.480, Total count    =        49663]
#[Buckets =           27, SubBuckets     =         2048]
----------------------------------------------------------
  49679 requests in 5.00s, 42.45MB read
Requests/sec:   9934.96
Transfer/sec:      8.49MB
Running 5s test @ http://127.0.0.1:8080
  1 threads and 50 connections
  Thread Stats   Avg      Stdev     99%   +/- Stdev
    Latency     1.13ms    0.96ms   5.31ms   93.46%
    Req/Sec       -nan      -nan   0.00      0.00%
  Latency Distribution (HdrHistogram - Recorded Latency)
 50.000%    0.93ms
 75.000%    1.22ms
 90.000%    1.54ms
 99.000%    5.31ms
 99.900%   11.09ms
 99.990%   13.97ms
 99.999%   13.98ms
100.000%   13.99ms

  Detailed Percentile spectrum:
       Value   Percentile   TotalCount 1/(1-Percentile)

       0.189     0.000000            1         1.00
       0.562     0.100000         7481         1.11
       0.648     0.200000        14925         1.25
       0.725     0.300000        22384         1.43
       0.812     0.400000        29850         1.67
       0.925     0.500000        37297         2.00
       0.985     0.550000        41037         2.22
       1.041     0.600000        44727         2.50
       1.100     0.650000        48492         2.86
       1.159     0.700000        52207         3.33
       1.222     0.750000        55912         4.00
       1.257     0.775000        57797         4.44
       1.293     0.800000        59647         5.00
       1.336     0.825000        61526         5.71
       1.386     0.850000        63386         6.67
       1.448     0.875000        65235         8.00
       1.488     0.887500        66165         8.89
       1.538     0.900000        67084        10.00
       1.609     0.912500        68014        11.43
       1.786     0.925000        68944        13.33
       2.227     0.937500        69878        16.00
       2.611     0.943750        70341        17.78
       3.001     0.950000        70811        20.00
       3.211     0.956250        71277        22.86
       3.351     0.962500        71739        26.67
       3.471     0.968750        72216        32.00
       3.527     0.971875        72438        35.56
       3.617     0.975000        72674        40.00
       3.769     0.978125        72903        45.71
       3.999     0.981250        73136        53.33
       4.231     0.984375        73370        64.00
       4.407     0.985938        73485        71.11
       4.675     0.987500        73602        80.00
       5.087     0.989062        73718        91.43
       5.635     0.990625        73835       106.67
       6.055     0.992188        73951       128.00
       6.239     0.992969        74009       142.22
       6.459     0.993750        74068       160.00
       6.971     0.994531        74126       182.86
       7.567     0.995313        74184       213.33
       7.903     0.996094        74243       256.00
       7.943     0.996484        74271       284.44
       8.239     0.996875        74301       320.00
       8.423     0.997266        74331       365.71
       8.535     0.997656        74359       426.67
       8.807     0.998047        74389       512.00
       8.991     0.998242        74402       568.89
       9.615     0.998437        74417       640.00
       9.791     0.998633        74432       731.43
      10.975     0.998828        74446       853.33
      11.135     0.999023        74461      1024.00
      11.175     0.999121        74468      1137.78
      13.631     0.999219        74475      1280.00
      13.679     0.999316        74483      1462.86
      13.783     0.999414        74491      1706.67
      13.839     0.999512        74502      2048.00
      13.839     0.999561        74502      2275.56
      13.847     0.999609        74505      2560.00
      13.951     0.999658        74512      2925.71
      13.951     0.999707        74512      3413.33
      13.959     0.999756        74518      4096.00
      13.959     0.999780        74518      4551.11
      13.967     0.999805        74528      5120.00
      13.967     0.999829        74528      5851.43
      13.967     0.999854        74528      6826.67
      13.967     0.999878        74528      8192.00
      13.967     0.999890        74528      9102.22
      13.967     0.999902        74528     10240.00
      13.967     0.999915        74528     11702.86
      13.967     0.999927        74528     13653.33
      13.975     0.999939        74532     16384.00
      13.975     0.999945        74532     18204.44
      13.975     0.999951        74532     20480.00
      13.975     0.999957        74532     23405.71
      13.975     0.999963        74532     27306.67
      13.975     0.999969        74532     32768.00
      13.975     0.999973        74532     36408.89
      13.975     0.999976        74532     40960.00
      13.975     0.999979        74532     46811.43
      13.975     0.999982        74532     54613.33
      13.975     0.999985        74532     65536.00
      13.975     0.999986        74532     72817.78
      13.991     0.999988        74533     81920.00
      13.991     1.000000        74533          inf
#[Mean    =        1.134, StdDeviation   =        0.963]
#[Max     =       13.984, Total count    =        74533]
#[Buckets =           27, SubBuckets     =         2048]
----------------------------------------------------------
  74548 requests in 5.00s, 63.70MB read
Requests/sec:  14908.13
Transfer/sec:     12.74MB
Running 5s test @ http://127.0.0.1:8080
  1 threads and 50 connections
  Thread Stats   Avg      Stdev     99%   +/- Stdev
    Latency     1.25ms  583.07us   3.43ms   82.83%
    Req/Sec       -nan      -nan   0.00      0.00%
  Latency Distribution (HdrHistogram - Recorded Latency)
 50.000%    1.10ms
 75.000%    1.50ms
 90.000%    1.89ms
 99.000%    3.43ms
 99.900%    5.66ms
 99.990%    6.68ms
 99.999%    6.74ms
100.000%    8.15ms

  Detailed Percentile spectrum:
       Value   Percentile   TotalCount 1/(1-Percentile)

       0.246     0.000000            1         1.00
       0.726     0.100000         9956         1.11
       0.825     0.200000        19966         1.25
       0.909     0.300000        29863         1.43
       0.997     0.400000        39852         1.67
       1.098     0.500000        49761         2.00
       1.163     0.550000        54685         2.22
       1.237     0.600000        59642         2.50
       1.324     0.650000        64625         2.86
       1.409     0.700000        69562         3.33
       1.498     0.750000        74565         4.00
       1.544     0.775000        77043         4.44
       1.592     0.800000        79508         5.00
       1.646     0.825000        81968         5.71
       1.716     0.850000        84458         6.67
       1.795     0.875000        86943         8.00
       1.840     0.887500        88181         8.89
       1.892     0.900000        89429        10.00
       1.953     0.912500        90673        11.43
       2.026     0.925000        91907        13.33
       2.113     0.937500        93156        16.00
       2.157     0.943750        93767        17.78
       2.207     0.950000        94394        20.00
       2.277     0.956250        95027        22.86
       2.367     0.962500        95632        26.67
       2.507     0.968750        96252        32.00
       2.589     0.971875        96558        35.56
       2.691     0.975000        96872        40.00
       2.819     0.978125        97183        45.71
       2.965     0.981250        97494        53.33
       3.105     0.984375        97803        64.00
       3.189     0.985938        97959        71.11
       3.273     0.987500        98113        80.00
       3.363     0.989062        98269        91.43
       3.493     0.990625        98421       106.67
       3.683     0.992188        98579       128.00
       3.773     0.992969        98654       142.22
       3.903     0.993750        98732       160.00
       4.019     0.994531        98809       182.86
       4.171     0.995313        98887       213.33
       4.363     0.996094        98964       256.00
       4.495     0.996484        99003       284.44
       4.679     0.996875        99042       320.00
       4.879     0.997266        99081       365.71
       5.175     0.997656        99120       426.67
       5.319     0.998047        99159       512.00
       5.355     0.998242        99179       568.89
       5.391     0.998437        99198       640.00
       5.483     0.998633        99219       731.43
       5.551     0.998828        99237       853.33
       5.675     0.999023        99256      1024.00
       5.699     0.999121        99265      1137.78
       5.755     0.999219        99275      1280.00
       5.843     0.999316        99285      1462.86
       5.887     0.999414        99294      1706.67
       5.971     0.999512        99304      2048.00
       6.043     0.999561        99309      2275.56
       6.099     0.999609        99315      2560.00
       6.275     0.999658        99319      2925.71
       6.375     0.999707        99323      3413.33
       6.531     0.999756        99328      4096.00
       6.583     0.999780        99331      4551.11
       6.595     0.999805        99333      5120.00
       6.615     0.999829        99336      5851.43
       6.635     0.999854        99340      6826.67
       6.635     0.999878        99340      8192.00
       6.679     0.999890        99342      9102.22
       6.699     0.999902        99343     10240.00
       6.703     0.999915        99345     11702.86
       6.703     0.999927        99345     13653.33
       6.711     0.999939        99346     16384.00
       6.715     0.999945        99348     18204.44
       6.715     0.999951        99348     20480.00
       6.715     0.999957        99348     23405.71
       6.719     0.999963        99349     27306.67
       6.719     0.999969        99349     32768.00
       6.731     0.999973        99350     36408.89
       6.731     0.999976        99350     40960.00
       6.731     0.999979        99350     46811.43
       6.743     0.999982        99351     54613.33
       6.743     0.999985        99351     65536.00
       6.743     0.999986        99351     72817.78
       6.743     0.999988        99351     81920.00
       6.743     0.999989        99351     93622.86
       8.155     0.999991        99352    109226.67
       8.155     1.000000        99352          inf
#[Mean    =        1.249, StdDeviation   =        0.583]
#[Max     =        8.152, Total count    =        99352]
#[Buckets =           27, SubBuckets     =         2048]
----------------------------------------------------------
  99393 requests in 5.00s, 84.93MB read
Requests/sec:  19872.88
Transfer/sec:     16.98MB
Running 5s test @ http://127.0.0.1:8080
  1 threads and 50 connections
  Thread Stats   Avg      Stdev     99%   +/- Stdev
    Latency     2.35ms    0.95ms   5.50ms   75.19%
    Req/Sec       -nan      -nan   0.00      0.00%
  Latency Distribution (HdrHistogram - Recorded Latency)
 50.000%    2.13ms
 75.000%    2.78ms
 90.000%    3.62ms
 99.000%    5.50ms
 99.900%    7.39ms
 99.990%    8.41ms
 99.999%    8.51ms
100.000%    8.52ms

  Detailed Percentile spectrum:
       Value   Percentile   TotalCount 1/(1-Percentile)

       0.208     0.000000            1         1.00
       1.393     0.100000        12444         1.11
       1.636     0.200000        24862         1.25
       1.801     0.300000        37295         1.43
       1.964     0.400000        49715         1.67
       2.133     0.500000        62160         2.00
       2.225     0.550000        68318         2.22
       2.331     0.600000        74587         2.50
       2.451     0.650000        80751         2.86
       2.601     0.700000        86946         3.33
       2.781     0.750000        93150         4.00
       2.885     0.775000        96256         4.44
       3.017     0.800000        99395         5.00
       3.143     0.825000       102485         5.71
       3.277     0.850000       105603         6.67
       3.437     0.875000       108699         8.00
       3.519     0.887500       110228         8.89
       3.615     0.900000       111787        10.00
       3.717     0.912500       113334        11.43
       3.833     0.925000       114894        13.33
       3.969     0.937500       116449        16.00
       4.053     0.943750       117214        17.78
       4.151     0.950000       118002        20.00
       4.247     0.956250       118789        22.86
       4.391     0.962500       119548        26.67
       4.571     0.968750       120316        32.00
       4.683     0.971875       120720        35.56
       4.799     0.975000       121101        40.00
       4.911     0.978125       121482        45.71
       5.027     0.981250       121874        53.33
       5.155     0.984375       122263        64.00
       5.227     0.985938       122457        71.11
       5.311     0.987500       122651        80.00
       5.435     0.989062       122842        91.43
       5.551     0.990625       123032       106.67
       5.699     0.992188       123228       128.00
       5.795     0.992969       123325       142.22
       5.859     0.993750       123421       160.00
       5.971     0.994531       123518       182.86
       6.087     0.995313       123616       213.33
       6.239     0.996094       123712       256.00
       6.399     0.996484       123762       284.44
       6.519     0.996875       123808       320.00
       6.687     0.997266       123857       365.71
       6.839     0.997656       123905       426.67
       6.975     0.998047       123955       512.00
       7.071     0.998242       123979       568.89
       7.123     0.998437       124003       640.00
       7.247     0.998633       124028       731.43
       7.335     0.998828       124054       853.33
       7.419     0.999023       124075      1024.00
       7.447     0.999121       124087      1137.78
       7.475     0.999219       124100      1280.00
       7.515     0.999316       124113      1462.86
       7.567     0.999414       124126      1706.67
       7.675     0.999512       124136      2048.00
       7.755     0.999561       124142      2275.56
       7.855     0.999609       124148      2560.00
       7.971     0.999658       124154      2925.71
       8.031     0.999707       124160      3413.33
       8.111     0.999756       124166      4096.00
       8.123     0.999780       124169      4551.11
       8.167     0.999805       124172      5120.00
       8.175     0.999829       124175      5851.43
       8.215     0.999854       124178      6826.67
       8.335     0.999878       124181      8192.00
       8.407     0.999890       124184      9102.22
       8.407     0.999902       124184     10240.00
       8.423     0.999915       124188     11702.86
       8.423     0.999927       124188     13653.33
       8.431     0.999939       124191     16384.00
       8.431     0.999945       124191     18204.44
       8.431     0.999951       124191     20480.00
       8.431     0.999957       124191     23405.71
       8.439     0.999963       124193     27306.67
       8.439     0.999969       124193     32768.00
       8.439     0.999973       124193     36408.89
       8.439     0.999976       124193     40960.00
       8.511     0.999979       124195     46811.43
       8.511     0.999982       124195     54613.33
       8.511     0.999985       124195     65536.00
       8.511     0.999986       124195     72817.78
       8.511     0.999988       124195     81920.00
       8.511     0.999989       124195     93622.86
       8.511     0.999991       124195    109226.67
       8.519     0.999992       124196    131072.00
       8.519     1.000000       124196          inf
#[Mean    =        2.351, StdDeviation   =        0.949]
#[Max     =        8.512, Total count    =       124196]
#[Buckets =           27, SubBuckets     =         2048]
----------------------------------------------------------
  124204 requests in 5.00s, 106.13MB read
Requests/sec:  24841.08
Transfer/sec:     21.23MB
Running 5s test @ http://127.0.0.1:8080
  1 threads and 50 connections
  Thread Stats   Avg      Stdev     99%   +/- Stdev
    Latency     3.64ms    1.46ms   8.38ms   73.72%
    Req/Sec       -nan      -nan   0.00      0.00%
  Latency Distribution (HdrHistogram - Recorded Latency)
 50.000%    3.31ms
 75.000%    4.52ms
 90.000%    5.40ms
 99.000%    8.38ms
 99.900%   11.95ms
 99.990%   14.95ms
 99.999%   16.23ms
100.000%   16.24ms

  Detailed Percentile spectrum:
       Value   Percentile   TotalCount 1/(1-Percentile)

       0.262     0.000000            1         1.00
       2.065     0.100000        14906         1.11
       2.465     0.200000        29811         1.25
       2.731     0.300000        44791         1.43
       2.983     0.400000        59618         1.67
       3.311     0.500000        74555         2.00
       3.549     0.550000        81994         2.22
       3.805     0.600000        89441         2.50
       4.053     0.650000        96895         2.86
       4.291     0.700000       104402         3.33
       4.523     0.750000       111879         4.00
       4.639     0.775000       115555         4.44
       4.763     0.800000       119243         5.00
       4.883     0.825000       122958         5.71
       5.043     0.850000       126711         6.67
       5.199     0.875000       130406         8.00
       5.295     0.887500       132277         8.89
       5.399     0.900000       134100        10.00
       5.511     0.912500       136002        11.43
       5.659     0.925000       137821        13.33
       5.831     0.937500       139705        16.00
       5.963     0.943750       140600        17.78
       6.127     0.950000       141542        20.00
       6.319     0.956250       142475        22.86
       6.503     0.962500       143395        26.67
       6.759     0.968750       144324        32.00
       6.927     0.971875       144805        35.56
       7.103     0.975000       145258        40.00
       7.287     0.978125       145726        45.71
       7.511     0.981250       146193        53.33
       7.735     0.984375       146652        64.00
       7.887     0.985938       146885        71.11
       8.031     0.987500       147117        80.00
       8.207     0.989062       147349        91.43
       8.479     0.990625       147583       106.67
       8.735     0.992188       147815       128.00
       8.895     0.992969       147932       142.22
       8.999     0.993750       148054       160.00
       9.167     0.994531       148165       182.86
       9.455     0.995313       148280       213.33
       9.839     0.996094       148397       256.00
      10.159     0.996484       148455       284.44
      10.383     0.996875       148513       320.00
      10.647     0.997266       148572       365.71
      10.775     0.997656       148629       426.67
      10.967     0.998047       148688       512.00
      11.127     0.998242       148717       568.89
      11.263     0.998437       148746       640.00
      11.439     0.998633       148775       731.43
      11.799     0.998828       148804       853.33
      11.959     0.999023       148833      1024.00
      11.991     0.999121       148850      1137.78
      12.119     0.999219       148864      1280.00
      12.247     0.999316       148878      1462.86
      12.775     0.999414       148891      1706.67
      13.343     0.999512       148906      2048.00
      13.367     0.999561       148913      2275.56
      13.495     0.999609       148920      2560.00
      13.999     0.999658       148928      2925.71
      14.655     0.999707       148938      3413.33
      14.671     0.999756       148942      4096.00
      14.735     0.999780       148946      4551.11
      14.767     0.999805       148949      5120.00
      14.783     0.999829       148953      5851.43
      14.807     0.999854       148957      6826.67
      14.911     0.999878       148960      8192.00
      14.935     0.999890       148962      9102.22
      14.959     0.999902       148964     10240.00
      14.991     0.999915       148966     11702.86
      15.055     0.999927       148968     13653.33
      15.071     0.999939       148969     16384.00
      15.079     0.999945       148970     18204.44
      16.175     0.999951       148971     20480.00
      16.207     0.999957       148973     23405.71
      16.207     0.999963       148973     27306.67
      16.215     0.999969       148974     32768.00
      16.215     0.999973       148974     36408.89
      16.223     0.999976       148975     40960.00
      16.223     0.999979       148975     46811.43
      16.231     0.999982       148977     54613.33
      16.231     0.999985       148977     65536.00
      16.231     0.999986       148977     72817.78
      16.231     0.999988       148977     81920.00
      16.231     0.999989       148977     93622.86
      16.231     0.999991       148977    109226.67
      16.231     0.999992       148977    131072.00
      16.231     0.999993       148977    145635.56
      16.239     0.999994       148978    163840.00
      16.239     1.000000       148978          inf
#[Mean    =        3.640, StdDeviation   =        1.463]
#[Max     =       16.232, Total count    =       148978]
#[Buckets =           27, SubBuckets     =         2048]
----------------------------------------------------------
  149092 requests in 5.00s, 127.40MB read
Requests/sec:  29816.60
Transfer/sec:     25.48MB
Running 5s test @ http://127.0.0.1:8080
  1 threads and 50 connections
  Thread Stats   Avg      Stdev     99%   +/- Stdev
    Latency     4.86ms    1.96ms  11.10ms   73.80%
    Req/Sec       -nan      -nan   0.00      0.00%
  Latency Distribution (HdrHistogram - Recorded Latency)
 50.000%    4.58ms
 75.000%    5.94ms
 90.000%    7.25ms
 99.000%   11.10ms
 99.900%   15.90ms
 99.990%   21.58ms
 99.999%   22.51ms
100.000%   22.74ms

  Detailed Percentile spectrum:
       Value   Percentile   TotalCount 1/(1-Percentile)

       0.286     0.000000            1         1.00
       2.739     0.100000        17409         1.11
       3.247     0.200000        34767         1.25
       3.619     0.300000        52246         1.43
       4.005     0.400000        69584         1.67
       4.579     0.500000        86924         2.00
       4.891     0.550000        95692         2.22
       5.175     0.600000       104391         2.50
       5.427     0.650000       113063         2.86
       5.683     0.700000       121708         3.33
       5.939     0.750000       130435         4.00
       6.087     0.775000       134723         4.44
       6.259     0.800000       139122         5.00
       6.463     0.825000       143443         5.71
       6.683     0.850000       147814         6.67
       6.939     0.875000       152124         8.00
       7.083     0.887500       154345         8.89
       7.247     0.900000       156456        10.00
       7.431     0.912500       158653        11.43
       7.659     0.925000       160827        13.33
       7.927     0.937500       162983        16.00
       8.107     0.943750       164072        17.78
       8.311     0.950000       165165        20.00
       8.527     0.956250       166257        22.86
       8.751     0.962500       167324        26.67
       9.023     0.968750       168432        32.00
       9.191     0.971875       168959        35.56
       9.367     0.975000       169496        40.00
       9.647     0.978125       170040        45.71
       9.919     0.981250       170594        53.33
      10.239     0.984375       171128        64.00
      10.463     0.985938       171398        71.11
      10.687     0.987500       171666        80.00
      10.919     0.989062       171939        91.43
      11.231     0.990625       172209       106.67
      11.559     0.992188       172480       128.00
      11.727     0.992969       172619       142.22
      11.927     0.993750       172759       160.00
      12.159     0.994531       172892       182.86
      12.607     0.995313       173027       213.33
      12.935     0.996094       173157       256.00
      13.151     0.996484       173225       284.44
      13.295     0.996875       173293       320.00
      13.551     0.997266       173360       365.71
      13.847     0.997656       173428       426.67
      14.575     0.998047       173496       512.00
      14.879     0.998242       173532       568.89
      15.071     0.998437       173565       640.00
      15.247     0.998633       173599       731.43
      15.543     0.998828       173632       853.33
      16.079     0.999023       173666      1024.00
      16.783     0.999121       173684      1137.78
      17.103     0.999219       173700      1280.00
      17.439     0.999316       173719      1462.86
      18.255     0.999414       173734      1706.67
      18.815     0.999512       173753      2048.00
      18.959     0.999561       173760      2275.56
      19.183     0.999609       173769      2560.00
      19.231     0.999658       173776      2925.71
      21.039     0.999707       173785      3413.33
      21.263     0.999756       173795      4096.00
      21.279     0.999780       173797      4551.11
      21.423     0.999805       173803      5120.00
      21.439     0.999829       173806      5851.43
      21.535     0.999854       173812      6826.67
      21.551     0.999878       173814      8192.00
      21.583     0.999890       173818      9102.22
      21.711     0.999902       173819     10240.00
      21.743     0.999915       173822     11702.86
      21.759     0.999927       173824     13653.33
      21.823     0.999939       173825     16384.00
      21.839     0.999945       173828     18204.44
      21.839     0.999951       173828     20480.00
      21.839     0.999957       173828     23405.71
      21.887     0.999963       173830     27306.67
      21.887     0.999969       173830     32768.00
      21.903     0.999973       173831     36408.89
      21.903     0.999976       173831     40960.00
      22.511     0.999979       173834     46811.43
      22.511     0.999982       173834     54613.33
      22.511     0.999985       173834     65536.00
      22.511     0.999986       173834     72817.78
      22.511     0.999988       173834     81920.00
      22.511     0.999989       173834     93622.86
      22.511     0.999991       173834    109226.67
      22.511     0.999992       173834    131072.00
      22.511     0.999993       173834    145635.56
      22.511     0.999994       173834    163840.00
      22.735     0.999995       173835    187245.71
      22.735     1.000000       173835          inf
#[Mean    =        4.862, StdDeviation   =        1.965]
#[Max     =       22.720, Total count    =       173835]
#[Buckets =           27, SubBuckets     =         2048]
----------------------------------------------------------
  173897 requests in 5.00s, 148.60MB read
Requests/sec:  34772.76
Transfer/sec:     29.71MB
Running 5s test @ http://127.0.0.1:8080
  1 threads and 50 connections
  Thread Stats   Avg      Stdev     99%   +/- Stdev
    Latency     8.92ms    7.07ms  41.44ms   89.79%
    Req/Sec       -nan      -nan   0.00      0.00%
  Latency Distribution (HdrHistogram - Recorded Latency)
 50.000%    7.09ms
 75.000%    9.77ms
 90.000%   15.75ms
 99.000%   41.44ms
 99.900%   59.94ms
 99.990%   79.04ms
 99.999%   83.14ms
100.000%   83.65ms

  Detailed Percentile spectrum:
       Value   Percentile   TotalCount 1/(1-Percentile)

       0.213     0.000000            1         1.00
       3.721     0.100000        19855         1.11
       4.655     0.200000        39743         1.25
       5.567     0.300000        59568         1.43
       6.395     0.400000        79462         1.67
       7.091     0.500000        99291         2.00
       7.463     0.550000       109203         2.22
       7.811     0.600000       119147         2.50
       8.319     0.650000       129121         2.86
       8.903     0.700000       138941         3.33
       9.767     0.750000       148903         4.00
      10.399     0.775000       153840         4.44
      11.055     0.800000       158803         5.00
      11.775     0.825000       163731         5.71
      12.759     0.850000       168707         6.67
      14.031     0.875000       173662         8.00
      14.759     0.887500       176138         8.89
      15.751     0.900000       178623        10.00
      16.895     0.912500       181113        11.43
      18.015     0.925000       183594        13.33
      19.327     0.937500       186060        16.00
      20.207     0.943750       187298        17.78
      21.359     0.950000       188543        20.00
      22.575     0.956250       189775        22.86
      23.967     0.962500       191018        26.67
      26.175     0.968750       192257        32.00
      28.143     0.971875       192881        35.56
      29.743     0.975000       193502        40.00
      32.639     0.978125       194116        45.71
      35.583     0.981250       194748        53.33
      38.303     0.984375       195359        64.00
      39.327     0.985938       195667        71.11
      40.127     0.987500       195982        80.00
      41.023     0.989062       196302        91.43
      41.695     0.990625       196600       106.67
      42.975     0.992188       196912       128.00
      43.743     0.992969       197066       142.22
      44.447     0.993750       197218       160.00
      45.791     0.994531       197377       182.86
      46.751     0.995313       197529       213.33
      48.223     0.996094       197683       256.00
      49.343     0.996484       197760       284.44
      50.335     0.996875       197838       320.00
      50.815     0.997266       197918       365.71
      52.479     0.997656       197993       426.67
      54.687     0.998047       198071       512.00
      55.327     0.998242       198109       568.89
      55.679     0.998437       198147       640.00
      58.399     0.998633       198187       731.43
      59.391     0.998828       198225       853.33
      60.351     0.999023       198264      1024.00
      64.543     0.999121       198284      1137.78
      66.815     0.999219       198302      1280.00
      70.719     0.999316       198323      1462.86
      71.935     0.999414       198342      1706.67
      73.535     0.999512       198361      2048.00
      73.983     0.999561       198371      2275.56
      74.495     0.999609       198382      2560.00
      74.879     0.999658       198391      2925.71
      75.327     0.999707       198399      3413.33
      76.351     0.999756       198410      4096.00
      76.671     0.999780       198414      4551.11
      76.991     0.999805       198420      5120.00
      77.375     0.999829       198424      5851.43
      77.759     0.999854       198428      6826.67
      78.591     0.999878       198433      8192.00
      78.975     0.999890       198436      9102.22
      79.167     0.999902       198438     10240.00
      79.551     0.999915       198442     11702.86
      79.615     0.999927       198444     13653.33
      79.807     0.999939       198445     16384.00
      80.383     0.999945       198447     18204.44
      80.639     0.999951       198448     20480.00
      80.959     0.999957       198449     23405.71
      82.239     0.999963       198450     27306.67
      82.559     0.999969       198451     32768.00
      82.623     0.999973       198452     36408.89
      82.879     0.999976       198453     40960.00
      82.879     0.999979       198453     46811.43
      82.943     0.999982       198454     54613.33
      82.943     0.999985       198454     65536.00
      83.135     0.999986       198456     72817.78
      83.135     0.999988       198456     81920.00
      83.135     0.999989       198456     93622.86
      83.135     0.999991       198456    109226.67
      83.135     0.999992       198456    131072.00
      83.135     0.999993       198456    145635.56
      83.135     0.999994       198456    163840.00
      83.135     0.999995       198456    187245.71
      83.647     0.999995       198457    218453.33
      83.647     1.000000       198457          inf
#[Mean    =        8.925, StdDeviation   =        7.074]
#[Max     =       83.584, Total count    =       198457]
#[Buckets =           27, SubBuckets     =         2048]
----------------------------------------------------------
  198578 requests in 5.00s, 169.68MB read
Requests/sec:  39712.30
Transfer/sec:     33.93MB
Running 5s test @ http://127.0.0.1:8080
  1 threads and 50 connections
  Thread Stats   Avg      Stdev     99%   +/- Stdev
    Latency    54.27ms   60.84ms 203.52ms   80.21%
    Req/Sec       -nan      -nan   0.00      0.00%
  Latency Distribution (HdrHistogram - Recorded Latency)
 50.000%   22.96ms
 75.000%   81.79ms
 90.000%  163.97ms
 99.000%  203.52ms
 99.900%  213.63ms
 99.990%  217.09ms
 99.999%  219.65ms
100.000%  219.65ms

  Detailed Percentile spectrum:
       Value   Percentile   TotalCount 1/(1-Percentile)

       0.253     0.000000            1         1.00
       5.323     0.100000        22002         1.11
       7.183     0.200000        44019         1.25
       8.895     0.300000        66043         1.43
      12.839     0.400000        87964         1.67
      22.959     0.500000       109979         2.00
      30.367     0.550000       120956         2.22
      39.839     0.600000       131947         2.50
      55.391     0.650000       142945         2.86
      64.831     0.700000       153931         3.33
      81.791     0.750000       164947         4.00
     100.223     0.775000       170423         4.44
     114.431     0.800000       175922         5.00
     129.983     0.825000       181416         5.71
     148.607     0.850000       186912         6.67
     154.751     0.875000       192537         8.00
     159.231     0.887500       195160         8.89
     163.967     0.900000       197955        10.00
     168.575     0.912500       200698        11.43
     171.903     0.925000       203481        13.33
     175.615     0.937500       206219        16.00
     177.407     0.943750       207590        17.78
     179.199     0.950000       208899        20.00
     182.015     0.956250       210289        22.86
     187.263     0.962500       211652        26.67
     191.743     0.968750       213041        32.00
     192.895     0.971875       213721        35.56
     194.431     0.975000       214403        40.00
     196.351     0.978125       215135        45.71
     198.143     0.981250       215820        53.33
     199.679     0.984375       216525        64.00
     200.447     0.985938       216840        71.11
     201.087     0.987500       217144        80.00
     202.367     0.989062       217493        91.43
     203.903     0.990625       217833       106.67
     205.055     0.992188       218175       128.00
     205.951     0.992969       218365       142.22
     206.591     0.993750       218531       160.00
     207.359     0.994531       218694       182.86
     208.255     0.995313       218882       213.33
     208.767     0.996094       219034       256.00
     209.151     0.996484       219116       284.44
     209.791     0.996875       219212       320.00
     210.303     0.997266       219294       365.71
     210.815     0.997656       219399       426.67
     211.199     0.998047       219472       512.00
     211.455     0.998242       219504       568.89
     211.839     0.998437       219554       640.00
     212.607     0.998633       219595       731.43
     213.247     0.998828       219632       853.33
     213.631     0.999023       219679      1024.00
     213.887     0.999121       219708      1137.78
     214.143     0.999219       219721      1280.00
     214.527     0.999316       219742      1462.86
     214.911     0.999414       219762      1706.67
     215.295     0.999512       219785      2048.00
     215.551     0.999561       219793      2275.56
     215.807     0.999609       219810      2560.00
     215.935     0.999658       219817      2925.71
     216.319     0.999707       219831      3413.33
     216.447     0.999756       219837      4096.00
     216.575     0.999780       219846      4551.11
     216.703     0.999805       219852      5120.00
     216.703     0.999829       219852      5851.43
     216.959     0.999854       219864      6826.67
     216.959     0.999878       219864      8192.00
     217.087     0.999890       219873      9102.22
     217.087     0.999902       219873     10240.00
     217.087     0.999915       219873     11702.86
     217.087     0.999927       219873     13653.33
     219.263     0.999939       219878     16384.00
     219.263     0.999945       219878     18204.44
     219.519     0.999951       219884     20480.00
     219.519     0.999957       219884     23405.71
     219.519     0.999963       219884     27306.67
     219.519     0.999969       219884     32768.00
     219.519     0.999973       219884     36408.89
     219.519     0.999976       219884     40960.00
     219.647     0.999979       219889     46811.43
     219.647     1.000000       219889          inf
#[Mean    =       54.270, StdDeviation   =       60.844]
#[Max     =      219.520, Total count    =       219889]
#[Buckets =           27, SubBuckets     =         2048]
----------------------------------------------------------
  220056 requests in 5.00s, 188.04MB read
Requests/sec:  44001.65
Transfer/sec:     37.60MB
Running 5s test @ http://127.0.0.1:8080
  1 threads and 50 connections
  Thread Stats   Avg      Stdev     99%   +/- Stdev
    Latency   237.07ms  314.42ms   1.36s    87.73%
    Req/Sec       -nan      -nan   0.00      0.00%
  Latency Distribution (HdrHistogram - Recorded Latency)
 50.000%  126.08ms
 75.000%  277.76ms
 90.000%  695.29ms
 99.000%    1.36s 
 99.900%    1.48s 
 99.990%    1.49s 
 99.999%    1.49s 
100.000%    1.49s 

  Detailed Percentile spectrum:
       Value   Percentile   TotalCount 1/(1-Percentile)

       0.293     0.000000            1         1.00
       8.751     0.100000        21964         1.11
      22.303     0.200000        43914         1.25
      43.199     0.300000        65891         1.43
      69.695     0.400000        87811         1.67
     126.079     0.500000       109769         2.00
     144.255     0.550000       120748         2.22
     181.247     0.600000       131709         2.50
     221.183     0.650000       142762         2.86
     237.439     0.700000       153685         3.33
     277.759     0.750000       164642         4.00
     301.567     0.775000       170142         4.44
     326.143     0.800000       175666         5.00
     356.863     0.825000       181150         5.71
     495.103     0.850000       186600         6.67
     549.887     0.875000       192109         8.00
     593.407     0.887500       194848         8.89
     695.295     0.900000       197577        10.00
     791.039     0.912500       200314        11.43
     901.631     0.925000       203058        13.33
     956.415     0.937500       205805        16.00
     970.239     0.943750       207209        17.78
    1011.199     0.950000       208542        20.00
    1075.199     0.956250       209923        22.86
    1137.663     0.962500       211288        26.67
    1183.743     0.968750       212657        32.00
    1205.247     0.971875       213354        35.56
    1224.703     0.975000       214050        40.00
    1242.111     0.978125       214786        45.71
    1257.471     0.981250       215467        53.33
    1287.167     0.984375       216085        64.00
    1300.479     0.985938       216452        71.11
    1325.055     0.987500       216771        80.00
    1344.511     0.989062       217113        91.43
    1369.087     0.990625       217461       106.67
    1396.735     0.992188       217819       128.00
    1406.975     0.992969       217985       142.22
    1420.287     0.993750       218164       160.00
    1431.551     0.994531       218337       182.86
    1440.767     0.995313       218500       213.33
    1447.935     0.996094       218681       256.00
    1449.983     0.996484       218757       284.44
    1457.151     0.996875       218841       320.00
    1461.247     0.997266       218936       365.71
    1467.391     0.997656       219004       426.67
    1469.439     0.998047       219123       512.00
    1470.463     0.998242       219134       568.89
    1472.511     0.998437       219196       640.00
    1474.559     0.998633       219237       731.43
    1478.655     0.998828       219267       853.33
    1482.751     0.999023       219324      1024.00
    1482.751     0.999121       219324      1137.78
    1483.775     0.999219       219359      1280.00
    1485.823     0.999316       219373      1462.86
    1487.871     0.999414       219414      1706.67
    1487.871     0.999512       219414      2048.00
    1488.895     0.999561       219449      2275.56
    1488.895     0.999609       219449      2560.00
    1488.895     0.999658       219449      2925.71
    1488.895     0.999707       219449      3413.33
    1489.919     0.999756       219469      4096.00
    1489.919     0.999780       219469      4551.11
    1490.943     0.999805       219510      5120.00
    1490.943     0.999829       219510      5851.43
    1490.943     0.999854       219510      6826.67
    1490.943     0.999878       219510      8192.00
    1490.943     0.999890       219510      9102.22
    1490.943     0.999902       219510     10240.00
    1490.943     0.999915       219510     11702.86
    1490.943     0.999927       219510     13653.33
    1490.943     0.999939       219510     16384.00
    1490.943     0.999945       219510     18204.44
    1490.943     0.999951       219510     20480.00
    1490.943     0.999957       219510     23405.71
    1490.943     0.999963       219510     27306.67
    1490.943     0.999969       219510     32768.00
    1490.943     0.999973       219510     36408.89
    1490.943     0.999976       219510     40960.00
    1490.943     0.999979       219510     46811.43
    1490.943     0.999982       219510     54613.33
    1490.943     0.999985       219510     65536.00
    1490.943     0.999986       219510     72817.78
    1491.967     0.999988       219513     81920.00
    1491.967     1.000000       219513          inf
#[Mean    =      237.069, StdDeviation   =      314.418]
#[Max     =     1490.944, Total count    =       219513]
#[Buckets =           27, SubBuckets     =         2048]
----------------------------------------------------------
  219605 requests in 5.00s, 187.67MB read
Requests/sec:  43896.96
Transfer/sec:     37.51MB
