Running 5s test @ http://127.0.0.1:8080
  1 threads and 50 connections
  Thread Stats   Avg      Stdev     99%   +/- Stdev
    Latency   700.67us  254.52us   1.31ms   74.91%
    Req/Sec       -nan      -nan   0.00      0.00%
  Latency Distribution (HdrHistogram - Recorded Latency)
 50.000%  684.00us
 75.000%  838.00us
 90.000%    0.98ms
 99.000%    1.31ms
 99.900%    2.86ms
 99.990%    4.78ms
 99.999%    4.89ms
100.000%    4.89ms

  Detailed Percentile spectrum:
       Value   Percentile   TotalCount 1/(1-Percentile)

       0.143     0.000000            1         1.00
       0.422     0.100000         5012         1.11
       0.494     0.200000         9969         1.25
       0.562     0.300000        14958         1.43
       0.627     0.400000        19954         1.67
       0.684     0.500000        24880         2.00
       0.713     0.550000        27387         2.22
       0.742     0.600000        29881         2.50
       0.770     0.650000        32323         2.86
       0.803     0.700000        34806         3.33
       0.838     0.750000        37286         4.00
       0.857     0.775000        38558         4.44
       0.876     0.800000        39787         5.00
       0.898     0.825000        41007         5.71
       0.923     0.850000        42278         6.67
       0.950     0.875000        43476         8.00
       0.965     0.887500        44130         8.89
       0.980     0.900000        44728        10.00
       0.999     0.912500        45334        11.43
       1.020     0.925000        45953        13.33
       1.043     0.937500        46594        16.00
       1.057     0.943750        46894        17.78
       1.073     0.950000        47194        20.00
       1.092     0.956250        47509        22.86
       1.110     0.962500        47814        26.67
       1.136     0.968750        48129        32.00
       1.152     0.971875        48286        35.56
       1.168     0.975000        48441        40.00
       1.187     0.978125        48591        45.71
       1.210     0.981250        48746        53.33
       1.234     0.984375        48902        64.00
       1.249     0.985938        48979        71.11
       1.266     0.987500        49055        80.00
       1.289     0.989062        49134        91.43
       1.319     0.990625        49209       106.67
       1.365     0.992188        49286       128.00
       1.396     0.992969        49325       142.22
       1.439     0.993750        49364       160.00
       1.497     0.994531        49404       182.86
       1.589     0.995313        49442       213.33
       1.671     0.996094        49482       256.00
       1.718     0.996484        49500       284.44
       1.787     0.996875        49519       320.00
       1.919     0.997266        49539       365.71
       2.091     0.997656        49558       426.67
       2.229     0.998047        49577       512.00
       2.295     0.998242        49587       568.89
       2.435     0.998437        49597       640.00
       2.743     0.998633        49607       731.43
       2.809     0.998828        49616       853.33
       2.865     0.999023        49626      1024.00
       2.907     0.999121        49631      1137.78
       3.147     0.999219        49636      1280.00
       4.191     0.999316        49641      1462.86
       4.231     0.999414        49645      1706.67
       4.311     0.999512        49650      2048.00
       4.335     0.999561        49654      2275.56
       4.347     0.999609        49656      2560.00
       4.639     0.999658        49658      2925.71
       4.659     0.999707        49660      3413.33
       4.679     0.999756        49662      4096.00
       4.731     0.999780        49664      4551.11
       4.739     0.999805        49665      5120.00
       4.751     0.999829        49666      5851.43
       4.755     0.999854        49667      6826.67
       4.763     0.999878        49668      8192.00
       4.783     0.999890        49670      9102.22
       4.783     0.999902        49670     10240.00
       4.783     0.999915        49670     11702.86
       4.815     0.999927        49671     13653.33
       4.815     0.999939        49671     16384.00
       4.839     0.999945        49672     18204.44
       4.839     0.999951        49672     20480.00
       4.839     0.999957        49672     23405.71
       4.887     0.999963        49674     27306.67
       4.887     1.000000        49674          inf
#[Mean    =        0.701, StdDeviation   =        0.255]
#[Max     =        4.884, Total count    =        49674]
#[Buckets =           27, SubBuckets     =         2048]
----------------------------------------------------------
  49677 requests in 5.00s, 42.45MB read
Requests/sec:   9933.50
Transfer/sec:      8.49MB
Running 5s test @ http://127.0.0.1:8080
  1 threads and 50 connections
  Thread Stats   Avg      Stdev     99%   +/- Stdev
    Latency     1.30ms  626.84us   3.83ms   81.34%
    Req/Sec       -nan      -nan   0.00      0.00%
  Latency Distribution (HdrHistogram - Recorded Latency)
 50.000%    1.16ms
 75.000%    1.59ms
 90.000%    1.97ms
 99.000%    3.83ms
 99.900%    5.30ms
 99.990%    5.87ms
 99.999%    6.12ms
100.000%    6.23ms

  Detailed Percentile spectrum:
       Value   Percentile   TotalCount 1/(1-Percentile)

       0.207     0.000000            1         1.00
       0.710     0.100000         9993         1.11
       0.827     0.200000        19951         1.25
       0.926     0.300000        29889         1.43
       1.030     0.400000        39824         1.67
       1.160     0.500000        49728         2.00
       1.238     0.550000        54653         2.22
       1.322     0.600000        59669         2.50
       1.409     0.650000        64638         2.86
       1.498     0.700000        69600         3.33
       1.591     0.750000        74541         4.00
       1.639     0.775000        77031         4.44
       1.689     0.800000        79505         5.00
       1.743     0.825000        81973         5.71
       1.805     0.850000        84470         6.67
       1.875     0.875000        86972         8.00
       1.919     0.887500        88197         8.89
       1.966     0.900000        89431        10.00
       2.025     0.912500        90674        11.43
       2.103     0.925000        91928        13.33
       2.199     0.937500        93171        16.00
       2.255     0.943750        93774        17.78
       2.335     0.950000        94396        20.00
       2.431     0.956250        95018        22.86
       2.561     0.962500        95639        26.67
       2.739     0.968750        96256        32.00
       2.849     0.971875        96566        35.56
       2.965     0.975000        96876        40.00
       3.105     0.978125        97188        45.71
       3.259     0.981250        97494        53.33
       3.461     0.984375        97805        64.00
       3.537     0.985938        97960        71.11
       3.633     0.987500        98115        80.00
       3.755     0.989062        98273        91.43
       3.879     0.990625        98425       106.67
       4.015     0.992188        98581       128.00
       4.081     0.992969        98658       142.22
       4.147     0.993750        98739       160.00
       4.247     0.994531        98813       182.86
       4.375     0.995313        98892       213.33
       4.551     0.996094        98969       256.00
       4.635     0.996484        99009       284.44
       4.715     0.996875        99046       320.00
       4.799     0.997266        99085       365.71
       4.891     0.997656        99124       426.67
       4.975     0.998047        99162       512.00
       5.023     0.998242        99183       568.89
       5.095     0.998437        99201       640.00
       5.167     0.998633        99222       731.43
       5.231     0.998828        99241       853.33
       5.299     0.999023        99259      1024.00
       5.339     0.999121        99270      1137.78
       5.367     0.999219        99280      1280.00
       5.423     0.999316        99291      1462.86
       5.459     0.999414        99301      1706.67
       5.491     0.999512        99308      2048.00
       5.511     0.999561        99314      2275.56
       5.527     0.999609        99318      2560.00
       5.615     0.999658        99323      2925.71
       5.659     0.999707        99327      3413.33
       5.723     0.999756        99332      4096.00
       5.775     0.999780        99335      4551.11
       5.787     0.999805        99337      5120.00
       5.799     0.999829        99340      5851.43
       5.811     0.999854        99342      6826.67
       5.835     0.999878        99344      8192.00
       5.871     0.999890        99346      9102.22
       5.887     0.999902        99347     10240.00
       5.895     0.999915        99349     11702.86
       5.895     0.999927        99349     13653.33
       5.967     0.999939        99351     16384.00
       5.967     0.999945        99351     18204.44
       5.971     0.999951        99352     20480.00
       5.971     0.999957        99352     23405.71
       5.975     0.999963        99353     27306.67
       5.975     0.999969        99353     32768.00
       5.979     0.999973        99354     36408.89
       5.979     0.999976        99354     40960.00
       5.979     0.999979        99354     46811.43
       6.119     0.999982        99355     54613.33
       6.119     0.999985        99355     65536.00
       6.119     0.999986        99355     72817.78
       6.119     0.999988        99355     81920.00
       6.119     0.999989        99355     93622.86
       6.227     0.999991        99356    109226.67
       6.227     1.000000        99356          inf
#[Mean    =        1.303, StdDeviation   =        0.627]
#[Max     =        6.224, Total count    =        99356]
#[Buckets =           27, SubBuckets     =         2048]
----------------------------------------------------------
  99358 requests in 5.00s, 84.90MB read
Requests/sec:  19871.81
Transfer/sec:     16.98MB
Running 5s test @ http://127.0.0.1:8080
  1 threads and 50 connections
  Thread Stats   Avg      Stdev     99%   +/- Stdev
    Latency     3.53ms    1.33ms   7.57ms   71.65%
    Req/Sec       -nan      -nan   0.00      0.00%
  Latency Distribution (HdrHistogram - Recorded Latency)
 50.000%    3.21ms
 75.000%    4.40ms
 90.000%    5.30ms
 99.000%    7.57ms
 99.900%    9.51ms
 99.990%   11.21ms
 99.999%   12.33ms
100.000%   12.34ms

  Detailed Percentile spectrum:
       Value   Percentile   TotalCount 1/(1-Percentile)

       0.216     0.000000            1         1.00
       2.095     0.100000        14950         1.11
       2.439     0.200000        29863         1.25
       2.685     0.300000        44735         1.43
       2.925     0.400000        59695         1.67
       3.209     0.500000        74609         2.00
       3.385     0.550000        82005         2.22
       3.607     0.600000        89468         2.50
       3.865     0.650000        96884         2.86
       4.143     0.700000       104366         3.33
       4.399     0.750000       111855         4.00
       4.527     0.775000       115585         4.44
       4.647     0.800000       119307         5.00
       4.783     0.825000       123036         5.71
       4.935     0.850000       126695         6.67
       5.107     0.875000       130430         8.00
       5.203     0.887500       132309         8.89
       5.295     0.900000       134163        10.00
       5.407     0.912500       136015        11.43
       5.539     0.925000       137881        13.33
       5.703     0.937500       139740        16.00
       5.819     0.943750       140681        17.78
       5.931     0.950000       141618        20.00
       6.063     0.956250       142525        22.86
       6.219     0.962500       143455        26.67
       6.383     0.968750       144394        32.00
       6.483     0.971875       144861        35.56
       6.607     0.975000       145324        40.00
       6.727     0.978125       145782        45.71
       6.895     0.981250       146251        53.33
       7.083     0.984375       146713        64.00
       7.215     0.985938       146954        71.11
       7.367     0.987500       147182        80.00
       7.511     0.989062       147423        91.43
       7.627     0.990625       147643       106.67
       7.759     0.992188       147879       128.00
       7.827     0.992969       147993       142.22
       7.907     0.993750       148111       160.00
       7.999     0.994531       148230       182.86
       8.079     0.995313       148350       213.33
       8.311     0.996094       148459       256.00
       8.447     0.996484       148521       284.44
       8.607     0.996875       148575       320.00
       8.719     0.997266       148633       365.71
       8.903     0.997656       148696       426.67
       9.071     0.998047       148751       512.00
       9.167     0.998242       148780       568.89
       9.215     0.998437       148809       640.00
       9.399     0.998633       148837       731.43
       9.487     0.998828       148875       853.33
       9.519     0.999023       148895      1024.00
       9.639     0.999121       148910      1137.78
       9.815     0.999219       148925      1280.00
       9.903     0.999316       148939      1462.86
      10.023     0.999414       148954      1706.67
      10.183     0.999512       148968      2048.00
      10.287     0.999561       148977      2275.56
      10.311     0.999609       148982      2560.00
      10.399     0.999658       148990      2925.71
      10.535     0.999707       148997      3413.33
      10.767     0.999756       149005      4096.00
      10.887     0.999780       149009      4551.11
      10.975     0.999805       149012      5120.00
      10.991     0.999829       149015      5851.43
      11.071     0.999854       149019      6826.67
      11.135     0.999878       149022      8192.00
      11.199     0.999890       149024      9102.22
      11.207     0.999902       149027     10240.00
      11.271     0.999915       149028     11702.86
      11.767     0.999927       149031     13653.33
      11.767     0.999939       149031     16384.00
      12.287     0.999945       149032     18204.44
      12.295     0.999951       149034     20480.00
      12.295     0.999957       149034     23405.71
      12.303     0.999963       149035     27306.67
      12.311     0.999969       149037     32768.00
      12.311     0.999973       149037     36408.89
      12.311     0.999976       149037     40960.00
      12.311     0.999979       149037     46811.43
      12.327     0.999982       149039     54613.33
      12.327     0.999985       149039     65536.00
      12.327     0.999986       149039     72817.78
      12.327     0.999988       149039     81920.00
      12.327     0.999989       149039     93622.86
      12.327     0.999991       149039    109226.67
      12.327     0.999992       149039    131072.00
      12.327     0.999993       149039    145635.56
      12.335     0.999994       149040    163840.00
      12.335     1.000000       149040          inf
#[Mean    =        3.527, StdDeviation   =        1.335]
#[Max     =       12.328, Total count    =       149040]
#[Buckets =           27, SubBuckets     =         2048]
----------------------------------------------------------
  149043 requests in 5.00s, 127.36MB read
Requests/sec:  29789.78
Transfer/sec:     25.46MB
Running 5s test @ http://127.0.0.1:8080
  1 threads and 50 connections
  Thread Stats   Avg      Stdev     99%   +/- Stdev
    Latency     7.65ms    4.48ms  24.64ms   82.26%
    Req/Sec       -nan      -nan   0.00      0.00%
  Latency Distribution (HdrHistogram - Recorded Latency)
 50.000%    6.75ms
 75.000%    9.02ms
 90.000%   12.73ms
 99.000%   24.64ms
 99.900%   40.16ms
 99.990%   43.39ms
 99.999%   43.78ms
100.000%   43.84ms

  Detailed Percentile spectrum:
       Value   Percentile   TotalCount 1/(1-Percentile)

       0.190     0.000000            1         1.00
       3.545     0.100000        19849         1.11
       4.347     0.200000        39752         1.25
       5.195     0.300000        59590         1.43
       5.987     0.400000        79409         1.67
       6.747     0.500000        99236         2.00
       7.111     0.550000       109219         2.22
       7.495     0.600000       119143         2.50
       7.871     0.650000       129001         2.86
       8.367     0.700000       138928         3.33
       9.015     0.750000       148871         4.00
       9.479     0.775000       153851         4.44
       9.919     0.800000       158777         5.00
      10.463     0.825000       163772         5.71
      10.991     0.850000       168691         6.67
      11.735     0.875000       173659         8.00
      12.199     0.887500       176149         8.89
      12.727     0.900000       178624        10.00
      13.359     0.912500       181106        11.43
      14.039     0.925000       183579        13.33
      14.735     0.937500       186057        16.00
      15.135     0.943750       187295        17.78
      15.775     0.950000       188544        20.00
      16.495     0.956250       189777        22.86
      17.167     0.962500       191035        26.67
      17.983     0.968750       192262        32.00
      18.431     0.971875       192877        35.56
      19.199     0.975000       193496        40.00
      19.919     0.978125       194120        45.71
      20.831     0.981250       194735        53.33
      21.983     0.984375       195355        64.00
      22.927     0.985938       195669        71.11
      23.503     0.987500       195983        80.00
      24.111     0.989062       196286        91.43
      25.039     0.990625       196595       106.67
      27.151     0.992188       196906       128.00
      27.695     0.992969       197063       142.22
      28.319     0.993750       197220       160.00
      29.631     0.994531       197371       182.86
      30.927     0.995313       197527       213.33
      32.303     0.996094       197682       256.00
      32.863     0.996484       197759       284.44
      33.407     0.996875       197842       320.00
      34.015     0.997266       197913       365.71
      34.847     0.997656       197992       426.67
      36.799     0.998047       198071       512.00
      37.055     0.998242       198108       568.89
      38.719     0.998437       198147       640.00
      39.135     0.998633       198185       731.43
      39.519     0.998828       198223       853.33
      40.319     0.999023       198265      1024.00
      40.639     0.999121       198282      1137.78
      40.767     0.999219       198303      1280.00
      40.927     0.999316       198320      1462.86
      41.055     0.999414       198339      1706.67
      41.279     0.999512       198360      2048.00
      41.343     0.999561       198371      2275.56
      41.407     0.999609       198380      2560.00
      41.631     0.999658       198389      2925.71
      41.791     0.999707       198397      3413.33
      41.919     0.999756       198407      4096.00
      42.079     0.999780       198412      4551.11
      43.071     0.999805       198417      5120.00
      43.135     0.999829       198423      5851.43
      43.167     0.999854       198427      6826.67
      43.359     0.999878       198433      8192.00
      43.391     0.999890       198438      9102.22
      43.391     0.999902       198438     10240.00
      43.423     0.999915       198442     11702.86
      43.423     0.999927       198442     13653.33
      43.455     0.999939       198444     16384.00
      43.487     0.999945       198448     18204.44
      43.487     0.999951       198448     20480.00
      43.487     0.999957       198448     23405.71
      43.487     0.999963       198448     27306.67
      43.679     0.999969       198449     32768.00
      43.711     0.999973       198450     36408.89
      43.743     0.999976       198451     40960.00
      43.743     0.999979       198451     46811.43
      43.775     0.999982       198453     54613.33
      43.775     0.999985       198453     65536.00
      43.775     0.999986       198453     72817.78
      43.775     0.999988       198453     81920.00
      43.775     0.999989       198453     93622.86
      43.839     0.999991       198455    109226.67
      43.839     1.000000       198455          inf
#[Mean    =        7.645, StdDeviation   =        4.477]
#[Max     =       43.808, Total count    =       198455]
#[Buckets =           27, SubBuckets     =         2048]
----------------------------------------------------------
  198467 requests in 5.00s, 169.60MB read
Requests/sec:  39671.94
Transfer/sec:     33.90MB
Running 5s test @ http://127.0.0.1:8080
  1 threads and 50 connections
  Thread Stats   Avg      Stdev     99%   +/- Stdev
    Latency   247.48ms  363.52ms   1.28s    83.44%
    Req/Sec       -nan      -nan   0.00      0.00%
  Latency Distribution (HdrHistogram - Recorded Latency)
 50.000%   63.81ms
 75.000%  302.59ms
 90.000%  968.70ms
 99.000%    1.28s 
 99.900%    1.41s 
 99.990%    1.42s 
 99.999%    1.42s 
100.000%    1.42s 

  Detailed Percentile spectrum:
       Value   Percentile   TotalCount 1/(1-Percentile)

       0.219     0.000000            1         1.00
       5.955     0.100000        21948         1.11
       8.823     0.200000        43919         1.25
      15.727     0.300000        65846         1.43
      36.511     0.400000        87785         1.67
      63.807     0.500000       109725         2.00
      82.431     0.550000       120711         2.22
     104.447     0.600000       131663         2.50
     152.703     0.650000       142646         2.86
     233.215     0.700000       153632         3.33
     302.591     0.750000       164625         4.00
     319.231     0.775000       170077         4.44
     435.967     0.800000       175560         5.00
     503.039     0.825000       181036         5.71
     717.311     0.850000       186524         6.67
     907.775     0.875000       192013         8.00
     951.807     0.887500       194782         8.89
     968.703     0.900000       197509        10.00
    1011.711     0.912500       200330        11.43
    1028.607     0.925000       203065        13.33
    1051.647     0.937500       205724        16.00
    1065.983     0.943750       207186        17.78
    1078.271     0.950000       208487        20.00
    1089.535     0.956250       209904        22.86
    1113.087     0.962500       211209        26.67
    1180.671     0.968750       212623        32.00
    1193.983     0.971875       213319        35.56
    1209.343     0.975000       213970        40.00
    1222.655     0.978125       214636        45.71
    1234.943     0.981250       215346        53.33
    1252.351     0.984375       216043        64.00
    1263.615     0.985938       216386        71.11
    1268.735     0.987500       216716        80.00
    1276.927     0.989062       217092        91.43
    1283.071     0.990625       217400       106.67
    1294.335     0.992188       217730       128.00
    1297.407     0.992969       217894       142.22
    1304.575     0.993750       218068       160.00
    1311.743     0.994531       218251       182.86
    1329.151     0.995313       218428       213.33
    1342.463     0.996094       218581       256.00
    1353.727     0.996484       218666       284.44
    1357.823     0.996875       218757       320.00
    1366.015     0.997266       218838       365.71
    1376.255     0.997656       218928       426.67
    1383.423     0.998047       219015       512.00
    1388.543     0.998242       219056       568.89
    1393.663     0.998437       219109       640.00
    1396.735     0.998633       219139       731.43
    1402.879     0.998828       219185       853.33
    1405.951     0.999023       219226      1024.00
    1407.999     0.999121       219249      1137.78
    1409.023     0.999219       219288      1280.00
    1409.023     0.999316       219288      1462.86
    1411.071     0.999414       219316      1706.67
    1414.143     0.999512       219358      2048.00
    1414.143     0.999561       219358      2275.56
    1414.143     0.999609       219358      2560.00
    1415.167     0.999658       219364      2925.71
    1418.239     0.999707       219380      3413.33
    1419.263     0.999756       219424      4096.00
    1419.263     0.999780       219424      4551.11
    1419.263     0.999805       219424      5120.00
    1419.263     0.999829       219424      5851.43
    1419.263     0.999854       219424      6826.67
    1419.263     0.999878       219424      8192.00
    1419.263     0.999890       219424      9102.22
    1419.263     0.999902       219424     10240.00
    1419.263     0.999915       219424     11702.86
    1419.263     0.999927       219424     13653.33
    1419.263     0.999939       219424     16384.00
    1419.263     0.999945       219424     18204.44
    1420.287     0.999951       219430     20480.00
    1420.287     0.999957       219430     23405.71
    1420.287     0.999963       219430     27306.67
    1420.287     0.999969       219430     32768.00
    1420.287     0.999973       219430     36408.89
    1420.287     0.999976       219430     40960.00
    1422.335     0.999979       219435     46811.43
    1422.335     1.000000       219435          inf
#[Mean    =      247.478, StdDeviation   =      363.518]
#[Max     =     1421.312, Total count    =       219435]
#[Buckets =           27, SubBuckets     =         2048]
----------------------------------------------------------
  219547 requests in 5.00s, 187.62MB read
Requests/sec:  43893.28
Transfer/sec:     37.51MB
