3.703     0.000000            1         1.00
      40.415     0.100000          969         1.11
      63.039     0.200000         1933         1.25
      83.007     0.300000         2899         1.43
     100.799     0.400000         3869         1.67
     119.359     0.500000         4831         2.00
     131.583     0.550000         5315         2.22
     147.327     0.600000         5801         2.50
     164.479     0.650000         6281         2.86
     185.727     0.700000         6766         3.33
     209.919     0.750000         7247         4.00
     223.743     0.775000         7490         4.44
     239.487     0.800000         7730         5.00
     259.711     0.825000         7975         5.71
     281.855     0.850000         8214         6.67
     310.783     0.875000         8456         8.00
     325.119     0.887500         8577         8.89
     340.479     0.900000         8696        10.00
     358.399     0.912500         8817        11.43
     381.183     0.925000         8938        13.33
     400.127     0.937500         9059        16.00
     414.975     0.943750         9119        17.78
     430.591     0.950000         9179        20.00
     447.487     0.956250         9240        22.86
     466.687     0.962500         9300        26.67
     488.191     0.968750         9361        32.00
     497.919     0.971875         9392        35.56
     510.207     0.975000         9421        40.00
     525.823     0.978125         9452        45.71
     545.791     0.981250         9482        53.33
     563.199     0.984375         9513        64.00
     575.487     0.985938         9528        71.11
     588.287     0.987500         9542        80.00
     604.671     0.989062         9557        91.43
     620.031     0.990625         9572       106.67
     641.023     0.992188         9587       128.00
     646.143     0.992969         9595       142.22
     666.111     0.993750         9602       160.00
     677.375     0.994531         9610       182.86
     692.735     0.995313         9618       213.33
     703.999     0.996094         9625       256.00
     716.799     0.996484         9629       284.44
     723.967     0.996875         9632       320.00
     729.599     0.997266         9636       365.71
     744.447     0.997656         9640       426.67
     756.223     0.998047         9644       512.00
     760.319     0.998242         9646       568.89
     761.855     0.998437         9647       640.00
     766.463     0.998633         9649       731.43
     790.527     0.998828         9651       853.33
     810.495     0.999023         9653      1024.00
     811.519     0.999121         9654      1137.78
     823.807     0.999219         9655      1280.00
     833.023     0.999316         9656      1462.86
     845.823     0.999414         9657      1706.67
     890.367     0.999512         9658      2048.00
     890.367     0.999561         9658      2275.56
     905.215     0.999609         9659      2560.00
     905.215     0.999658         9659      2925.71
     909.311     0.999707         9660      3413.33
     909.311     0.999756         9660      4096.00
     909.311     0.999780         9660      4551.11
    1014.271     0.999805         9661      5120.00
    1014.271     0.999829         9661      5851.43
    1014.271     0.999854         9661      6826.67
    1014.271     0.999878         9661      8192.00
    1014.271     0.999890         9661      9102.22
    1020.927     0.999902         9662     10240.00
    1020.927     1.000000         9662          inf