Running 10s test @ http://localhost:8080/wrk2-api/review/compose
  1 threads and 100 connections
  Thread Stats   Avg      Stdev     99%   +/- Stdev
    Latency     5.36ms    1.92ms  13.07ms   86.41%
    Req/Sec       -nan      -nan   0.00      0.00%
  Latency Distribution (HdrHistogram - Recorded Latency)
 50.000%    4.73ms
 75.000%    5.89ms
 90.000%    7.60ms
 99.000%   13.07ms
 99.900%   17.66ms
 99.990%   20.43ms
 99.999%   20.43ms
100.000%   20.43ms

  Detailed Percentile spectrum:
       Value   Percentile   TotalCount 1/(1-Percentile)

       3.051     0.000000            1         1.00
       3.797     0.100000          199         1.11
       4.085     0.200000          398         1.25
       4.331     0.300000          598         1.43
       4.523     0.400000          797         1.67
       4.731     0.500000          994         2.00
       4.855     0.550000         1093         2.22
       5.027     0.600000         1193         2.50
       5.243     0.650000         1292         2.86
       5.527     0.700000         1391         3.33
       5.899     0.750000         1491         4.00
       6.091     0.775000         1541         4.44
       6.343     0.800000         1590         5.00
       6.607     0.825000         1640         5.71
       6.895     0.850000         1689         6.67
       7.171     0.875000         1739         8.00
       7.391     0.887500         1764         8.89
       7.643     0.900000         1789        10.00
       7.847     0.912500         1814        11.43
       8.127     0.925000         1838        13.33
       8.391     0.937500         1863        16.00
       8.623     0.943750         1876        17.78
       8.999     0.950000         1889        20.00
       9.319     0.956250         1901        22.86
       9.759     0.962500         1913        26.67
      10.087     0.968750         1925        32.00
      10.471     0.971875         1932        35.56
      10.807     0.975000         1938        40.00
      10.903     0.978125         1944        45.71
      11.391     0.981250         1950        53.33
      12.031     0.984375         1956        64.00
      12.151     0.985938         1961        71.11
      12.583     0.987500         1963        80.00
      12.919     0.989062         1966        91.43
      13.175     0.990625         1969       106.67
      13.991     0.992188         1972       128.00
      14.927     0.992969         1974       142.22
      14.935     0.993750         1975       160.00
      15.247     0.994531         1977       182.86
      15.255     0.995313         1979       213.33
      15.319     0.996094         1980       256.00
      15.999     0.996484         1981       284.44
      15.999     0.996875         1981       320.00
      16.399     0.997266         1982       365.71
      16.447     0.997656         1983       426.67
      16.927     0.998047         1984       512.00
      16.927     0.998242         1984       568.89
      16.927     0.998437         1984       640.00
      17.663     0.998633         1985       731.43
      17.663     0.998828         1985       853.33
      18.063     0.999023         1986      1024.00
      18.063     0.999121         1986      1137.78
      18.063     0.999219         1986      1280.00
      18.063     0.999316         1986      1462.86
      18.063     0.999414         1986      1706.67
      20.431     0.999512         1987      2048.00
      20.431     1.000000         1987          inf
#[Mean    =        5.355, StdDeviation   =        1.918]
#[Max     =       20.416, Total count    =         1987]
#[Buckets =           27, SubBuckets     =         2048]
----------------------------------------------------------
  1988 requests in 10.00s, 702.79KB read
  Socket errors: connect 0, read 0, write 0, timeout 5
  Non-2xx or 3xx responses: 1988
Requests/sec:    198.71
Transfer/sec:     70.25KB
Running 10s test @ http://localhost:8080/wrk2-api/review/compose
  1 threads and 100 connections
  Thread Stats   Avg      Stdev     99%   +/- Stdev
    Latency     5.63ms    2.22ms  14.10ms   85.77%
    Req/Sec       -nan      -nan   0.00      0.00%
  Latency Distribution (HdrHistogram - Recorded Latency)
 50.000%    4.91ms
 75.000%    6.43ms
 90.000%    8.33ms
 99.000%   14.10ms
 99.900%   19.47ms
 99.990%   21.07ms
 99.999%   21.07ms
100.000%   21.07ms

  Detailed Percentile spectrum:
       Value   Percentile   TotalCount 1/(1-Percentile)

       3.029     0.000000            1         1.00
       3.711     0.100000          298         1.11
       3.993     0.200000          596         1.25
       4.315     0.300000          897         1.43
       4.579     0.400000         1192         1.67
       4.915     0.500000         1490         2.00
       5.143     0.550000         1641         2.22
       5.407     0.600000         1788         2.50
       5.731     0.650000         1938         2.86
       6.095     0.700000         2087         3.33
       6.431     0.750000         2235         4.00
       6.619     0.775000         2311         4.44
       6.871     0.800000         2384         5.00
       7.127     0.825000         2459         5.71
       7.435     0.850000         2535         6.67
       7.759     0.875000         2608         8.00
       8.055     0.887500         2645         8.89
       8.327     0.900000         2682        10.00
       8.615     0.912500         2720        11.43
       8.975     0.925000         2758        13.33
       9.391     0.937500         2794        16.00
       9.711     0.943750         2813        17.78
       9.991     0.950000         2831        20.00
      10.279     0.956250         2850        22.86
      10.527     0.962500         2869        26.67
      10.999     0.968750         2887        32.00
      11.375     0.971875         2898        35.56
      11.511     0.975000         2906        40.00
      11.991     0.978125         2915        45.71
      12.311     0.981250         2925        53.33
      12.879     0.984375         2934        64.00
      13.167     0.985938         2939        71.11
      13.375     0.987500         2943        80.00
      13.895     0.989062         2948        91.43
      14.599     0.990625         2953       106.67
      15.191     0.992188         2957       128.00
      15.567     0.992969         2960       142.22
      16.143     0.993750         2963       160.00
      16.175     0.994531         2964       182.86
      16.911     0.995313         2967       213.33
      17.071     0.996094         2969       256.00
      17.503     0.996484         2970       284.44
      17.663     0.996875         2971       320.00
      18.127     0.997266         2972       365.71
      18.559     0.997656         2974       426.67
      19.119     0.998047         2975       512.00
      19.119     0.998242         2975       568.89
      19.215     0.998437         2976       640.00
      19.215     0.998633         2976       731.43
      19.471     0.998828         2977       853.33
      19.903     0.999023         2978      1024.00
      19.903     0.999121         2978      1137.78
      19.903     0.999219         2978      1280.00
      19.903     0.999316         2978      1462.86
      20.175     0.999414         2979      1706.67
      20.175     0.999512         2979      2048.00
      20.175     0.999561         2979      2275.56
      20.175     0.999609         2979      2560.00
      20.175     0.999658         2979      2925.71
      21.071     0.999707         2980      3413.33
      21.071     1.000000         2980          inf
#[Mean    =        5.630, StdDeviation   =        2.221]
#[Max     =       21.056, Total count    =         2980]
#[Buckets =           27, SubBuckets     =         2048]
----------------------------------------------------------
  2981 requests in 10.00s, 1.03MB read
  Socket errors: connect 0, read 0, write 0, timeout 1
  Non-2xx or 3xx responses: 2981
Requests/sec:    298.01
Transfer/sec:    105.35KB
Running 10s test @ http://localhost:8080/wrk2-api/review/compose
  1 threads and 100 connections
  Thread Stats   Avg      Stdev     99%   +/- Stdev
    Latency     6.58ms    3.39ms  19.71ms   88.96%
    Req/Sec       -nan      -nan   0.00      0.00%
  Latency Distribution (HdrHistogram - Recorded Latency)
 50.000%    5.61ms
 75.000%    7.56ms
 90.000%   10.22ms
 99.000%   19.71ms
 99.900%   31.25ms
 99.990%   42.91ms
 99.999%   42.91ms
100.000%   42.91ms

  Detailed Percentile spectrum:
       Value   Percentile   TotalCount 1/(1-Percentile)

       2.951     0.000000            1         1.00
       3.875     0.100000          398         1.11
       4.267     0.200000          794         1.25
       4.623     0.300000         1195         1.43
       5.015     0.400000         1590         1.67
       5.611     0.500000         1987         2.00
       5.963     0.550000         2184         2.22
       6.295     0.600000         2384         2.50
       6.699     0.650000         2580         2.86
       7.131     0.700000         2780         3.33
       7.559     0.750000         2977         4.00
       7.855     0.775000         3078         4.44
       8.171     0.800000         3178         5.00
       8.543     0.825000         3275         5.71
       9.023     0.850000         3375         6.67
       9.559     0.875000         3474         8.00
       9.855     0.887500         3524         8.89
      10.231     0.900000         3574        10.00
      10.655     0.912500         3622        11.43
      11.175     0.925000         3672        13.33
      11.927     0.937500         3721        16.00
      12.279     0.943750         3746        17.78
      12.583     0.950000         3771        20.00
      13.239     0.956250         3796        22.86
      13.839     0.962500         3821        26.67
      14.671     0.968750         3845        32.00
      15.127     0.971875         3858        35.56
      15.575     0.975000         3870        40.00
      16.031     0.978125         3883        45.71
      16.751     0.981250         3895        53.33
      17.727     0.984375         3907        64.00
      18.367     0.985938         3914        71.11
      19.055     0.987500         3920        80.00
      19.487     0.989062         3926        91.43
      20.111     0.990625         3932       106.67
      21.007     0.992188         3938       128.00
      21.391     0.992969         3942       142.22
      22.351     0.993750         3945       160.00
      23.311     0.994531         3948       182.86
      24.543     0.995313         3951       213.33
      26.191     0.996094         3954       256.00
      27.695     0.996484         3956       284.44
      28.063     0.996875         3957       320.00
      28.799     0.997266         3959       365.71
      29.327     0.997656         3960       426.67
      30.255     0.998047         3962       512.00
      31.071     0.998242         3963       568.89
      31.071     0.998437         3963       640.00
      31.087     0.998633         3964       731.43
      31.247     0.998828         3965       853.33
      31.759     0.999023         3966      1024.00
      31.759     0.999121         3966      1137.78
      31.759     0.999219         3966      1280.00
      36.639     0.999316         3967      1462.86
      36.639     0.999414         3967      1706.67
      37.119     0.999512         3968      2048.00
      37.119     0.999561         3968      2275.56
      37.119     0.999609         3968      2560.00
      37.119     0.999658         3968      2925.71
      37.119     0.999707         3968      3413.33
      42.911     0.999756         3969      4096.00
      42.911     1.000000         3969          inf
#[Mean    =        6.580, StdDeviation   =        3.386]
#[Max     =       42.880, Total count    =         3969]
#[Buckets =           27, SubBuckets     =         2048]
----------------------------------------------------------
  3970 requests in 10.00s, 1.37MB read
  Non-2xx or 3xx responses: 3970
Requests/sec:    396.92
Transfer/sec:    140.32KB
Running 10s test @ http://localhost:8080/wrk2-api/review/compose
  1 threads and 100 connections
  Thread Stats   Avg      Stdev     99%   +/- Stdev
    Latency     7.38ms    3.48ms  20.21ms   81.21%
    Req/Sec       -nan      -nan   0.00      0.00%
  Latency Distribution (HdrHistogram - Recorded Latency)
 50.000%    6.48ms
 75.000%    8.73ms
 90.000%   11.76ms
 99.000%   20.21ms
 99.900%   27.20ms
 99.990%   32.11ms
 99.999%   32.11ms
100.000%   32.11ms

  Detailed Percentile spectrum:
       Value   Percentile   TotalCount 1/(1-Percentile)

       3.065     0.000000            1         1.00
       4.175     0.100000          497         1.11
       4.679     0.200000          990         1.25
       5.159     0.300000         1487         1.43
       5.779     0.400000         1982         1.67
       6.479     0.500000         2475         2.00
       6.847     0.550000         2729         2.22
       7.235     0.600000         2970         2.50
       7.635     0.650000         3220         2.86
       8.151     0.700000         3465         3.33
       8.727     0.750000         3713         4.00
       9.119     0.775000         3839         4.44
       9.495     0.800000         3961         5.00
       9.951     0.825000         4085         5.71
      10.503     0.850000         4213         6.67
      10.999     0.875000         4334         8.00
      11.367     0.887500         4393         8.89
      11.759     0.900000         4455        10.00
      12.175     0.912500         4516        11.43
      12.647     0.925000         4579        13.33
      13.335     0.937500         4640        16.00
      13.695     0.943750         4671        17.78
      14.063     0.950000         4702        20.00
      14.655     0.956250         4733        22.86
      15.247     0.962500         4765        26.67
      15.791     0.968750         4795        32.00
      16.247     0.971875         4810        35.56
      16.767     0.975000         4826        40.00
      17.135     0.978125         4841        45.71
      17.695     0.981250         4857        53.33
      18.447     0.984375         4872        64.00
      18.895     0.985938         4880        71.11
      19.231     0.987500         4888        80.00
      19.807     0.989062         4895        91.43
      20.303     0.990625         4903       106.67
      20.943     0.992188         4911       128.00
      21.343     0.992969         4915       142.22
      22.127     0.993750         4919       160.00
      22.239     0.994531         4923       182.86
      22.671     0.995313         4926       213.33
      24.207     0.996094         4930       256.00
      24.879     0.996484         4932       284.44
      25.263     0.996875         4934       320.00
      25.775     0.997266         4936       365.71
      26.191     0.997656         4938       426.67
      26.591     0.998047         4940       512.00
      26.863     0.998242         4941       568.89
      26.911     0.998437         4942       640.00
      26.991     0.998633         4943       731.43
      27.199     0.998828         4944       853.33
      27.295     0.999023         4945      1024.00
      27.295     0.999121         4945      1137.78
      29.903     0.999219         4946      1280.00
      29.903     0.999316         4946      1462.86
      30.591     0.999414         4947      1706.67
      30.591     0.999512         4947      2048.00
      30.591     0.999561         4947      2275.56
      30.927     0.999609         4948      2560.00
      30.927     0.999658         4948      2925.71
      30.927     0.999707         4948      3413.33
      30.927     0.999756         4948      4096.00
      30.927     0.999780         4948      4551.11
      32.111     0.999805         4949      5120.00
      32.111     1.000000         4949          inf
#[Mean    =        7.383, StdDeviation   =        3.478]
#[Max     =       32.096, Total count    =         4949]
#[Buckets =           27, SubBuckets     =         2048]
----------------------------------------------------------
  4950 requests in 10.00s, 1.71MB read
  Non-2xx or 3xx responses: 4950
Requests/sec:    494.99
Transfer/sec:    174.99KB
Running 10s test @ http://localhost:8080/wrk2-api/review/compose
  1 threads and 100 connections
  Thread Stats   Avg      Stdev     99%   +/- Stdev
    Latency     8.82ms    4.46ms  24.25ms   79.73%
    Req/Sec       -nan      -nan   0.00      0.00%
  Latency Distribution (HdrHistogram - Recorded Latency)
 50.000%    7.72ms
 75.000%   10.61ms
 90.000%   14.52ms
 99.000%   24.25ms
 99.900%   35.07ms
 99.990%   44.38ms
 99.999%   49.73ms
100.000%   49.73ms

  Detailed Percentile spectrum:
       Value   Percentile   TotalCount 1/(1-Percentile)

       3.173     0.000000            1         1.00
       4.595     0.100000          597         1.11
       5.279     0.200000         1190         1.25
       6.079     0.300000         1788         1.43
       6.843     0.400000         2379         1.67
       7.715     0.500000         2974         2.00
       8.143     0.550000         3270         2.22
       8.655     0.600000         3567         2.50
       9.207     0.650000         3869         2.86
       9.847     0.700000         4167         3.33
      10.615     0.750000         4459         4.00
      11.063     0.775000         4611         4.44
      11.647     0.800000         4758         5.00
      12.127     0.825000         4907         5.71
      12.839     0.850000         5054         6.67
      13.591     0.875000         5202         8.00
      14.039     0.887500         5277         8.89
      14.519     0.900000         5351        10.00
      15.055     0.912500         5426        11.43
      15.623     0.925000         5500        13.33
      16.447     0.937500         5574        16.00
      16.799     0.943750         5611        17.78
      17.359     0.950000         5648        20.00
      17.839     0.956250         5685        22.86
      18.431     0.962500         5723        26.67
      19.359     0.968750         5760        32.00
      19.823     0.971875         5778        35.56
      20.415     0.975000         5797        40.00
      21.023     0.978125         5815        45.71
      21.711     0.981250         5834        53.33
      22.815     0.984375         5854        64.00
      23.023     0.985938         5862        71.11
      23.503     0.987500         5871        80.00
      23.727     0.989062         5880        91.43
      24.607     0.990625         5890       106.67
      25.535     0.992188         5899       128.00
      26.495     0.992969         5904       142.22
      27.183     0.993750         5908       160.00
      27.695     0.994531         5913       182.86
      28.271     0.995313         5918       213.33
      29.215     0.996094         5922       256.00
      29.519     0.996484         5925       284.44
      29.999     0.996875         5927       320.00
      31.343     0.997266         5929       365.71
      32.287     0.997656         5932       426.67
      32.415     0.998047         5934       512.00
      32.991     0.998242         5935       568.89
      33.855     0.998437         5936       640.00
      34.015     0.998633         5937       731.43
      35.071     0.998828         5939       853.33
      37.119     0.999023         5940      1024.00
      37.119     0.999121         5940      1137.78
      42.783     0.999219         5941      1280.00
      42.783     0.999316         5941      1462.86
      43.199     0.999414         5942      1706.67
      43.999     0.999512         5943      2048.00
      43.999     0.999561         5943      2275.56
      43.999     0.999609         5943      2560.00
      43.999     0.999658         5943      2925.71
      44.383     0.999707         5944      3413.33
      44.383     0.999756         5944      4096.00
      44.383     0.999780         5944      4551.11
      44.383     0.999805         5944      5120.00
      44.383     0.999829         5944      5851.43
      49.727     0.999854         5945      6826.67
      49.727     1.000000         5945          inf
#[Mean    =        8.823, StdDeviation   =        4.460]
#[Max     =       49.696, Total count    =         5945]
#[Buckets =           27, SubBuckets     =         2048]
----------------------------------------------------------
  5946 requests in 10.00s, 2.05MB read
  Non-2xx or 3xx responses: 5946
Requests/sec:    594.60
Transfer/sec:    210.20KB
Running 10s test @ http://localhost:8080/wrk2-api/review/compose
  1 threads and 100 connections
  Thread Stats   Avg      Stdev     99%   +/- Stdev
    Latency    11.07ms    6.37ms  33.82ms   79.24%
    Req/Sec       -nan      -nan   0.00      0.00%
  Latency Distribution (HdrHistogram - Recorded Latency)
 50.000%    9.28ms
 75.000%   13.62ms
 90.000%   19.45ms
 99.000%   33.82ms
 99.900%   46.08ms
 99.990%   52.29ms
 99.999%   61.57ms
100.000%   61.57ms

  Detailed Percentile spectrum:
       Value   Percentile   TotalCount 1/(1-Percentile)

       3.299     0.000000            1         1.00
       5.051     0.100000          694         1.11
       6.095     0.200000         1384         1.25
       7.107     0.300000         2074         1.43
       8.103     0.400000         2765         1.67
       9.279     0.500000         3456         2.00
       9.919     0.550000         3802         2.22
      10.719     0.600000         4150         2.50
      11.551     0.650000         4493         2.86
      12.495     0.700000         4839         3.33
      13.623     0.750000         5184         4.00
      14.327     0.775000         5359         4.44
      15.111     0.800000         5530         5.00
      16.023     0.825000         5704         5.71
      16.991     0.850000         5878         6.67
      18.079     0.875000         6048         8.00
      18.703     0.887500         6135         8.89
      19.455     0.900000         6221        10.00
      20.239     0.912500         6308        11.43
      21.151     0.925000         6395        13.33
      22.175     0.937500         6481        16.00
      22.815     0.943750         6524        17.78
      23.823     0.950000         6567        20.00
      24.639     0.956250         6612        22.86
      25.487     0.962500         6655        26.67
      26.591     0.968750         6698        32.00
      27.151     0.971875         6718        35.56
      28.015     0.975000         6740        40.00
      28.831     0.978125         6761        45.71
      29.855     0.981250         6784        53.33
      30.799     0.984375         6804        64.00
      31.903     0.985938         6815        71.11
      32.735     0.987500         6826        80.00
      33.567     0.989062         6837        91.43
      34.431     0.990625         6849       106.67
      35.263     0.992188         6858       128.00
      35.839     0.992969         6864       142.22
      36.703     0.993750         6869       160.00
      37.343     0.994531         6875       182.86
      38.143     0.995313         6880       213.33
      38.815     0.996094         6885       256.00
      39.519     0.996484         6888       284.44
      40.479     0.996875         6891       320.00
      41.471     0.997266         6894       365.71
      42.815     0.997656         6896       426.67
      44.031     0.998047         6899       512.00
      44.095     0.998242         6900       568.89
      44.831     0.998437         6902       640.00
      45.855     0.998633         6903       731.43
      45.887     0.998828         6904       853.33
      46.175     0.999023         6906      1024.00
      46.175     0.999121         6906      1137.78
      47.199     0.999219         6907      1280.00
      47.711     0.999316         6908      1462.86
      47.711     0.999414         6908      1706.67
      48.095     0.999512         6909      2048.00
      48.095     0.999561         6909      2275.56
      48.287     0.999609         6910      2560.00
      48.287     0.999658         6910      2925.71
      48.287     0.999707         6910      3413.33
      52.287     0.999756         6911      4096.00
      52.287     0.999780         6911      4551.11
      52.287     0.999805         6911      5120.00
      52.287     0.999829         6911      5851.43
      52.287     0.999854         6911      6826.67
      61.567     0.999878         6912      8192.00
      61.567     1.000000         6912          inf
#[Mean    =       11.072, StdDeviation   =        6.368]
#[Max     =       61.536, Total count    =         6912]
#[Buckets =           27, SubBuckets     =         2048]
----------------------------------------------------------
  6913 requests in 10.00s, 2.39MB read
  Non-2xx or 3xx responses: 6913
Requests/sec:    691.35
Transfer/sec:    244.40KB
Running 10s test @ http://localhost:8080/wrk2-api/review/compose
  1 threads and 100 connections
  Thread Stats   Avg      Stdev     99%   +/- Stdev
    Latency    15.49ms    9.78ms  52.16ms   80.64%
    Req/Sec       -nan      -nan   0.00      0.00%
  Latency Distribution (HdrHistogram - Recorded Latency)
 50.000%   12.99ms
 75.000%   19.45ms
 90.000%   27.26ms
 99.000%   52.16ms
 99.900%   78.08ms
 99.990%  104.64ms
 99.999%  122.05ms
100.000%  122.05ms

  Detailed Percentile spectrum:
       Value   Percentile   TotalCount 1/(1-Percentile)

       3.673     0.000000            1         1.00
       6.463     0.100000          793         1.11
       8.063     0.200000         1584         1.25
       9.503     0.300000         2379         1.43
      11.199     0.400000         3168         1.67
      12.991     0.500000         3963         2.00
      13.991     0.550000         4358         2.22
      15.015     0.600000         4752         2.50
      16.303     0.650000         5149         2.86
      17.727     0.700000         5546         3.33
      19.455     0.750000         5941         4.00
      20.415     0.775000         6139         4.44
      21.327     0.800000         6336         5.00
      22.543     0.825000         6536         5.71
      23.919     0.850000         6733         6.67
      25.535     0.875000         6932         8.00
      26.351     0.887500         7030         8.89
      27.263     0.900000         7129        10.00
      28.543     0.912500         7227        11.43
      29.951     0.925000         7326        13.33
      31.375     0.937500         7425        16.00
      32.335     0.943750         7477        17.78
      33.375     0.950000         7525        20.00
      34.719     0.956250         7577        22.86
      36.223     0.962500         7623        26.67
      38.239     0.968750         7673        32.00
      39.551     0.971875         7698        35.56
      40.799     0.975000         7722        40.00
      42.335     0.978125         7747        45.71
      44.127     0.981250         7774        53.33
      45.663     0.984375         7797        64.00
      47.103     0.985938         7809        71.11
      48.639     0.987500         7821        80.00
      51.455     0.989062         7835        91.43
      52.639     0.990625         7846       106.67
      53.951     0.992188         7859       128.00
      55.583     0.992969         7865       142.22
      56.863     0.993750         7871       160.00
      57.759     0.994531         7877       182.86
      58.687     0.995313         7883       213.33
      61.567     0.996094         7890       256.00
      62.431     0.996484         7893       284.44
      63.359     0.996875         7896       320.00
      67.903     0.997266         7899       365.71
      69.311     0.997656         7902       426.67
      70.207     0.998047         7905       512.00
      71.359     0.998242         7907       568.89
      71.871     0.998437         7908       640.00
      73.151     0.998633         7910       731.43
      76.031     0.998828         7911       853.33
      87.359     0.999023         7913      1024.00
      91.647     0.999121         7914      1137.78
      91.647     0.999219         7914      1280.00
      93.183     0.999316         7915      1462.86
      94.335     0.999414         7916      1706.67
      95.295     0.999512         7917      2048.00
      95.295     0.999561         7917      2275.56
      95.295     0.999609         7917      2560.00
      99.071     0.999658         7918      2925.71
      99.071     0.999707         7918      3413.33
     104.639     0.999756         7919      4096.00
     104.639     0.999780         7919      4551.11
     104.639     0.999805         7919      5120.00
     104.639     0.999829         7919      5851.43
     104.639     0.999854         7919      6826.67
     122.047     0.999878         7920      8192.00
     122.047     1.000000         7920          inf
#[Mean    =       15.493, StdDeviation   =        9.780]
#[Max     =      121.984, Total count    =         7920]
#[Buckets =           27, SubBuckets     =         2048]
----------------------------------------------------------
  7921 requests in 10.00s, 2.73MB read
  Non-2xx or 3xx responses: 7921
Requests/sec:    791.99
Transfer/sec:    279.98KB
Running 10s test @ http://localhost:8080/wrk2-api/review/compose
  1 threads and 100 connections
  Thread Stats   Avg      Stdev     99%   +/- Stdev
    Latency    26.92ms   19.50ms  99.58ms   84.76%
    Req/Sec       -nan      -nan   0.00      0.00%
  Latency Distribution (HdrHistogram - Recorded Latency)
 50.000%   21.87ms
 75.000%   33.82ms
 90.000%   49.18ms
 99.000%   99.58ms
 99.900%  172.41ms
 99.990%  245.38ms
 99.999%  254.46ms
100.000%  254.46ms

  Detailed Percentile spectrum:
       Value   Percentile   TotalCount 1/(1-Percentile)

       3.877     0.000000            1         1.00
       9.735     0.100000          891         1.11
      12.503     0.200000         1782         1.25
      15.351     0.300000         2671         1.43
      18.511     0.400000         3562         1.67
      21.871     0.500000         4454         2.00
      23.823     0.550000         4898         2.22
      25.999     0.600000         5345         2.50
      28.111     0.650000         5787         2.86
      30.751     0.700000         6233         3.33
      33.823     0.750000         6680         4.00
      35.455     0.775000         6903         4.44
      37.439     0.800000         7125         5.00
      39.551     0.825000         7345         5.71
      42.367     0.850000         7570         6.67
      45.119     0.875000         7794         8.00
      46.975     0.887500         7903         8.89
      49.183     0.900000         8014        10.00
      51.583     0.912500         8124        11.43
      54.783     0.925000         8236        13.33
      58.047     0.937500         8347        16.00
      60.063     0.943750         8404        17.78
      62.623     0.950000         8459        20.00
      65.247     0.956250         8514        22.86
      68.287     0.962500         8571        26.67
      72.447     0.968750         8626        32.00
      75.135     0.971875         8653        35.56
      78.527     0.975000         8681        40.00
      81.343     0.978125         8709        45.71
      84.927     0.981250         8737        53.33
      89.023     0.984375         8764        64.00
      91.839     0.985938         8778        71.11
      94.975     0.987500         8792        80.00
      98.047     0.989062         8807        91.43
     101.055     0.990625         8820       106.67
     104.895     0.992188         8834       128.00
     106.687     0.992969         8841       142.22
     108.671     0.993750         8848       160.00
     111.999     0.994531         8855       182.86
     116.479     0.995313         8862       213.33
     121.279     0.996094         8869       256.00
     123.327     0.996484         8872       284.44
     129.855     0.996875         8876       320.00
     134.143     0.997266         8879       365.71
     144.639     0.997656         8883       426.67
     154.239     0.998047         8886       512.00
     157.951     0.998242         8888       568.89
     160.895     0.998437         8890       640.00
     162.687     0.998633         8891       731.43
     168.831     0.998828         8893       853.33
     184.191     0.999023         8895      1024.00
     187.519     0.999121         8896      1137.78
     188.671     0.999219         8897      1280.00
     188.671     0.999316         8897      1462.86
     194.303     0.999414         8898      1706.67
     208.639     0.999512         8899      2048.00
     210.047     0.999561         8900      2275.56
     210.047     0.999609         8900      2560.00
     210.047     0.999658         8900      2925.71
     215.807     0.999707         8901      3413.33
     215.807     0.999756         8901      4096.00
     245.375     0.999780         8902      4551.11
     245.375     0.999805         8902      5120.00
     245.375     0.999829         8902      5851.43
     245.375     0.999854         8902      6826.67
     245.375     0.999878         8902      8192.00
     254.463     0.999890         8903      9102.22
     254.463     1.000000         8903          inf
#[Mean    =       26.917, StdDeviation   =       19.500]
#[Max     =      254.336, Total count    =         8903]
#[Buckets =           27, SubBuckets     =         2048]
----------------------------------------------------------
  8904 requests in 10.00s, 3.07MB read
  Non-2xx or 3xx responses: 8904
Requests/sec:    890.48
Transfer/sec:    314.80KB
Running 10s test @ http://localhost:8080/wrk2-api/review/compose
  1 threads and 100 connections
  Thread Stats   Avg      Stdev     99%   +/- Stdev
    Latency   326.25ms  298.84ms   1.31s    82.73%
    Req/Sec       -nan      -nan   0.00      0.00%
  Latency Distribution (HdrHistogram - Recorded Latency)
 50.000%  231.04ms
 75.000%  447.23ms
 90.000%  733.70ms
 99.000%    1.31s 
 99.900%    2.37s 
 99.990%    2.56s 
 99.999%    2.56s 
100.000%    2.56s 

  Detailed Percentile spectrum:
       Value   Percentile   TotalCount 1/(1-Percentile)

       3.959     0.000000            1         1.00
      57.183     0.100000          936         1.11
      97.727     0.200000         1872         1.25
     132.223     0.300000         2810         1.43
     175.103     0.400000         3744         1.67
     231.039     0.500000         4679         2.00
     262.911     0.550000         5147         2.22
     298.751     0.600000         5618         2.50
     339.711     0.650000         6082         2.86
     386.047     0.700000         6549         3.33
     447.487     0.750000         7020         4.00
     482.047     0.775000         7251         4.44
     517.119     0.800000         7484         5.00
     559.615     0.825000         7719         5.71
     607.743     0.850000         7953         6.67
     660.479     0.875000         8187         8.00
     697.855     0.887500         8304         8.89
     733.695     0.900000         8421        10.00
     779.263     0.912500         8537        11.43
     827.391     0.925000         8654        13.33
     882.175     0.937500         8772        16.00
     913.919     0.943750         8830        17.78
     948.735     0.950000         8888        20.00
     991.743     0.956250         8946        22.86
    1022.463     0.962500         9006        26.67
    1058.815     0.968750         9064        32.00
    1078.271     0.971875         9092        35.56
    1110.015     0.975000         9122        40.00
    1140.735     0.978125         9152        45.71
    1172.479     0.981250         9181        53.33
    1205.247     0.984375         9209        64.00
    1232.895     0.985938         9224        71.11
    1257.471     0.987500         9240        80.00
    1285.119     0.989062         9253        91.43
    1323.007     0.990625         9268       106.67
    1361.919     0.992188         9282       128.00
    1380.351     0.992969         9290       142.22
    1421.311     0.993750         9297       160.00
    1442.815     0.994531         9306       182.86
    1479.679     0.995313         9312       213.33
    1561.599     0.996094         9319       256.00
    1611.775     0.996484         9323       284.44
    1645.567     0.996875         9326       320.00
    1755.135     0.997266         9330       365.71
    1796.095     0.997656         9334       426.67
    1914.879     0.998047         9337       512.00
    1966.079     0.998242         9339       568.89
    2093.055     0.998437         9342       640.00
    2101.247     0.998633         9343       731.43
    2228.223     0.998828         9345       853.33
    2373.631     0.999023         9346      1024.00
    2404.351     0.999121         9347      1137.78
    2426.879     0.999219         9348      1280.00
    2437.119     0.999316         9349      1462.86
    2504.703     0.999414         9350      1706.67
    2516.991     0.999512         9352      2048.00
    2516.991     0.999561         9352      2275.56
    2516.991     0.999609         9352      2560.00
    2516.991     0.999658         9352      2925.71
    2519.039     0.999707         9353      3413.33
    2519.039     0.999756         9353      4096.00
    2519.039     0.999780         9353      4551.11
    2562.047     0.999805         9354      5120.00
    2562.047     0.999829         9354      5851.43
    2562.047     0.999854         9354      6826.67
    2562.047     0.999878         9354      8192.00
    2562.047     0.999890         9354      9102.22
    2564.095     0.999902         9355     10240.00
    2564.095     1.000000         9355          inf
#[Mean    =      326.252, StdDeviation   =      298.838]
#[Max     =     2562.048, Total count    =         9355]
#[Buckets =           27, SubBuckets     =         2048]
----------------------------------------------------------
  9356 requests in 10.00s, 3.23MB read
  Non-2xx or 3xx responses: 9356
Requests/sec:    935.45
Transfer/sec:    330.70KB
Running 10s test @ http://localhost:8080/wrk2-api/review/compose
  1 threads and 100 connections
  Thread Stats   Avg      Stdev     99%   +/- Stdev
    Latency   587.17ms  527.82ms   2.24s    76.97%
    Req/Sec       -nan      -nan   0.00      0.00%
  Latency Distribution (HdrHistogram - Recorded Latency)
 50.000%  406.53ms
 75.000%  880.13ms
 90.000%    1.38s 
 99.000%    2.24s 
 99.900%    2.75s 
 99.990%    3.05s 
 99.999%    3.16s 
100.000%    3.16s 

  Detailed Percentile spectrum:
       Value   Percentile   TotalCount 1/(1-Percentile)

       3.945     0.000000            1         1.00
      84.927     0.100000          958         1.11
     136.447     0.200000         1917         1.25
     205.439     0.300000         2872         1.43
     293.119     0.400000         3832         1.67
     406.527     0.500000         4786         2.00
     478.975     0.550000         5265         2.22
     565.247     0.600000         5745         2.50
     661.503     0.650000         6223         2.86
     759.807     0.700000         6701         3.33
     880.127     0.750000         7179         4.00
     940.031     0.775000         7423         4.44
    1005.055     0.800000         7658         5.00
    1083.391     0.825000         7898         5.71
    1171.455     0.850000         8137         6.67
    1279.999     0.875000         8380         8.00
    1330.175     0.887500         8498         8.89
    1383.423     0.900000         8615        10.00
    1439.743     0.912500         8735        11.43
    1501.183     0.925000         8857        13.33
    1564.671     0.937500         8974        16.00
    1590.271     0.943750         9036        17.78
    1624.063     0.950000         9094        20.00
    1665.023     0.956250         9156        22.86
    1726.463     0.962500         9216        26.67
    1781.759     0.968750         9273        32.00
    1817.599     0.971875         9303        35.56
    1872.895     0.975000         9333        40.00
    1926.143     0.978125         9363        45.71
    2006.015     0.981250         9393        53.33
    2082.815     0.984375         9423        64.00
    2125.823     0.985938         9438        71.11
    2177.023     0.987500         9453        80.00
    2213.887     0.989062         9468        91.43
    2267.135     0.990625         9483       106.67
    2336.767     0.992188         9498       128.00
    2363.391     0.992969         9505       142.22
    2402.303     0.993750         9514       160.00
    2443.263     0.994531         9520       182.86
    2514.943     0.995313         9528       213.33
    2570.239     0.996094         9535       256.00
    2596.863     0.996484         9539       284.44
    2623.487     0.996875         9544       320.00
    2633.727     0.997266         9547       365.71
    2639.871     0.997656         9551       426.67
    2676.735     0.998047         9554       512.00
    2686.975     0.998242         9556       568.89
    2717.695     0.998437         9559       640.00
    2717.695     0.998633         9559       731.43
    2732.031     0.998828         9561       853.33
    2756.607     0.999023         9563      1024.00
    2799.615     0.999121         9564      1137.78
    2815.999     0.999219         9565      1280.00
    2840.575     0.999316         9566      1462.86
    2865.151     0.999414         9567      1706.67
    2945.023     0.999512         9568      2048.00
    2945.023     0.999561         9568      2275.56
    2973.695     0.999609         9569      2560.00
    2973.695     0.999658         9569      2925.71
    3043.327     0.999707         9570      3413.33
    3043.327     0.999756         9570      4096.00
    3043.327     0.999780         9570      4551.11
    3049.471     0.999805         9571      5120.00
    3049.471     0.999829         9571      5851.43
    3049.471     0.999854         9571      6826.67
    3049.471     0.999878         9571      8192.00
    3049.471     0.999890         9571      9102.22
    3158.015     0.999902         9572     10240.00
    3158.015     1.000000         9572          inf
#[Mean    =      587.170, StdDeviation   =      527.823]
#[Max     =     3155.968, Total count    =         9572]
#[Buckets =           27, SubBuckets     =         2048]
----------------------------------------------------------
  9573 requests in 10.00s, 3.30MB read
  Non-2xx or 3xx responses: 9573
Requests/sec:    957.41
Transfer/sec:    338.46KB
Running 10s test @ http://localhost:8080/wrk2-api/review/compose
  1 threads and 100 connections
  Thread Stats   Avg      Stdev     99%   +/- Stdev
    Latency   958.02ms  782.26ms   3.16s    66.70%
    Req/Sec       -nan      -nan   0.00      0.00%
  Latency Distribution (HdrHistogram - Recorded Latency)
 50.000%  778.24ms
 75.000%    1.42s 
 90.000%    2.11s 
 99.000%    3.16s 
 99.900%    4.03s 
 99.990%    4.38s 
 99.999%    4.55s 
100.000%    4.55s 

  Detailed Percentile spectrum:
       Value   Percentile   TotalCount 1/(1-Percentile)

       4.061     0.000000            1         1.00
     117.887     0.100000          945         1.11
     230.527     0.200000         1890         1.25
     381.695     0.300000         2835         1.43
     568.319     0.400000         3782         1.67
     778.239     0.500000         4727         2.00
     884.735     0.550000         5196         2.22
     997.375     0.600000         5670         2.50
    1122.303     0.650000         6142         2.86
    1264.639     0.700000         6615         3.33
    1421.311     0.750000         7089         4.00
    1529.855     0.775000         7326         4.44
    1633.279     0.800000         7558         5.00
    1747.967     0.825000         7796         5.71
    1869.823     0.850000         8031         6.67
    1986.559     0.875000         8267         8.00
    2039.807     0.887500         8385         8.89
    2107.391     0.900000         8504        10.00
    2187.263     0.912500         8622        11.43
    2279.423     0.925000         8741        13.33
    2365.439     0.937500         8858        16.00
    2404.351     0.943750         8918        17.78
    2445.311     0.950000         8978        20.00
    2488.319     0.956250         9034        22.86
    2568.191     0.962500         9093        26.67
    2670.591     0.968750         9153        32.00
    2719.743     0.971875         9182        35.56
    2764.799     0.975000         9213        40.00
    2815.999     0.978125         9241        45.71
    2887.679     0.981250         9271        53.33
    2969.599     0.984375         9300        64.00
    3028.991     0.985938         9315        71.11
    3069.951     0.987500         9329        80.00
    3135.487     0.989062         9345        91.43
    3182.591     0.990625         9359       106.67
    3317.759     0.992188         9374       128.00
    3371.007     0.992969         9382       142.22
    3452.927     0.993750         9388       160.00
    3538.943     0.994531         9396       182.86
    3606.527     0.995313         9404       213.33
    3651.583     0.996094         9411       256.00
    3698.687     0.996484         9415       284.44
    3706.879     0.996875         9418       320.00
    3772.415     0.997266         9423       365.71
    3782.655     0.997656         9425       426.67
    3821.567     0.998047         9430       512.00
    3825.663     0.998242         9431       568.89
    3864.575     0.998437         9433       640.00
    3905.535     0.998633         9435       731.43
    3954.687     0.998828         9436       853.33
    4026.367     0.999023         9438      1024.00
    4075.519     0.999121         9439      1137.78
    4110.335     0.999219         9440      1280.00
    4118.527     0.999316         9441      1462.86
    4218.879     0.999414         9442      1706.67
    4235.263     0.999512         9443      2048.00
    4235.263     0.999561         9443      2275.56
    4263.935     0.999609         9444      2560.00
    4263.935     0.999658         9444      2925.71
    4308.991     0.999707         9445      3413.33
    4308.991     0.999756         9445      4096.00
    4308.991     0.999780         9445      4551.11
    4382.719     0.999805         9446      5120.00
    4382.719     0.999829         9446      5851.43
    4382.719     0.999854         9446      6826.67
    4382.719     0.999878         9446      8192.00
    4382.719     0.999890         9446      9102.22
    4550.655     0.999902         9447     10240.00
    4550.655     1.000000         9447          inf
#[Mean    =      958.021, StdDeviation   =      782.261]
#[Max     =     4546.560, Total count    =         9447]
#[Buckets =           27, SubBuckets     =         2048]
----------------------------------------------------------
  9450 requests in 10.00s, 3.26MB read
  Non-2xx or 3xx responses: 9450
Requests/sec:    944.99
Transfer/sec:    334.07KB
Running 10s test @ http://localhost:8080/wrk2-api/review/compose
  1 threads and 100 connections
  Thread Stats   Avg      Stdev     99%   +/- Stdev
    Latency     1.23s   993.60ms   4.15s    68.61%
    Req/Sec       -nan      -nan   0.00      0.00%
  Latency Distribution (HdrHistogram - Recorded Latency)
 50.000%  980.99ms
 75.000%    1.81s 
 90.000%    2.65s 
 99.000%    4.15s 
 99.900%    5.10s 
 99.990%    5.42s 
 99.999%    5.46s 
100.000%    5.46s 

  Detailed Percentile spectrum:
       Value   Percentile   TotalCount 1/(1-Percentile)

       3.757     0.000000            1         1.00
     157.183     0.100000          947         1.11
     335.871     0.200000         1895         1.25
     530.943     0.300000         2843         1.43
     748.543     0.400000         3786         1.67
     980.991     0.500000         4733         2.00
    1119.231     0.550000         5210         2.22
    1259.519     0.600000         5683         2.50
    1441.791     0.650000         6153         2.86
    1623.039     0.700000         6627         3.33
    1814.527     0.750000         7102         4.00
    1933.311     0.775000         7337         4.44
    2061.311     0.800000         7575         5.00
    2187.263     0.825000         7810         5.71
    2332.671     0.850000         8050         6.67
    2476.031     0.875000         8285         8.00
    2547.711     0.887500         8401         8.89
    2648.063     0.900000         8522        10.00
    2750.463     0.912500         8637        11.43
    2877.439     0.925000         8757        13.33
    2979.839     0.937500         8876        16.00
    3057.663     0.943750         8933        17.78
    3174.399     0.950000         8992        20.00
    3299.327     0.956250         9053        22.86
    3436.543     0.962500         9113        26.67
    3575.807     0.968750         9170        32.00
    3633.151     0.971875         9200        35.56
    3713.023     0.975000         9229        40.00
    3780.607     0.978125         9259        45.71
    3856.383     0.981250         9289        53.33
    3958.783     0.984375         9318        64.00
    4003.839     0.985938         9333        71.11
    4063.231     0.987500         9347        80.00
    4130.815     0.989062         9364        91.43
    4169.727     0.990625         9378       106.67
    4259.839     0.992188         9392       128.00
    4284.415     0.992969         9399       142.22
    4329.471     0.993750         9406       160.00
    4366.335     0.994531         9414       182.86
    4448.255     0.995313         9421       213.33
    4558.847     0.996094         9429       256.00
    4595.711     0.996484         9432       284.44
    4689.919     0.996875         9436       320.00
    4784.127     0.997266         9440       365.71
    4820.991     0.997656         9443       426.67
    4919.295     0.998047         9447       512.00
    4931.583     0.998242         9449       568.89
    4972.543     0.998437         9451       640.00
    5038.079     0.998633         9453       731.43
    5042.175     0.998828         9454       853.33
    5103.615     0.999023         9456      1024.00
    5128.191     0.999121         9457      1137.78
    5144.575     0.999219         9458      1280.00
    5193.727     0.999316         9459      1462.86
    5222.399     0.999414         9460      1706.67
    5226.495     0.999512         9461      2048.00
    5226.495     0.999561         9461      2275.56
    5279.743     0.999609         9462      2560.00
    5279.743     0.999658         9462      2925.71
    5328.895     0.999707         9463      3413.33
    5328.895     0.999756         9463      4096.00
    5328.895     0.999780         9463      4551.11
    5419.007     0.999805         9464      5120.00
    5419.007     0.999829         9464      5851.43
    5419.007     0.999854         9464      6826.67
    5419.007     0.999878         9464      8192.00
    5419.007     0.999890         9464      9102.22
    5464.063     0.999902         9465     10240.00
    5464.063     1.000000         9465          inf
#[Mean    =     1231.951, StdDeviation   =      993.604]
#[Max     =     5459.968, Total count    =         9465]
#[Buckets =           27, SubBuckets     =         2048]
----------------------------------------------------------
  9473 requests in 10.01s, 3.27MB read
  Non-2xx or 3xx responses: 9473
Requests/sec:    946.64
Transfer/sec:    334.65KB
Running 10s test @ http://localhost:8080/wrk2-api/review/compose
  1 threads and 100 connections
  Thread Stats   Avg      Stdev     99%   +/- Stdev
    Latency     1.43s     1.13s    4.64s    65.56%
    Req/Sec       -nan      -nan   0.00      0.00%
  Latency Distribution (HdrHistogram - Recorded Latency)
 50.000%    1.20s 
 75.000%    2.20s 
 90.000%    3.05s 
 99.000%    4.64s 
 99.900%    5.26s 
 99.990%    5.48s 
 99.999%    5.55s 
100.000%    5.55s 

  Detailed Percentile spectrum:
       Value   Percentile   TotalCount 1/(1-Percentile)

       4.119     0.000000            1         1.00
     174.207     0.100000          931         1.11
     345.855     0.200000         1862         1.25
     586.239     0.300000         2793         1.43
     873.983     0.400000         3727         1.67
    1198.079     0.500000         4657         2.00
    1367.039     0.550000         5121         2.22
    1543.167     0.600000         5586         2.50
    1753.087     0.650000         6050         2.86
    1984.511     0.700000         6517         3.33
    2203.647     0.750000         6985         4.00
    2306.047     0.775000         7213         4.44
    2418.687     0.800000         7447         5.00
    2531.327     0.825000         7680         5.71
    2668.543     0.850000         7911         6.67
    2842.623     0.875000         8145         8.00
    2942.975     0.887500         8261         8.89
    3047.423     0.900000         8378        10.00
    3162.111     0.912500         8493        11.43
    3291.135     0.925000         8610        13.33
    3454.975     0.937500         8727        16.00
    3520.511     0.943750         8786        17.78
    3608.575     0.950000         8844        20.00
    3686.399     0.956250         8901        22.86
    3778.559     0.962500         8958        26.67
    3880.959     0.968750         9017        32.00
    3956.735     0.971875         9046        35.56
    4005.887     0.975000         9076        40.00
    4104.191     0.978125         9106        45.71
    4188.159     0.981250         9133        53.33
    4280.319     0.984375         9163        64.00
    4345.855     0.985938         9177        71.11
    4440.063     0.987500         9192        80.00
    4562.943     0.989062         9206        91.43
    4706.303     0.990625         9220       106.67
    4755.455     0.992188         9236       128.00
    4784.127     0.992969         9243       142.22
    4837.375     0.993750         9250       160.00
    4874.239     0.994531         9258       182.86
    4923.391     0.995313         9266       213.33
    4960.255     0.996094         9272       256.00
    4993.023     0.996484         9275       284.44
    5058.559     0.996875         9278       320.00
    5103.615     0.997266         9283       365.71
    5140.479     0.997656         9286       426.67
    5160.959     0.998047         9290       512.00
    5169.151     0.998242         9291       568.89
    5189.631     0.998437         9293       640.00
    5201.919     0.998633         9295       731.43
    5259.263     0.998828         9298       853.33
    5259.263     0.999023         9298      1024.00
    5263.359     0.999121         9299      1137.78
    5271.551     0.999219         9300      1280.00
    5275.647     0.999316         9301      1462.86
    5320.703     0.999414         9302      1706.67
    5328.895     0.999512         9303      2048.00
    5328.895     0.999561         9303      2275.56
    5341.183     0.999609         9304      2560.00
    5341.183     0.999658         9304      2925.71
    5386.239     0.999707         9305      3413.33
    5386.239     0.999756         9305      4096.00
    5386.239     0.999780         9305      4551.11
    5480.447     0.999805         9306      5120.00
    5480.447     0.999829         9306      5851.43
    5480.447     0.999854         9306      6826.67
    5480.447     0.999878         9306      8192.00
    5480.447     0.999890         9306      9102.22
    5545.983     0.999902         9307     10240.00
    5545.983     1.000000         9307          inf
#[Mean    =     1431.174, StdDeviation   =     1129.159]
#[Max     =     5541.888, Total count    =         9307]
#[Buckets =           27, SubBuckets     =         2048]
----------------------------------------------------------
  9308 requests in 10.00s, 3.21MB read
  Non-2xx or 3xx responses: 9308
Requests/sec:    930.82
Transfer/sec:    329.06KB
Running 10s test @ http://localhost:8080/wrk2-api/review/compose
  1 threads and 100 connections
  Thread Stats   Avg      Stdev     99%   +/- Stdev
    Latency     2.03s     1.38s    5.39s    61.31%
    Req/Sec       -nan      -nan   0.00      0.00%
  Latency Distribution (HdrHistogram - Recorded Latency)
 50.000%    1.87s 
 75.000%    3.09s 
 90.000%    3.94s 
 99.000%    5.39s 
 99.900%    6.15s 
 99.990%    6.41s 
 99.999%    6.50s 
100.000%    6.50s 

  Detailed Percentile spectrum:
       Value   Percentile   TotalCount 1/(1-Percentile)

       5.335     0.000000            1         1.00
     300.031     0.100000          876         1.11
     664.063     0.200000         1753         1.25
     974.335     0.300000         2627         1.43
    1476.607     0.400000         3503         1.67
    1874.943     0.500000         4378         2.00
    2125.823     0.550000         4815         2.22
    2359.295     0.600000         5254         2.50
    2574.335     0.650000         5694         2.86
    2830.335     0.700000         6128         3.33
    3088.383     0.750000         6568         4.00
    3219.455     0.775000         6790         4.44
    3360.767     0.800000         7004         5.00
    3493.887     0.825000         7224         5.71
    3612.671     0.850000         7442         6.67
    3762.175     0.875000         7662         8.00
    3846.143     0.887500         7772         8.89
    3938.303     0.900000         7879        10.00
    4026.367     0.912500         7989        11.43
    4124.671     0.925000         8099        13.33
    4251.647     0.937500         8208        16.00
    4321.279     0.943750         8262        17.78
    4390.911     0.950000         8318        20.00
    4472.831     0.956250         8373        22.86
    4603.903     0.962500         8426        26.67
    4734.975     0.968750         8481        32.00
    4796.415     0.971875         8509        35.56
    4886.527     0.975000         8537        40.00
    4972.543     0.978125         8566        45.71
    5033.983     0.981250         8590        53.33
    5156.863     0.984375         8618        64.00
    5185.535     0.985938         8631        71.11
    5234.687     0.987500         8646        80.00
    5320.703     0.989062         8659        91.43
    5451.775     0.990625         8672       106.67
    5554.175     0.992188         8686       128.00
    5623.807     0.992969         8693       142.22
    5705.727     0.993750         8700       160.00
    5767.167     0.994531         8707       182.86
    5816.319     0.995313         8713       213.33
    5881.855     0.996094         8720       256.00
    5906.431     0.996484         8724       284.44
    5918.719     0.996875         8727       320.00
    5939.199     0.997266         8731       365.71
    6000.639     0.997656         8735       426.67
    6021.119     0.998047         8737       512.00
    6037.503     0.998242         8739       568.89
    6094.847     0.998437         8742       640.00
    6103.039     0.998633         8743       731.43
    6107.135     0.998828         8744       853.33
    6172.671     0.999023         8746      1024.00
    6189.055     0.999121         8747      1137.78
    6205.439     0.999219         8748      1280.00
    6291.455     0.999316         8749      1462.86
    6291.455     0.999414         8749      1706.67
    6328.319     0.999512         8750      2048.00
    6340.607     0.999561         8751      2275.56
    6340.607     0.999609         8751      2560.00
    6352.895     0.999658         8752      2925.71
    6352.895     0.999707         8752      3413.33
    6352.895     0.999756         8752      4096.00
    6410.239     0.999780         8753      4551.11
    6410.239     0.999805         8753      5120.00
    6410.239     0.999829         8753      5851.43
    6410.239     0.999854         8753      6826.67
    6410.239     0.999878         8753      8192.00
    6500.351     0.999890         8754      9102.22
    6500.351     1.000000         8754          inf
#[Mean    =     2033.647, StdDeviation   =     1379.804]
#[Max     =     6496.256, Total count    =         8754]
#[Buckets =           27, SubBuckets     =         2048]
----------------------------------------------------------
  8755 requests in 10.00s, 3.02MB read
  Non-2xx or 3xx responses: 8755
Requests/sec:    875.57
Transfer/sec:    309.53KB
