Running 5s test @ http://127.0.0.1:8080
  1 threads and 50 connections
  Thread Stats   Avg      Stdev     99%   +/- Stdev
    Latency   206.05us   61.35us 364.00us   83.76%
    Req/Sec       -nan      -nan   0.00      0.00%
  Latency Distribution (HdrHistogram - Recorded Latency)
 50.000%  186.00us
 75.000%  226.00us
 90.000%  285.00us
 99.000%  364.00us
 99.900%    1.00ms
 99.990%    1.09ms
 99.999%    1.09ms
100.000%    1.09ms

  Detailed Percentile spectrum:
       Value   Percentile   TotalCount 1/(1-Percentile)

       0.134     0.000000            1         1.00
       0.158     0.100000          268         1.11
       0.164     0.200000          496         1.25
       0.176     0.300000          763         1.43
       0.182     0.400000          981         1.67
       0.186     0.500000         1267         2.00
       0.189     0.550000         1352         2.22
       0.195     0.600000         1487         2.50
       0.204     0.650000         1596         2.86
       0.215     0.700000         1729         3.33
       0.226     0.750000         1838         4.00
       0.237     0.775000         1899         4.44
       0.247     0.800000         1960         5.00
       0.258     0.825000         2024         5.71
       0.267     0.850000         2089         6.67
       0.275     0.875000         2146         8.00
       0.281     0.887500         2180         8.89
       0.285     0.900000         2210        10.00
       0.289     0.912500         2238        11.43
       0.293     0.925000         2269        13.33
       0.296     0.937500         2297        16.00
       0.299     0.943750         2315        17.78
       0.302     0.950000         2330        20.00
       0.305     0.956250         2344        22.86
       0.310     0.962500         2362        26.67
       0.315     0.968750         2374        32.00
       0.317     0.971875         2383        35.56
       0.321     0.975000         2390        40.00
       0.324     0.978125         2397        45.71
       0.335     0.981250         2406        53.33
       0.346     0.984375         2412        64.00
       0.357     0.985938         2416        71.11
       0.360     0.987500         2421        80.00
       0.361     0.989062         2424        91.43
       0.366     0.990625         2428       106.67
       0.369     0.992188         2432       128.00
       0.370     0.992969         2433       142.22
       0.372     0.993750         2435       160.00
       0.375     0.994531         2437       182.86
       0.386     0.995313         2439       213.33
       0.395     0.996094         2441       256.00
       0.398     0.996484         2442       284.44
       0.409     0.996875         2443       320.00
       0.538     0.997266         2444       365.71
       0.749     0.997656         2445       426.67
       0.870     0.998047         2446       512.00
       0.870     0.998242         2446       568.89
       0.881     0.998437         2447       640.00
       0.881     0.998633         2447       731.43
       1.004     0.998828         2448       853.33
       1.004     0.999023         2448      1024.00
       1.004     0.999121         2448      1137.78
       1.015     0.999219         2449      1280.00
       1.015     0.999316         2449      1462.86
       1.015     0.999414         2449      1706.67
       1.015     0.999512         2449      2048.00
       1.015     0.999561         2449      2275.56
       1.094     0.999609         2450      2560.00
       1.094     1.000000         2450          inf
#[Mean    =        0.206, StdDeviation   =        0.061]
#[Max     =        1.094, Total count    =         2450]
#[Buckets =           27, SubBuckets     =         2048]
----------------------------------------------------------
  2451 requests in 5.01s, 2.09MB read
Requests/sec:    489.65
Transfer/sec:    428.45KB
Running 5s test @ http://127.0.0.1:8080
  1 threads and 50 connections
  Thread Stats   Avg      Stdev     99%   +/- Stdev
    Latency   726.27us  235.53us   1.33ms   69.44%
    Req/Sec       -nan      -nan   0.00      0.00%
  Latency Distribution (HdrHistogram - Recorded Latency)
 50.000%  702.00us
 75.000%    0.87ms
 90.000%    1.03ms
 99.000%    1.33ms
 99.900%    2.25ms
 99.990%    3.03ms
 99.999%    3.42ms
100.000%    3.42ms

  Detailed Percentile spectrum:
       Value   Percentile   TotalCount 1/(1-Percentile)

       0.158     0.000000            1         1.00
       0.447     0.100000         4975         1.11
       0.527     0.200000         9998         1.25
       0.587     0.300000        14941         1.43
       0.644     0.400000        19909         1.67
       0.702     0.500000        24877         2.00
       0.731     0.550000        27365         2.22
       0.763     0.600000        29814         2.50
       0.798     0.650000        32310         2.86
       0.834     0.700000        34841         3.33
       0.874     0.750000        37299         4.00
       0.896     0.775000        38509         4.44
       0.919     0.800000        39763         5.00
       0.943     0.825000        40998         5.71
       0.971     0.850000        42267         6.67
       0.999     0.875000        43481         8.00
       1.017     0.887500        44116         8.89
       1.034     0.900000        44741        10.00
       1.052     0.912500        45358        11.43
       1.072     0.925000        45966        13.33
       1.096     0.937500        46590        16.00
       1.109     0.943750        46897        17.78
       1.123     0.950000        47211        20.00
       1.139     0.956250        47507        22.86
       1.160     0.962500        47817        26.67
       1.184     0.968750        48127        32.00
       1.198     0.971875        48290        35.56
       1.213     0.975000        48438        40.00
       1.231     0.978125        48592        45.71
       1.249     0.981250        48747        53.33
       1.271     0.984375        48903        64.00
       1.284     0.985938        48979        71.11
       1.299     0.987500        49058        80.00
       1.317     0.989062        49137        91.43
       1.336     0.990625        49214       106.67
       1.358     0.992188        49290       128.00
       1.372     0.992969        49330       142.22
       1.391     0.993750        49367       160.00
       1.412     0.994531        49406       182.86
       1.431     0.995313        49445       213.33
       1.461     0.996094        49483       256.00
       1.484     0.996484        49504       284.44
       1.517     0.996875        49522       320.00
       1.553     0.997266        49542       365.71
       1.614     0.997656        49561       426.67
       1.690     0.998047        49580       512.00
       1.708     0.998242        49591       568.89
       1.765     0.998437        49600       640.00
       1.911     0.998633        49611       731.43
       2.189     0.998828        49619       853.33
       2.271     0.999023        49629      1024.00
       2.297     0.999121        49636      1137.78
       2.309     0.999219        49641      1280.00
       2.327     0.999316        49645      1462.86
       2.345     0.999414        49650      1706.67
       2.351     0.999512        49654      2048.00
       2.359     0.999561        49656      2275.56
       2.363     0.999609        49658      2560.00
       2.403     0.999658        49661      2925.71
       2.407     0.999707        49663      3413.33
       2.617     0.999756        49665      4096.00
       2.933     0.999780        49667      4551.11
       2.981     0.999805        49668      5120.00
       2.989     0.999829        49669      5851.43
       3.001     0.999854        49670      6826.67
       3.007     0.999878        49671      8192.00
       3.027     0.999890        49672      9102.22
       3.031     0.999902        49673     10240.00
       3.031     0.999915        49673     11702.86
       3.075     0.999927        49674     13653.33
       3.075     0.999939        49674     16384.00
       3.383     0.999945        49675     18204.44
       3.383     0.999951        49675     20480.00
       3.383     0.999957        49675     23405.71
       3.389     0.999963        49676     27306.67
       3.389     0.999969        49676     32768.00
       3.389     0.999973        49676     36408.89
       3.389     0.999976        49676     40960.00
       3.389     0.999979        49676     46811.43
       3.417     0.999982        49677     54613.33
       3.417     1.000000        49677          inf
#[Mean    =        0.726, StdDeviation   =        0.236]
#[Max     =        3.416, Total count    =        49677]
#[Buckets =           27, SubBuckets     =         2048]
----------------------------------------------------------
  49688 requests in 5.00s, 42.46MB read
Requests/sec:   9937.12
Transfer/sec:      8.49MB
Running 5s test @ http://127.0.0.1:8080
  1 threads and 50 connections
  Thread Stats   Avg      Stdev     99%   +/- Stdev
    Latency     0.98ms  348.02us   1.96ms   69.40%
    Req/Sec       -nan      -nan   0.00      0.00%
  Latency Distribution (HdrHistogram - Recorded Latency)
 50.000%    0.91ms
 75.000%    1.22ms
 90.000%    1.43ms
 99.000%    1.96ms
 99.900%    2.70ms
 99.990%    4.03ms
 99.999%    4.08ms
100.000%    4.20ms

  Detailed Percentile spectrum:
       Value   Percentile   TotalCount 1/(1-Percentile)

       0.193     0.000000            1         1.00
       0.586     0.100000         7454         1.11
       0.673     0.200000        14918         1.25
       0.748     0.300000        22429         1.43
       0.822     0.400000        29848         1.67
       0.913     0.500000        37309         2.00
       0.969     0.550000        40997         2.22
       1.031     0.600000        44727         2.50
       1.095     0.650000        48450         2.86
       1.157     0.700000        52203         3.33
       1.217     0.750000        55952         4.00
       1.245     0.775000        57758         4.44
       1.275     0.800000        59628         5.00
       1.307     0.825000        61528         5.71
       1.343     0.850000        63370         6.67
       1.383     0.875000        65203         8.00
       1.407     0.887500        66153         8.89
       1.431     0.900000        67074        10.00
       1.459     0.912500        68028        11.43
       1.490     0.925000        68944        13.33
       1.529     0.937500        69873        16.00
       1.552     0.943750        70326        17.78
       1.576     0.950000        70799        20.00
       1.603     0.956250        71275        22.86
       1.636     0.962500        71729        26.67
       1.673     0.968750        72189        32.00
       1.698     0.971875        72421        35.56
       1.726     0.975000        72659        40.00
       1.761     0.978125        72890        45.71
       1.808     0.981250        73120        53.33
       1.860     0.984375        73355        64.00
       1.889     0.985938        73474        71.11
       1.915     0.987500        73590        80.00
       1.941     0.989062        73704        91.43
       1.975     0.990625        73821       106.67
       2.009     0.992188        73934       128.00
       2.030     0.992969        73994       142.22
       2.059     0.993750        74053       160.00
       2.085     0.994531        74110       182.86
       2.113     0.995313        74168       213.33
       2.143     0.996094        74228       256.00
       2.157     0.996484        74255       284.44
       2.177     0.996875        74284       320.00
       2.193     0.997266        74315       365.71
       2.209     0.997656        74342       426.67
       2.231     0.998047        74371       512.00
       2.251     0.998242        74386       568.89
       2.319     0.998437        74400       640.00
       2.379     0.998633        74416       731.43
       2.535     0.998828        74429       853.33
       2.713     0.999023        74445      1024.00
       2.751     0.999121        74451      1137.78
       2.779     0.999219        74459      1280.00
       2.841     0.999316        74466      1462.86
       3.209     0.999414        74473      1706.67
       3.445     0.999512        74480      2048.00
       3.541     0.999561        74484      2275.56
       3.585     0.999609        74487      2560.00
       3.907     0.999658        74492      2925.71
       3.921     0.999707        74496      3413.33
       3.957     0.999756        74498      4096.00
       3.969     0.999780        74500      4551.11
       3.979     0.999805        74502      5120.00
       3.985     0.999829        74504      5851.43
       4.011     0.999854        74506      6826.67
       4.019     0.999878        74507      8192.00
       4.029     0.999890        74508      9102.22
       4.031     0.999902        74509     10240.00
       4.033     0.999915        74510     11702.86
       4.041     0.999927        74511     13653.33
       4.059     0.999939        74512     16384.00
       4.059     0.999945        74512     18204.44
       4.061     0.999951        74513     20480.00
       4.061     0.999957        74513     23405.71
       4.073     0.999963        74514     27306.67
       4.073     0.999969        74514     32768.00
       4.073     0.999973        74514     36408.89
       4.077     0.999976        74515     40960.00
       4.077     0.999979        74515     46811.43
       4.077     0.999982        74515     54613.33
       4.077     0.999985        74515     65536.00
       4.077     0.999986        74515     72817.78
       4.195     0.999988        74516     81920.00
       4.195     1.000000        74516          inf
#[Mean    =        0.978, StdDeviation   =        0.348]
#[Max     =        4.192, Total count    =        74516]
#[Buckets =           27, SubBuckets     =         2048]
----------------------------------------------------------
  74536 requests in 5.00s, 63.69MB read
Requests/sec:  14907.30
Transfer/sec:     12.74MB
Running 5s test @ http://127.0.0.1:8080
  1 threads and 50 connections
  Thread Stats   Avg      Stdev     99%   +/- Stdev
    Latency     1.37ms  679.41us   3.94ms   82.07%
    Req/Sec       -nan      -nan   0.00      0.00%
  Latency Distribution (HdrHistogram - Recorded Latency)
 50.000%    1.18ms
 75.000%    1.63ms
 90.000%    2.19ms
 99.000%    3.94ms
 99.900%    5.29ms
 99.990%    6.24ms
 99.999%    6.64ms
100.000%    6.64ms

  Detailed Percentile spectrum:
       Value   Percentile   TotalCount 1/(1-Percentile)

       0.182     0.000000            1         1.00
       0.759     0.100000        10001         1.11
       0.868     0.200000        19916         1.25
       0.965     0.300000        29880         1.43
       1.067     0.400000        39808         1.67
       1.183     0.500000        49697         2.00
       1.258     0.550000        54688         2.22
       1.342     0.600000        59626         2.50
       1.433     0.650000        64614         2.86
       1.525     0.700000        69563         3.33
       1.629     0.750000        74568         4.00
       1.685     0.775000        77037         4.44
       1.751     0.800000        79515         5.00
       1.825     0.825000        81984         5.71
       1.922     0.850000        84471         6.67
       2.043     0.875000        86974         8.00
       2.115     0.887500        88211         8.89
       2.191     0.900000        89450        10.00
       2.279     0.912500        90688        11.43
       2.383     0.925000        91937        13.33
       2.511     0.937500        93168        16.00
       2.593     0.943750        93784        17.78
       2.685     0.950000        94422        20.00
       2.803     0.956250        95036        22.86
       2.923     0.962500        95656        26.67
       3.079     0.968750        96276        32.00
       3.189     0.971875        96579        35.56
       3.307     0.975000        96890        40.00
       3.419     0.978125        97202        45.71
       3.523     0.981250        97514        53.33
       3.659     0.984375        97822        64.00
       3.725     0.985938        97977        71.11
       3.803     0.987500        98132        80.00
       3.893     0.989062        98292        91.43
       3.975     0.990625        98446       106.67
       4.103     0.992188        98600       128.00
       4.195     0.992969        98679       142.22
       4.279     0.993750        98753       160.00
       4.371     0.994531        98832       182.86
       4.451     0.995313        98909       213.33
       4.567     0.996094        98986       256.00
       4.627     0.996484        99025       284.44
       4.687     0.996875        99063       320.00
       4.771     0.997266        99103       365.71
       4.855     0.997656        99141       426.67
       4.975     0.998047        99181       512.00
       5.031     0.998242        99199       568.89
       5.075     0.998437        99219       640.00
       5.123     0.998633        99238       731.43
       5.199     0.998828        99257       853.33
       5.299     0.999023        99276      1024.00
       5.371     0.999121        99286      1137.78
       5.543     0.999219        99296      1280.00
       5.683     0.999316        99306      1462.86
       5.831     0.999414        99315      1706.67
       5.971     0.999512        99326      2048.00
       5.987     0.999561        99330      2275.56
       6.007     0.999609        99335      2560.00
       6.083     0.999658        99340      2925.71
       6.135     0.999707        99348      3413.33
       6.139     0.999756        99351      4096.00
       6.155     0.999780        99352      4551.11
       6.183     0.999805        99354      5120.00
       6.219     0.999829        99357      5851.43
       6.227     0.999854        99359      6826.67
       6.235     0.999878        99361      8192.00
       6.243     0.999890        99364      9102.22
       6.243     0.999902        99364     10240.00
       6.247     0.999915        99365     11702.86
       6.251     0.999927        99366     13653.33
       6.255     0.999939        99367     16384.00
       6.267     0.999945        99368     18204.44
       6.275     0.999951        99369     20480.00
       6.275     0.999957        99369     23405.71
       6.599     0.999963        99370     27306.67
       6.599     0.999969        99370     32768.00
       6.639     0.999973        99372     36408.89
       6.639     0.999976        99372     40960.00
       6.639     0.999979        99372     46811.43
       6.639     0.999982        99372     54613.33
       6.639     0.999985        99372     65536.00
       6.639     0.999986        99372     72817.78
       6.639     0.999988        99372     81920.00
       6.639     0.999989        99372     93622.86
       6.643     0.999991        99373    109226.67
       6.643     1.000000        99373          inf
#[Mean    =        1.373, StdDeviation   =        0.679]
#[Max     =        6.640, Total count    =        99373]
#[Buckets =           27, SubBuckets     =         2048]
----------------------------------------------------------
  99374 requests in 5.00s, 84.91MB read
Requests/sec:  19872.38
Transfer/sec:     16.98MB
Running 5s test @ http://127.0.0.1:8080
  1 threads and 50 connections
  Thread Stats   Avg      Stdev     99%   +/- Stdev
    Latency     3.18ms    1.37ms   7.46ms   69.88%
    Req/Sec       -nan      -nan   0.00      0.00%
  Latency Distribution (HdrHistogram - Recorded Latency)
 50.000%    3.01ms
 75.000%    4.00ms
 90.000%    4.89ms
 99.000%    7.46ms
 99.900%   10.69ms
 99.990%   11.94ms
 99.999%   12.31ms
100.000%   12.33ms

  Detailed Percentile spectrum:
       Value   Percentile   TotalCount 1/(1-Percentile)

       0.236     0.000000            1         1.00
       1.592     0.100000        12445         1.11
       1.951     0.200000        24871         1.25
       2.317     0.300000        37259         1.43
       2.645     0.400000        49727         1.67
       3.005     0.500000        62129         2.00
       3.209     0.550000        68307         2.22
       3.429     0.600000        74511         2.50
       3.625     0.650000        80766         2.86
       3.807     0.700000        86955         3.33
       3.997     0.750000        93148         4.00
       4.111     0.775000        96362         4.44
       4.223     0.800000        99357         5.00
       4.355     0.825000       102509         5.71
       4.499     0.850000       105592         6.67
       4.675     0.875000       108670         8.00
       4.779     0.887500       110217         8.89
       4.891     0.900000       111772        10.00
       5.003     0.912500       113335        11.43
       5.131     0.925000       114882        13.33
       5.279     0.937500       116427        16.00
       5.359     0.943750       117214        17.78
       5.483     0.950000       117976        20.00
       5.635     0.956250       118773        22.86
       5.799     0.962500       119529        26.67
       5.983     0.968750       120316        32.00
       6.119     0.971875       120700        35.56
       6.275     0.975000       121090        40.00
       6.411     0.978125       121475        45.71
       6.575     0.981250       121856        53.33
       6.839     0.984375       122248        64.00
       6.995     0.985938       122448        71.11
       7.163     0.987500       122634        80.00
       7.339     0.989062       122829        91.43
       7.531     0.990625       123021       106.67
       7.715     0.992188       123214       128.00
       7.807     0.992969       123312       142.22
       7.935     0.993750       123411       160.00
       8.115     0.994531       123505       182.86
       8.391     0.995313       123602       213.33
       8.855     0.996094       123710       256.00
       9.055     0.996484       123749       284.44
       9.167     0.996875       123796       320.00
       9.351     0.997266       123845       365.71
       9.439     0.997656       123893       426.67
       9.799     0.998047       123944       512.00
       9.839     0.998242       123967       568.89
       9.999     0.998437       123990       640.00
      10.351     0.998633       124016       731.43
      10.599     0.998828       124039       853.33
      10.711     0.999023       124066      1024.00
      10.727     0.999121       124077      1137.78
      10.767     0.999219       124092      1280.00
      10.887     0.999316       124100      1462.86
      11.031     0.999414       124114      1706.67
      11.167     0.999512       124126      2048.00
      11.207     0.999561       124130      2275.56
      11.231     0.999609       124136      2560.00
      11.287     0.999658       124143      2925.71
      11.351     0.999707       124148      3413.33
      11.383     0.999756       124154      4096.00
      11.703     0.999780       124157      4551.11
      11.815     0.999805       124160      5120.00
      11.903     0.999829       124163      5851.43
      11.927     0.999854       124168      6826.67
      11.935     0.999878       124170      8192.00
      11.943     0.999890       124174      9102.22
      11.943     0.999902       124174     10240.00
      11.943     0.999915       124174     11702.86
      12.031     0.999927       124175     13653.33
      12.231     0.999939       124179     16384.00
      12.231     0.999945       124179     18204.44
      12.231     0.999951       124179     20480.00
      12.231     0.999957       124179     23405.71
      12.239     0.999963       124180     27306.67
      12.287     0.999969       124182     32768.00
      12.287     0.999973       124182     36408.89
      12.287     0.999976       124182     40960.00
      12.287     0.999979       124182     46811.43
      12.287     0.999982       124182     54613.33
      12.311     0.999985       124183     65536.00
      12.311     0.999986       124183     72817.78
      12.311     0.999988       124183     81920.00
      12.311     0.999989       124183     93622.86
      12.311     0.999991       124183    109226.67
      12.327     0.999992       124184    131072.00
      12.327     1.000000       124184          inf
#[Mean    =        3.181, StdDeviation   =        1.372]
#[Max     =       12.320, Total count    =       124184]
#[Buckets =           27, SubBuckets     =         2048]
----------------------------------------------------------
  124185 requests in 5.00s, 106.12MB read
Requests/sec:  24834.55
Transfer/sec:     21.22MB
Running 5s test @ http://127.0.0.1:8080
  1 threads and 50 connections
  Thread Stats   Avg      Stdev     99%   +/- Stdev
    Latency     4.13ms    1.66ms   9.58ms   77.23%
    Req/Sec       -nan      -nan   0.00      0.00%
  Latency Distribution (HdrHistogram - Recorded Latency)
 50.000%    3.90ms
 75.000%    5.04ms
 90.000%    5.89ms
 99.000%    9.58ms
 99.900%   15.80ms
 99.990%   24.82ms
 99.999%   25.38ms
100.000%   29.01ms

  Detailed Percentile spectrum:
       Value   Percentile   TotalCount 1/(1-Percentile)

       0.254     0.000000            1         1.00
       2.371     0.100000        14949         1.11
       2.827     0.200000        29849         1.25
       3.155     0.300000        44766         1.43
       3.485     0.400000        59682         1.67
       3.905     0.500000        74592         2.00
       4.131     0.550000        82079         2.22
       4.343     0.600000        89560         2.50
       4.555     0.650000        97001         2.86
       4.767     0.700000       104493         3.33
       5.039     0.750000       111896         4.00
       5.179     0.775000       115635         4.44
       5.307     0.800000       119319         5.00
       5.431     0.825000       123041         5.71
       5.575     0.850000       126816         6.67
       5.715     0.875000       130471         8.00
       5.791     0.887500       132347         8.89
       5.891     0.900000       134220        10.00
       6.003     0.912500       136059        11.43
       6.147     0.925000       137926        13.33
       6.347     0.937500       139785        16.00
       6.495     0.943750       140728        17.78
       6.655     0.950000       141647        20.00
       6.867     0.956250       142588        22.86
       7.115     0.962500       143503        26.67
       7.367     0.968750       144435        32.00
       7.503     0.971875       144914        35.56
       7.699     0.975000       145367        40.00
       7.975     0.978125       145833        45.71
       8.335     0.981250       146298        53.33
       8.671     0.984375       146765        64.00
       8.927     0.985938       146996        71.11
       9.079     0.987500       147232        80.00
       9.327     0.989062       147463        91.43
       9.831     0.990625       147695       106.67
      10.559     0.992188       147933       128.00
      10.959     0.992969       148046       142.22
      11.279     0.993750       148162       160.00
      11.487     0.994531       148282       182.86
      11.639     0.995313       148398       213.33
      11.951     0.996094       148512       256.00
      12.191     0.996484       148568       284.44
      12.679     0.996875       148627       320.00
      13.223     0.997266       148685       365.71
      13.783     0.997656       148743       426.67
      14.271     0.998047       148805       512.00
      14.535     0.998242       148835       568.89
      14.847     0.998437       148862       640.00
      15.239     0.998633       148889       731.43
      15.631     0.998828       148919       853.33
      15.815     0.999023       148948      1024.00
      16.303     0.999121       148962      1137.78
      16.751     0.999219       148976      1280.00
      17.103     0.999316       148994      1462.86
      17.263     0.999414       149008      1706.67
      19.039     0.999512       149020      2048.00
      19.295     0.999561       149027      2275.56
      20.623     0.999609       149034      2560.00
      20.815     0.999658       149042      2925.71
      20.879     0.999707       149049      3413.33
      21.151     0.999756       149056      4096.00
      21.199     0.999780       149061      4551.11
      21.215     0.999805       149064      5120.00
      21.279     0.999829       149068      5851.43
      24.671     0.999854       149073      6826.67
      24.687     0.999878       149074      8192.00
      24.783     0.999890       149076      9102.22
      24.831     0.999902       149078     10240.00
      24.895     0.999915       149082     11702.86
      24.895     0.999927       149082     13653.33
      24.911     0.999939       149085     16384.00
      24.911     0.999945       149085     18204.44
      24.911     0.999951       149085     20480.00
      24.959     0.999957       149086     23405.71
      24.975     0.999963       149087     27306.67
      25.007     0.999969       149089     32768.00
      25.007     0.999973       149089     36408.89
      25.007     0.999976       149089     40960.00
      25.007     0.999979       149089     46811.43
      25.023     0.999982       149090     54613.33
      25.023     0.999985       149090     65536.00
      25.023     0.999986       149090     72817.78
      25.375     0.999988       149091     81920.00
      25.375     0.999989       149091     93622.86
      25.375     0.999991       149091    109226.67
      25.375     0.999992       149091    131072.00
      25.375     0.999993       149091    145635.56
      29.007     0.999994       149092    163840.00
      29.007     1.000000       149092          inf
#[Mean    =        4.127, StdDeviation   =        1.663]
#[Max     =       28.992, Total count    =       149092]
#[Buckets =           27, SubBuckets     =         2048]
----------------------------------------------------------
  149094 requests in 5.00s, 127.40MB read
Requests/sec:  29801.94
Transfer/sec:     25.47MB
Running 5s test @ http://127.0.0.1:8080
  1 threads and 50 connections
  Thread Stats   Avg      Stdev     99%   +/- Stdev
    Latency     6.41ms    3.12ms  18.05ms   77.26%
    Req/Sec       -nan      -nan   0.00      0.00%
  Latency Distribution (HdrHistogram - Recorded Latency)
 50.000%    5.97ms
 75.000%    7.52ms
 90.000%   10.24ms
 99.000%   18.05ms
 99.900%   23.25ms
 99.990%   27.09ms
 99.999%   31.06ms
100.000%   31.55ms

  Detailed Percentile spectrum:
       Value   Percentile   TotalCount 1/(1-Percentile)

       0.248     0.000000            1         1.00
       3.217     0.100000        17382         1.11
       3.919     0.200000        34813         1.25
       4.611     0.300000        52189         1.43
       5.367     0.400000        69574         1.67
       5.971     0.500000        86929         2.00
       6.267     0.550000        95623         2.22
       6.531     0.600000       104340         2.50
       6.791     0.650000       112958         2.86
       7.119     0.700000       121725         3.33
       7.519     0.750000       130382         4.00
       7.743     0.775000       134671         4.44
       8.043     0.800000       139007         5.00
       8.407     0.825000       143397         5.71
       8.831     0.850000       147758         6.67
       9.399     0.875000       152069         8.00
       9.759     0.887500       154232         8.89
      10.239     0.900000       156413        10.00
      10.719     0.912500       158571        11.43
      11.303     0.925000       160731        13.33
      11.831     0.937500       162906        16.00
      12.127     0.943750       163998        17.78
      12.511     0.950000       165077        20.00
      12.983     0.956250       166168        22.86
      13.599     0.962500       167242        26.67
      14.247     0.968750       168332        32.00
      14.599     0.971875       168877        35.56
      14.927     0.975000       169419        40.00
      15.287     0.978125       169962        45.71
      15.743     0.981250       170505        53.33
      16.383     0.984375       171044        64.00
      16.751     0.985938       171318        71.11
      17.311     0.987500       171587        80.00
      17.839     0.989062       171856        91.43
      18.175     0.990625       172139       106.67
      18.527     0.992188       172402       128.00
      18.735     0.992969       172533       142.22
      19.119     0.993750       172669       160.00
      19.711     0.994531       172810       182.86
      20.159     0.995313       172948       213.33
      20.479     0.996094       173079       256.00
      20.607     0.996484       173149       284.44
      20.719     0.996875       173219       320.00
      20.799     0.997266       173282       365.71
      21.007     0.997656       173348       426.67
      21.215     0.998047       173419       512.00
      21.375     0.998242       173451       568.89
      21.583     0.998437       173483       640.00
      21.983     0.998633       173517       731.43
      23.023     0.998828       173552       853.33
      23.247     0.999023       173589      1024.00
      23.343     0.999121       173603      1137.78
      23.471     0.999219       173621      1280.00
      23.567     0.999316       173637      1462.86
      23.711     0.999414       173653      1706.67
      23.823     0.999512       173672      2048.00
      23.855     0.999561       173680      2275.56
      23.919     0.999609       173688      2560.00
      24.079     0.999658       173695      2925.71
      24.303     0.999707       173704      3413.33
      24.511     0.999756       173712      4096.00
      24.671     0.999780       173716      4551.11
      24.863     0.999805       173721      5120.00
      24.991     0.999829       173725      5851.43
      25.583     0.999854       173733      6826.67
      25.583     0.999878       173733      8192.00
      27.087     0.999890       173737      9102.22
      27.135     0.999902       173739     10240.00
      27.151     0.999915       173740     11702.86
      27.359     0.999927       173742     13653.33
      27.375     0.999939       173744     16384.00
      27.407     0.999945       173745     18204.44
      27.423     0.999951       173746     20480.00
      27.439     0.999957       173747     23405.71
      27.455     0.999963       173748     27306.67
      27.711     0.999969       173750     32768.00
      27.711     0.999973       173750     36408.89
      27.711     0.999976       173750     40960.00
      27.791     0.999979       173751     46811.43
      27.791     0.999982       173751     54613.33
      31.055     0.999985       173752     65536.00
      31.055     0.999986       173752     72817.78
      31.055     0.999988       173752     81920.00
      31.215     0.999989       173753     93622.86
      31.215     0.999991       173753    109226.67
      31.215     0.999992       173753    131072.00
      31.215     0.999993       173753    145635.56
      31.215     0.999994       173753    163840.00
      31.551     0.999995       173754    187245.71
      31.551     1.000000       173754          inf
#[Mean    =        6.412, StdDeviation   =        3.123]
#[Max     =       31.536, Total count    =       173754]
#[Buckets =           27, SubBuckets     =         2048]
----------------------------------------------------------
  173888 requests in 5.00s, 148.59MB read
Requests/sec:  34769.10
Transfer/sec:     29.71MB
Running 5s test @ http://127.0.0.1:8080
  1 threads and 50 connections
  Thread Stats   Avg      Stdev     99%   +/- Stdev
    Latency    16.81ms   15.29ms  74.62ms   85.59%
    Req/Sec       -nan      -nan   0.00      0.00%
  Latency Distribution (HdrHistogram - Recorded Latency)
 50.000%   10.42ms
 75.000%   22.22ms
 90.000%   37.69ms
 99.000%   74.62ms
 99.900%   91.20ms
 99.990%   95.36ms
 99.999%   95.93ms
100.000%   95.93ms

  Detailed Percentile spectrum:
       Value   Percentile   TotalCount 1/(1-Percentile)

       0.206     0.000000            1         1.00
       4.723     0.100000        19863         1.11
       6.195     0.200000        39728         1.25
       7.211     0.300000        59547         1.43
       8.455     0.400000        79415         1.67
      10.423     0.500000        99216         2.00
      11.775     0.550000       109128         2.22
      13.799     0.600000       119050         2.50
      16.119     0.650000       128961         2.86
      18.703     0.700000       138875         3.33
      22.223     0.750000       148799         4.00
      24.111     0.775000       153758         4.44
      26.399     0.800000       158741         5.00
      28.447     0.825000       163690         5.71
      31.087     0.850000       168656         6.67
      34.175     0.875000       173595         8.00
      35.903     0.887500       176108         8.89
      37.695     0.900000       178564        10.00
      39.743     0.912500       181053        11.43
      42.911     0.925000       183514        13.33
      46.367     0.937500       186013        16.00
      47.871     0.943750       187235        17.78
      49.439     0.950000       188475        20.00
      51.039     0.956250       189718        22.86
      53.055     0.962500       190959        26.67
      56.063     0.968750       192193        32.00
      58.079     0.971875       192819        35.56
      61.407     0.975000       193431        40.00
      64.703     0.978125       194050        45.71
      67.327     0.981250       194676        53.33
      69.695     0.984375       195288        64.00
      70.719     0.985938       195608        71.11
      72.639     0.987500       195933        80.00
      73.855     0.989062       196217        91.43
      75.071     0.990625       196545       106.67
      76.351     0.992188       196840       128.00
      76.927     0.992969       196997       142.22
      77.631     0.993750       197158       160.00
      78.719     0.994531       197320       182.86
      79.743     0.995313       197465       213.33
      80.511     0.996094       197626       256.00
      80.895     0.996484       197694       284.44
      81.663     0.996875       197771       320.00
      83.455     0.997266       197843       365.71
      84.287     0.997656       197924       426.67
      84.863     0.998047       198003       512.00
      86.975     0.998242       198045       568.89
      87.743     0.998437       198076       640.00
      88.447     0.998633       198114       731.43
      89.023     0.998828       198155       853.33
      91.263     0.999023       198197      1024.00
      91.455     0.999121       198214      1137.78
      91.775     0.999219       198232      1280.00
      92.159     0.999316       198250      1462.86
      92.799     0.999414       198270      1706.67
      94.143     0.999512       198291      2048.00
      94.271     0.999561       198298      2275.56
      94.399     0.999609       198308      2560.00
      94.591     0.999658       198322      2925.71
      94.655     0.999707       198328      3413.33
      94.911     0.999756       198341      4096.00
      94.975     0.999780       198344      4551.11
      95.039     0.999805       198354      5120.00
      95.039     0.999829       198354      5851.43
      95.103     0.999854       198357      6826.67
      95.167     0.999878       198362      8192.00
      95.295     0.999890       198364      9102.22
      95.359     0.999902       198368     10240.00
      95.423     0.999915       198369     11702.86
      95.487     0.999927       198371     13653.33
      95.551     0.999939       198375     16384.00
      95.551     0.999945       198375     18204.44
      95.679     0.999951       198376     20480.00
      95.743     0.999957       198377     23405.71
      95.871     0.999963       198381     27306.67
      95.871     0.999969       198381     32768.00
      95.871     0.999973       198381     36408.89
      95.871     0.999976       198381     40960.00
      95.871     0.999979       198381     46811.43
      95.935     0.999982       198385     54613.33
      95.935     1.000000       198385          inf
#[Mean    =       16.807, StdDeviation   =       15.289]
#[Max     =       95.872, Total count    =       198385]
#[Buckets =           27, SubBuckets     =         2048]
----------------------------------------------------------
  198563 requests in 5.00s, 169.68MB read
Requests/sec:  39680.33
Transfer/sec:     33.91MB
Running 5s test @ http://127.0.0.1:8080
  1 threads and 50 connections
  Thread Stats   Avg      Stdev     99%   +/- Stdev
    Latency   182.98ms  303.73ms   1.12s    83.37%
    Req/Sec       -nan      -nan   0.00      0.00%
  Latency Distribution (HdrHistogram - Recorded Latency)
 50.000%   29.93ms
 75.000%  161.28ms
 90.000%  781.31ms
 99.000%    1.12s 
 99.900%    1.14s 
 99.990%    1.14s 
 99.999%    1.14s 
100.000%    1.14s 

  Detailed Percentile spectrum:
       Value   Percentile   TotalCount 1/(1-Percentile)

       0.264     0.000000            1         1.00
       6.747     0.100000        20452         1.11
       9.439     0.200000        40956         1.25
      14.095     0.300000        61356         1.43
      21.055     0.400000        81799         1.67
      29.935     0.500000       102265         2.00
      35.231     0.550000       112513         2.22
      42.399     0.600000       122715         2.50
      56.543     0.650000       132921         2.86
      87.551     0.700000       143143         3.33
     161.279     0.750000       153384         4.00
     265.983     0.775000       158486         4.44
     331.263     0.800000       163608         5.00
     429.311     0.825000       168704         5.71
     530.431     0.850000       173835         6.67
     624.127     0.875000       178952         8.00
     720.383     0.887500       181527         8.89
     781.311     0.900000       184067        10.00
     852.991     0.912500       186613        11.43
     895.999     0.925000       189215        13.33
     904.703     0.937500       191726        16.00
     911.359     0.943750       193084        17.78
     916.991     0.950000       194389        20.00
     922.623     0.956250       195577        22.86
     931.327     0.962500       196864        26.67
     944.639     0.968750       198118        32.00
     965.119     0.971875       198747        35.56
    1004.031     0.975000       199387        40.00
    1032.191     0.978125       200016        45.71
    1056.767     0.981250       200655        53.33
    1080.319     0.984375       201308        64.00
    1094.655     0.985938       201651        71.11
    1104.895     0.987500       201957        80.00
    1114.111     0.989062       202295        91.43
    1120.255     0.990625       202574       106.67
    1129.471     0.992188       203001       128.00
    1130.495     0.992969       203146       142.22
    1131.519     0.993750       203259       160.00
    1132.543     0.994531       203374       182.86
    1134.591     0.995313       203641       213.33
    1135.615     0.996094       203743       256.00
    1136.639     0.996484       203924       284.44
    1136.639     0.996875       203924       320.00
    1137.663     0.997266       204037       365.71
    1137.663     0.997656       204037       426.67
    1138.687     0.998047       204203       512.00
    1138.687     0.998242       204203       568.89
    1138.687     0.998437       204203       640.00
    1139.711     0.998633       204312       731.43
    1139.711     0.998828       204312       853.33
    1139.711     0.999023       204312      1024.00
    1139.711     0.999121       204312      1137.78
    1140.735     0.999219       204371      1280.00
    1140.735     0.999316       204371      1462.86
    1140.735     0.999414       204371      1706.67
    1141.759     0.999512       204425      2048.00
    1141.759     0.999561       204425      2275.56
    1141.759     0.999609       204425      2560.00
    1141.759     0.999658       204425      2925.71
    1142.783     0.999707       204457      3413.33
    1142.783     0.999756       204457      4096.00
    1142.783     0.999780       204457      4551.11
    1142.783     0.999805       204457      5120.00
    1142.783     0.999829       204457      5851.43
    1142.783     0.999854       204457      6826.67
    1143.807     0.999878       204464      8192.00
    1143.807     0.999890       204464      9102.22
    1144.831     0.999902       204486     10240.00
    1144.831     1.000000       204486          inf
#[Mean    =      182.983, StdDeviation   =      303.725]
#[Max     =     1143.808, Total count    =       204486]
#[Buckets =           27, SubBuckets     =         2048]
----------------------------------------------------------
  204624 requests in 5.00s, 174.86MB read
Requests/sec:  40904.72
Transfer/sec:     34.95MB
Running 5s test @ http://127.0.0.1:8080
  1 threads and 50 connections
  Thread Stats   Avg      Stdev     99%   +/- Stdev
    Latency   348.61ms  387.57ms   1.46s    82.59%
    Req/Sec       -nan      -nan   0.00      0.00%
  Latency Distribution (HdrHistogram - Recorded Latency)
 50.000%  205.70ms
 75.000%  510.98ms
 90.000%  985.09ms
 99.000%    1.46s 
 99.900%    1.60s 
 99.990%    1.63s 
 99.999%    1.63s 
100.000%    1.63s 

  Detailed Percentile spectrum:
       Value   Percentile   TotalCount 1/(1-Percentile)

       0.222     0.000000            1         1.00
      20.911     0.100000        21067         1.11
      38.783     0.200000        42135         1.25
      63.775     0.300000        63175         1.43
     110.207     0.400000        84230         1.67
     205.695     0.500000       105304         2.00
     236.031     0.550000       115796         2.22
     261.759     0.600000       126326         2.50
     318.207     0.650000       136850         2.86
     421.887     0.700000       147382         3.33
     511.231     0.750000       157920         4.00
     586.751     0.775000       163182         4.44
     630.783     0.800000       168466         5.00
     733.183     0.825000       173714         5.71
     857.087     0.850000       178990         6.67
     907.263     0.875000       184221         8.00
     934.399     0.887500       186857         8.89
     985.087     0.900000       189493        10.00
    1069.055     0.912500       192171        11.43
    1120.255     0.925000       194751        13.33
    1173.503     0.937500       197422        16.00
    1186.815     0.943750       198728        17.78
    1214.463     0.950000       200048        20.00
    1250.303     0.956250       201377        22.86
    1276.927     0.962500       202658        26.67
    1290.239     0.968750       203990        32.00
    1301.503     0.971875       204638        35.56
    1309.695     0.975000       205329        40.00
    1335.295     0.978125       205935        45.71
    1355.775     0.981250       206648        53.33
    1366.015     0.984375       207305        64.00
    1380.351     0.985938       207587        71.11
    1402.879     0.987500       207907        80.00
    1434.623     0.989062       208234        91.43
    1468.415     0.990625       208567       106.67
    1489.919     0.992188       208893       128.00
    1514.495     0.992969       209056       142.22
    1540.095     0.993750       209228       160.00
    1558.527     0.994531       209396       182.86
    1572.863     0.995313       209555       213.33
    1579.007     0.996094       209767       256.00
    1580.031     0.996484       209805       284.44
    1584.127     0.996875       209890       320.00
    1586.175     0.997266       209960       365.71
    1591.295     0.997656       210045       426.67
    1594.367     0.998047       210133       512.00
    1596.415     0.998242       210188       568.89
    1597.439     0.998437       210240       640.00
    1598.463     0.998633       210258       731.43
    1601.535     0.998828       210303       853.33
    1605.631     0.999023       210350      1024.00
    1605.631     0.999121       210350      1137.78
    1606.655     0.999219       210373      1280.00
    1609.727     0.999316       210396      1462.86
    1610.751     0.999414       210418      1706.67
    1613.823     0.999512       210450      2048.00
    1613.823     0.999561       210450      2275.56
    1614.847     0.999609       210465      2560.00
    1614.847     0.999658       210465      2925.71
    1617.919     0.999707       210482      3413.33
    1619.967     0.999756       210495      4096.00
    1619.967     0.999780       210495      4551.11
    1619.967     0.999805       210495      5120.00
    1620.991     0.999829       210503      5851.43
    1628.159     0.999854       210505      6826.67
    1629.183     0.999878       210520      8192.00
    1629.183     0.999890       210520      9102.22
    1629.183     0.999902       210520     10240.00
    1629.183     0.999915       210520     11702.86
    1629.183     0.999927       210520     13653.33
    1630.207     0.999939       210525     16384.00
    1630.207     0.999945       210525     18204.44
    1630.207     0.999951       210525     20480.00
    1631.231     0.999957       210529     23405.71
    1631.231     0.999963       210529     27306.67
    1631.231     0.999969       210529     32768.00
    1632.255     0.999973       210532     36408.89
    1632.255     0.999976       210532     40960.00
    1632.255     0.999979       210532     46811.43
    1632.255     0.999982       210532     54613.33
    1632.255     0.999985       210532     65536.00
    1633.279     0.999986       210535     72817.78
    1633.279     1.000000       210535          inf
#[Mean    =      348.607, StdDeviation   =      387.566]
#[Max     =     1632.256, Total count    =       210535]
#[Buckets =           27, SubBuckets     =         2048]
----------------------------------------------------------
  210601 requests in 5.00s, 179.98MB read
Requests/sec:  42111.62
Transfer/sec:     35.99MB
