Running 10s test @ http://localhost:8080/wrk2-api/review/compose
  1 threads and 100 connections
  Thread Stats   Avg      Stdev     99%   +/- Stdev
    Latency     5.36ms    2.71ms  14.06ms   91.69%
    Req/Sec       -nan      -nan   0.00      0.00%
  Latency Distribution (HdrHistogram - Recorded Latency)
 50.000%    4.72ms
 75.000%    5.80ms
 90.000%    7.64ms
 99.000%   14.06ms
 99.900%   35.17ms
 99.990%   60.61ms
 99.999%   60.61ms
100.000%   60.61ms

  Detailed Percentile spectrum:
       Value   Percentile   TotalCount 1/(1-Percentile)

       3.147     0.000000            1         1.00
       3.711     0.100000          199         1.11
       3.943     0.200000          398         1.25
       4.183     0.300000          596         1.43
       4.435     0.400000          795         1.67
       4.715     0.500000          996         2.00
       4.887     0.550000         1094         2.22
       5.035     0.600000         1192         2.50
       5.255     0.650000         1292         2.86
       5.491     0.700000         1391         3.33
       5.795     0.750000         1490         4.00
       5.931     0.775000         1540         4.44
       6.183     0.800000         1589         5.00
       6.455     0.825000         1639         5.71
       6.735     0.850000         1689         6.67
       7.151     0.875000         1738         8.00
       7.371     0.887500         1763         8.89
       7.651     0.900000         1788        10.00
       7.923     0.912500         1813        11.43
       8.391     0.925000         1840        13.33
       8.679     0.937500         1862        16.00
       8.919     0.943750         1875        17.78
       9.047     0.950000         1887        20.00
       9.351     0.956250         1900        22.86
       9.551     0.962500         1912        26.67
       9.991     0.968750         1924        32.00
      10.223     0.971875         1931        35.56
      10.495     0.975000         1937        40.00
      10.879     0.978125         1943        45.71
      11.431     0.981250         1949        53.33
      12.071     0.984375         1955        64.00
      12.591     0.985938         1959        71.11
      13.031     0.987500         1962        80.00
      13.623     0.989062         1965        91.43
      14.527     0.990625         1968       106.67
      14.991     0.992188         1971       128.00
      15.383     0.992969         1973       142.22
      15.695     0.993750         1974       160.00
      15.815     0.994531         1976       182.86
      15.831     0.995313         1977       213.33
      16.327     0.996094         1979       256.00
      21.615     0.996484         1980       284.44
      21.615     0.996875         1980       320.00
      22.191     0.997266         1981       365.71
      23.679     0.997656         1982       426.67
      28.783     0.998047         1983       512.00
      28.783     0.998242         1983       568.89
      28.783     0.998437         1983       640.00
      35.167     0.998633         1984       731.43
      35.167     0.998828         1984       853.33
      54.751     0.999023         1985      1024.00
      54.751     0.999121         1985      1137.78
      54.751     0.999219         1985      1280.00
      54.751     0.999316         1985      1462.86
      54.751     0.999414         1985      1706.67
      60.607     0.999512         1986      2048.00
      60.607     1.000000         1986          inf
#[Mean    =        5.362, StdDeviation   =        2.710]
#[Max     =       60.576, Total count    =         1986]
#[Buckets =           27, SubBuckets     =         2048]
----------------------------------------------------------
  1987 requests in 10.00s, 702.44KB read
  Socket errors: connect 0, read 0, write 0, timeout 5
  Non-2xx or 3xx responses: 1987
Requests/sec:    198.68
Transfer/sec:     70.23KB
Running 10s test @ http://localhost:8080/wrk2-api/review/compose
  1 threads and 100 connections
  Thread Stats   Avg      Stdev     99%   +/- Stdev
    Latency     5.69ms    2.08ms  12.83ms   81.74%
    Req/Sec       -nan      -nan   0.00      0.00%
  Latency Distribution (HdrHistogram - Recorded Latency)
 50.000%    5.13ms
 75.000%    6.54ms
 90.000%    8.34ms
 99.000%   12.83ms
 99.900%   19.44ms
 99.990%   23.41ms
 99.999%   23.41ms
100.000%   23.41ms

  Detailed Percentile spectrum:
       Value   Percentile   TotalCount 1/(1-Percentile)

       3.087     0.000000            1         1.00
       3.813     0.100000          299         1.11
       4.079     0.200000          596         1.25
       4.427     0.300000          895         1.43
       4.763     0.400000         1195         1.67
       5.131     0.500000         1491         2.00
       5.307     0.550000         1640         2.22
       5.531     0.600000         1789         2.50
       5.791     0.650000         1939         2.86
       6.103     0.700000         2086         3.33
       6.543     0.750000         2235         4.00
       6.759     0.775000         2310         4.44
       7.003     0.800000         2384         5.00
       7.215     0.825000         2460         5.71
       7.511     0.850000         2533         6.67
       7.851     0.875000         2608         8.00
       8.099     0.887500         2646         8.89
       8.343     0.900000         2682        10.00
       8.607     0.912500         2720        11.43
       8.895     0.925000         2757        13.33
       9.311     0.937500         2794        16.00
       9.567     0.943750         2813        17.78
       9.815     0.950000         2831        20.00
      10.055     0.956250         2851        22.86
      10.311     0.962500         2870        26.67
      10.639     0.968750         2887        32.00
      10.847     0.971875         2897        35.56
      11.007     0.975000         2906        40.00
      11.143     0.978125         2915        45.71
      11.495     0.981250         2925        53.33
      11.863     0.984375         2934        64.00
      12.007     0.985938         2939        71.11
      12.247     0.987500         2943        80.00
      12.679     0.989062         2948        91.43
      12.951     0.990625         2953       106.67
      13.175     0.992188         2957       128.00
      13.575     0.992969         2960       142.22
      13.855     0.993750         2962       160.00
      14.015     0.994531         2964       182.86
      14.879     0.995313         2967       213.33
      15.079     0.996094         2969       256.00
      15.087     0.996484         2970       284.44
      16.359     0.996875         2971       320.00
      17.071     0.997266         2972       365.71
      17.935     0.997656         2974       426.67
      18.703     0.998047         2975       512.00
      18.703     0.998242         2975       568.89
      19.119     0.998437         2976       640.00
      19.119     0.998633         2976       731.43
      19.439     0.998828         2977       853.33
      20.527     0.999023         2978      1024.00
      20.527     0.999121         2978      1137.78
      20.527     0.999219         2978      1280.00
      20.527     0.999316         2978      1462.86
      21.887     0.999414         2979      1706.67
      21.887     0.999512         2979      2048.00
      21.887     0.999561         2979      2275.56
      21.887     0.999609         2979      2560.00
      21.887     0.999658         2979      2925.71
      23.407     0.999707         2980      3413.33
      23.407     1.000000         2980          inf
#[Mean    =        5.695, StdDeviation   =        2.075]
#[Max     =       23.392, Total count    =         2980]
#[Buckets =           27, SubBuckets     =         2048]
----------------------------------------------------------
  2981 requests in 10.01s, 1.03MB read
  Socket errors: connect 0, read 0, write 0, timeout 1
  Non-2xx or 3xx responses: 2981
Requests/sec:    297.88
Transfer/sec:    105.30KB
Running 10s test @ http://localhost:8080/wrk2-api/review/compose
  1 threads and 100 connections
  Thread Stats   Avg      Stdev     99%   +/- Stdev
    Latency     6.58ms    2.95ms  17.36ms   84.08%
    Req/Sec       -nan      -nan   0.00      0.00%
  Latency Distribution (HdrHistogram - Recorded Latency)
 50.000%    5.74ms
 75.000%    7.70ms
 90.000%   10.13ms
 99.000%   17.36ms
 99.900%   25.89ms
 99.990%   33.95ms
 99.999%   33.95ms
100.000%   33.95ms

  Detailed Percentile spectrum:
       Value   Percentile   TotalCount 1/(1-Percentile)

       3.151     0.000000            2         1.00
       3.933     0.100000          398         1.11
       4.363     0.200000          796         1.25
       4.815     0.300000         1192         1.43
       5.271     0.400000         1591         1.67
       5.739     0.500000         1988         2.00
       6.023     0.550000         2183         2.22
       6.379     0.600000         2383         2.50
       6.759     0.650000         2580         2.86
       7.195     0.700000         2782         3.33
       7.699     0.750000         2978         4.00
       7.947     0.775000         3077         4.44
       8.263     0.800000         3176         5.00
       8.527     0.825000         3276         5.71
       8.943     0.850000         3374         6.67
       9.567     0.875000         3473         8.00
       9.847     0.887500         3524         8.89
      10.143     0.900000         3575        10.00
      10.519     0.912500         3622        11.43
      10.967     0.925000         3673        13.33
      11.511     0.937500         3721        16.00
      11.807     0.943750         3746        17.78
      12.135     0.950000         3771        20.00
      12.511     0.956250         3796        22.86
      12.959     0.962500         3821        26.67
      13.543     0.968750         3845        32.00
      13.807     0.971875         3858        35.56
      14.463     0.975000         3870        40.00
      14.927     0.978125         3884        45.71
      15.263     0.981250         3895        53.33
      15.783     0.984375         3907        64.00
      16.087     0.985938         3914        71.11
      16.639     0.987500         3920        80.00
      17.055     0.989062         3926        91.43
      17.567     0.990625         3932       106.67
      18.559     0.992188         3938       128.00
      18.911     0.992969         3942       142.22
      19.391     0.993750         3945       160.00
      19.871     0.994531         3948       182.86
      20.815     0.995313         3951       213.33
      22.703     0.996094         3954       256.00
      22.847     0.996484         3956       284.44
      23.567     0.996875         3957       320.00
      23.695     0.997266         3959       365.71
      24.191     0.997656         3960       426.67
      25.023     0.998047         3962       512.00
      25.327     0.998242         3963       568.89
      25.327     0.998437         3963       640.00
      25.535     0.998633         3964       731.43
      25.887     0.998828         3965       853.33
      26.655     0.999023         3966      1024.00
      26.655     0.999121         3966      1137.78
      26.655     0.999219         3966      1280.00
      28.287     0.999316         3967      1462.86
      28.287     0.999414         3967      1706.67
      30.623     0.999512         3968      2048.00
      30.623     0.999561         3968      2275.56
      30.623     0.999609         3968      2560.00
      30.623     0.999658         3968      2925.71
      30.623     0.999707         3968      3413.33
      33.951     0.999756         3969      4096.00
      33.951     1.000000         3969          inf
#[Mean    =        6.578, StdDeviation   =        2.955]
#[Max     =       33.920, Total count    =         3969]
#[Buckets =           27, SubBuckets     =         2048]
----------------------------------------------------------
  3970 requests in 10.00s, 1.37MB read
  Non-2xx or 3xx responses: 3970
Requests/sec:    396.98
Transfer/sec:    140.34KB
Running 10s test @ http://localhost:8080/wrk2-api/review/compose
  1 threads and 100 connections
  Thread Stats   Avg      Stdev     99%   +/- Stdev
    Latency     7.45ms    3.38ms  19.15ms   79.32%
    Req/Sec       -nan      -nan   0.00      0.00%
  Latency Distribution (HdrHistogram - Recorded Latency)
 50.000%    6.57ms
 75.000%    8.90ms
 90.000%   11.82ms
 99.000%   19.15ms
 99.900%   31.92ms
 99.990%   40.35ms
 99.999%   40.35ms
100.000%   40.35ms

  Detailed Percentile spectrum:
       Value   Percentile   TotalCount 1/(1-Percentile)

       3.075     0.000000            1         1.00
       4.219     0.100000          495         1.11
       4.835     0.200000          991         1.25
       5.355     0.300000         1486         1.43
       5.927     0.400000         1984         1.67
       6.567     0.500000         2475         2.00
       6.931     0.550000         2722         2.22
       7.359     0.600000         2974         2.50
       7.807     0.650000         3217         2.86
       8.327     0.700000         3466         3.33
       8.903     0.750000         3711         4.00
       9.207     0.775000         3838         4.44
       9.583     0.800000         3959         5.00
       9.967     0.825000         4083         5.71
      10.463     0.850000         4206         6.67
      11.079     0.875000         4333         8.00
      11.447     0.887500         4392         8.89
      11.823     0.900000         4455        10.00
      12.151     0.912500         4516        11.43
      12.559     0.925000         4577        13.33
      12.967     0.937500         4641        16.00
      13.287     0.943750         4670        17.78
      13.655     0.950000         4701        20.00
      14.023     0.956250         4732        22.86
      14.543     0.962500         4763        26.67
      15.207     0.968750         4794        32.00
      15.447     0.971875         4809        35.56
      15.751     0.975000         4825        40.00
      16.031     0.978125         4840        45.71
      16.447     0.981250         4856        53.33
      17.263     0.984375         4871        64.00
      17.839     0.985938         4879        71.11
      18.239     0.987500         4887        80.00
      18.767     0.989062         4894        91.43
      19.407     0.990625         4902       106.67
      20.383     0.992188         4910       128.00
      21.167     0.992969         4914       142.22
      21.487     0.993750         4918       160.00
      21.567     0.994531         4921       182.86
      22.063     0.995313         4925       213.33
      22.911     0.996094         4929       256.00
      23.551     0.996484         4931       284.44
      23.631     0.996875         4933       320.00
      23.935     0.997266         4935       365.71
      24.975     0.997656         4937       426.67
      26.399     0.998047         4939       512.00
      26.783     0.998242         4940       568.89
      26.959     0.998437         4941       640.00
      30.559     0.998633         4942       731.43
      31.919     0.998828         4943       853.33
      32.335     0.999023         4944      1024.00
      32.335     0.999121         4944      1137.78
      33.311     0.999219         4945      1280.00
      33.311     0.999316         4945      1462.86
      39.391     0.999414         4946      1706.67
      39.391     0.999512         4946      2048.00
      39.391     0.999561         4946      2275.56
      40.287     0.999609         4947      2560.00
      40.287     0.999658         4947      2925.71
      40.287     0.999707         4947      3413.33
      40.287     0.999756         4947      4096.00
      40.287     0.999780         4947      4551.11
      40.351     0.999805         4948      5120.00
      40.351     1.000000         4948          inf
#[Mean    =        7.449, StdDeviation   =        3.383]
#[Max     =       40.320, Total count    =         4948]
#[Buckets =           27, SubBuckets     =         2048]
----------------------------------------------------------
  4949 requests in 10.00s, 1.71MB read
  Non-2xx or 3xx responses: 4949
Requests/sec:    494.83
Transfer/sec:    174.93KB
Running 10s test @ http://localhost:8080/wrk2-api/review/compose
  1 threads and 100 connections
  Thread Stats   Avg      Stdev     99%   +/- Stdev
    Latency    10.32ms    8.71ms  47.01ms   93.46%
    Req/Sec       -nan      -nan   0.00      0.00%
  Latency Distribution (HdrHistogram - Recorded Latency)
 50.000%    8.37ms
 75.000%   11.67ms
 90.000%   16.58ms
 99.000%   47.01ms
 99.900%  104.96ms
 99.990%  133.76ms
 99.999%  160.00ms
100.000%  160.00ms

  Detailed Percentile spectrum:
       Value   Percentile   TotalCount 1/(1-Percentile)

       3.345     0.000000            1         1.00
       4.891     0.100000          598         1.11
       5.755     0.200000         1191         1.25
       6.575     0.300000         1785         1.43
       7.395     0.400000         2379         1.67
       8.367     0.500000         2977         2.00
       8.935     0.550000         3271         2.22
       9.471     0.600000         3567         2.50
      10.119     0.650000         3866         2.86
      10.807     0.700000         4163         3.33
      11.671     0.750000         4460         4.00
      12.231     0.775000         4610         4.44
      12.759     0.800000         4756         5.00
      13.391     0.825000         4906         5.71
      14.247     0.850000         5055         6.67
      15.175     0.875000         5202         8.00
      15.847     0.887500         5278         8.89
      16.575     0.900000         5351        10.00
      17.327     0.912500         5426        11.43
      18.191     0.925000         5502        13.33
      19.231     0.937500         5575        16.00
      19.711     0.943750         5612        17.78
      20.239     0.950000         5648        20.00
      20.815     0.956250         5685        22.86
      22.463     0.962500         5723        26.67
      23.839     0.968750         5760        32.00
      24.799     0.971875         5779        35.56
      26.127     0.975000         5797        40.00
      28.095     0.978125         5815        45.71
      30.639     0.981250         5834        53.33
      34.271     0.984375         5853        64.00
      37.119     0.985938         5862        71.11
      39.679     0.987500         5871        80.00
      43.967     0.989062         5880        91.43
      48.927     0.990625         5890       106.67
      56.415     0.992188         5899       128.00
      64.351     0.992969         5904       142.22
      66.559     0.993750         5908       160.00
      72.127     0.994531         5913       182.86
      73.791     0.995313         5918       213.33
      78.463     0.996094         5922       256.00
      81.599     0.996484         5925       284.44
      82.815     0.996875         5927       320.00
      85.439     0.997266         5929       365.71
      90.559     0.997656         5932       426.67
      91.391     0.998047         5934       512.00
      94.399     0.998242         5935       568.89
      94.911     0.998437         5936       640.00
     102.847     0.998633         5937       731.43
     104.959     0.998828         5939       853.33
     106.047     0.999023         5940      1024.00
     106.047     0.999121         5940      1137.78
     108.799     0.999219         5941      1280.00
     108.799     0.999316         5941      1462.86
     112.639     0.999414         5942      1706.67
     118.271     0.999512         5943      2048.00
     118.271     0.999561         5943      2275.56
     118.271     0.999609         5943      2560.00
     118.271     0.999658         5943      2925.71
     133.759     0.999707         5944      3413.33
     133.759     0.999756         5944      4096.00
     133.759     0.999780         5944      4551.11
     133.759     0.999805         5944      5120.00
     133.759     0.999829         5944      5851.43
     159.999     0.999854         5945      6826.67
     159.999     1.000000         5945          inf
#[Mean    =       10.325, StdDeviation   =        8.706]
#[Max     =      159.872, Total count    =         5945]
#[Buckets =           27, SubBuckets     =         2048]
----------------------------------------------------------
  5948 requests in 10.00s, 2.05MB read
  Non-2xx or 3xx responses: 5948
Requests/sec:    594.80
Transfer/sec:    210.27KB
Running 10s test @ http://localhost:8080/wrk2-api/review/compose
  1 threads and 100 connections
  Thread Stats   Avg      Stdev     99%   +/- Stdev
    Latency    12.11ms    7.06ms  40.00ms   83.16%
    Req/Sec       -nan      -nan   0.00      0.00%
  Latency Distribution (HdrHistogram - Recorded Latency)
 50.000%   10.24ms
 75.000%   14.45ms
 90.000%   20.48ms
 99.000%   40.00ms
 99.900%   58.05ms
 99.990%   72.45ms
 99.999%   77.18ms
100.000%   77.18ms

  Detailed Percentile spectrum:
       Value   Percentile   TotalCount 1/(1-Percentile)

       3.409     0.000000            1         1.00
       5.787     0.100000          692         1.11
       6.959     0.200000         1384         1.25
       8.063     0.300000         2077         1.43
       9.135     0.400000         2767         1.67
      10.239     0.500000         3459         2.00
      10.887     0.550000         3804         2.22
      11.671     0.600000         4150         2.50
      12.471     0.650000         4494         2.86
      13.415     0.700000         4840         3.33
      14.447     0.750000         5185         4.00
      15.111     0.775000         5357         4.44
      15.799     0.800000         5529         5.00
      16.575     0.825000         5703         5.71
      17.583     0.850000         5876         6.67
      18.927     0.875000         6051         8.00
      19.695     0.887500         6135         8.89
      20.479     0.900000         6221        10.00
      21.439     0.912500         6307        11.43
      22.511     0.925000         6394        13.33
      23.759     0.937500         6481        16.00
      24.559     0.943750         6525        17.78
      25.295     0.950000         6566        20.00
      26.303     0.956250         6609        22.86
      27.407     0.962500         6652        26.67
      28.959     0.968750         6696        32.00
      29.791     0.971875         6717        35.56
      31.007     0.975000         6741        40.00
      31.791     0.978125         6760        45.71
      33.055     0.981250         6783        53.33
      35.103     0.984375         6804        64.00
      36.031     0.985938         6814        71.11
      37.535     0.987500         6825        80.00
      39.263     0.989062         6836        91.43
      40.319     0.990625         6847       106.67
      42.015     0.992188         6858       128.00
      43.007     0.992969         6863       142.22
      44.287     0.993750         6868       160.00
      45.087     0.994531         6874       182.86
      46.463     0.995313         6879       213.33
      48.255     0.996094         6885       256.00
      48.383     0.996484         6887       284.44
      49.055     0.996875         6890       320.00
      53.535     0.997266         6894       365.71
      54.175     0.997656         6895       426.67
      55.871     0.998047         6898       512.00
      55.935     0.998242         6900       568.89
      56.095     0.998437         6901       640.00
      56.351     0.998633         6902       731.43
      56.927     0.998828         6903       853.33
      58.559     0.999023         6905      1024.00
      58.559     0.999121         6905      1137.78
      60.287     0.999219         6906      1280.00
      65.279     0.999316         6907      1462.86
      65.279     0.999414         6907      1706.67
      67.903     0.999512         6908      2048.00
      67.903     0.999561         6908      2275.56
      72.127     0.999609         6909      2560.00
      72.127     0.999658         6909      2925.71
      72.127     0.999707         6909      3413.33
      72.447     0.999756         6910      4096.00
      72.447     0.999780         6910      4551.11
      72.447     0.999805         6910      5120.00
      72.447     0.999829         6910      5851.43
      72.447     0.999854         6910      6826.67
      77.183     0.999878         6911      8192.00
      77.183     1.000000         6911          inf
#[Mean    =       12.113, StdDeviation   =        7.058]
#[Max     =       77.120, Total count    =         6911]
#[Buckets =           27, SubBuckets     =         2048]
----------------------------------------------------------
  6912 requests in 10.00s, 2.39MB read
  Non-2xx or 3xx responses: 6912
Requests/sec:    691.06
Transfer/sec:    244.30KB
Running 10s test @ http://localhost:8080/wrk2-api/review/compose
  1 threads and 100 connections
  Thread Stats   Avg      Stdev     99%   +/- Stdev
    Latency    17.96ms   11.64ms  60.54ms   80.99%
    Req/Sec       -nan      -nan   0.00      0.00%
  Latency Distribution (HdrHistogram - Recorded Latency)
 50.000%   14.65ms
 75.000%   22.43ms
 90.000%   32.62ms
 99.000%   60.54ms
 99.900%   91.65ms
 99.990%  116.99ms
 99.999%  121.79ms
100.000%  121.79ms

  Detailed Percentile spectrum:
       Value   Percentile   TotalCount 1/(1-Percentile)

       3.561     0.000000            1         1.00
       7.427     0.100000          792         1.11
       9.199     0.200000         1584         1.25
      10.903     0.300000         2375         1.43
      12.639     0.400000         3164         1.67
      14.655     0.500000         3956         2.00
      15.791     0.550000         4351         2.22
      17.023     0.600000         4749         2.50
      18.591     0.650000         5150         2.86
      20.271     0.700000         5537         3.33
      22.431     0.750000         5935         4.00
      23.631     0.775000         6132         4.44
      25.103     0.800000         6328         5.00
      26.543     0.825000         6528         5.71
      28.191     0.850000         6726         6.67
      30.415     0.875000         6923         8.00
      31.471     0.887500         7021         8.89
      32.623     0.900000         7119        10.00
      34.079     0.912500         7219        11.43
      35.743     0.925000         7318        13.33
      37.887     0.937500         7416        16.00
      39.167     0.943750         7468        17.78
      40.383     0.950000         7518        20.00
      41.823     0.956250         7564        22.86
      43.103     0.962500         7614        26.67
      45.855     0.968750         7664        32.00
      47.039     0.971875         7691        35.56
      48.639     0.975000         7713        40.00
      50.047     0.978125         7737        45.71
      51.807     0.981250         7762        53.33
      54.175     0.984375         7787        64.00
      56.191     0.985938         7799        71.11
      57.791     0.987500         7812        80.00
      59.519     0.989062         7825        91.43
      61.055     0.990625         7836       106.67
      63.519     0.992188         7849       128.00
      64.703     0.992969         7855       142.22
      66.175     0.993750         7861       160.00
      68.927     0.994531         7867       182.86
      70.655     0.995313         7873       213.33
      73.855     0.996094         7880       256.00
      74.623     0.996484         7883       284.44
      75.583     0.996875         7886       320.00
      77.503     0.997266         7889       365.71
      79.999     0.997656         7892       426.67
      83.391     0.998047         7895       512.00
      84.031     0.998242         7897       568.89
      84.351     0.998437         7898       640.00
      86.591     0.998633         7900       731.43
      87.615     0.998828         7901       853.33
      93.695     0.999023         7903      1024.00
      97.791     0.999121         7904      1137.78
      97.791     0.999219         7904      1280.00
     102.719     0.999316         7905      1462.86
     103.743     0.999414         7906      1706.67
     108.415     0.999512         7907      2048.00
     108.415     0.999561         7907      2275.56
     108.415     0.999609         7907      2560.00
     113.151     0.999658         7908      2925.71
     113.151     0.999707         7908      3413.33
     116.991     0.999756         7909      4096.00
     116.991     0.999780         7909      4551.11
     116.991     0.999805         7909      5120.00
     116.991     0.999829         7909      5851.43
     116.991     0.999854         7909      6826.67
     121.791     0.999878         7910      8192.00
     121.791     1.000000         7910          inf
#[Mean    =       17.956, StdDeviation   =       11.645]
#[Max     =      121.728, Total count    =         7910]
#[Buckets =           27, SubBuckets     =         2048]
----------------------------------------------------------
  7911 requests in 10.00s, 2.73MB read
  Non-2xx or 3xx responses: 7911
Requests/sec:    791.22
Transfer/sec:    279.71KB
Running 10s test @ http://localhost:8080/wrk2-api/review/compose
  1 threads and 100 connections
  Thread Stats   Avg      Stdev     99%   +/- Stdev
    Latency   168.70ms  147.46ms 767.49ms   87.22%
    Req/Sec       -nan      -nan   0.00      0.00%
  Latency Distribution (HdrHistogram - Recorded Latency)
 50.000%  122.69ms
 75.000%  212.61ms
 90.000%  338.69ms
 99.000%  767.49ms
 99.900%    1.19s 
 99.990%    1.34s 
 99.999%    1.43s 
100.000%    1.43s 

  Detailed Percentile spectrum:
       Value   Percentile   TotalCount 1/(1-Percentile)

       6.299     0.000000            1         1.00
      49.663     0.100000          881         1.11
      68.287     0.200000         1760         1.25
      83.327     0.300000         2641         1.43
     100.479     0.400000         3521         1.67
     122.687     0.500000         4404         2.00
     135.807     0.550000         4841         2.22
     150.143     0.600000         5280         2.50
     167.807     0.650000         5723         2.86
     188.543     0.700000         6161         3.33
     212.607     0.750000         6599         4.00
     227.967     0.775000         6822         4.44
     243.967     0.800000         7040         5.00
     260.863     0.825000         7264         5.71
     283.391     0.850000         7482         6.67
     307.711     0.875000         7700         8.00
     322.303     0.887500         7811         8.89
     338.687     0.900000         7920        10.00
     357.887     0.912500         8032        11.43
     381.183     0.925000         8139        13.33
     411.647     0.937500         8250        16.00
     430.847     0.943750         8305        17.78
     455.935     0.950000         8360        20.00
     478.975     0.956250         8415        22.86
     497.663     0.962500         8469        26.67
     527.871     0.968750         8525        32.00
     542.719     0.971875         8551        35.56
     565.759     0.975000         8579        40.00
     587.263     0.978125         8606        45.71
     619.007     0.981250         8635        53.33
     654.335     0.984375         8661        64.00
     676.863     0.985938         8675        71.11
     701.439     0.987500         8689        80.00
     736.767     0.989062         8702        91.43
     792.575     0.990625         8716       106.67
     835.583     0.992188         8730       128.00
     863.743     0.992969         8738       142.22
     881.663     0.993750         8744       160.00
     906.751     0.994531         8750       182.86
     928.767     0.995313         8757       213.33
     956.415     0.996094         8764       256.00
    1000.447     0.996484         8768       284.44
    1026.559     0.996875         8771       320.00
    1036.287     0.997266         8774       365.71
    1054.719     0.997656         8778       426.67
    1104.895     0.998047         8781       512.00
    1115.135     0.998242         8783       568.89
    1169.407     0.998437         8785       640.00
    1178.623     0.998633         8786       731.43
    1186.815     0.998828         8788       853.33
    1192.959     0.999023         8790      1024.00
    1198.079     0.999121         8791      1137.78
    1210.367     0.999219         8792      1280.00
    1210.367     0.999316         8792      1462.86
    1266.687     0.999414         8793      1706.67
    1270.783     0.999512         8795      2048.00
    1270.783     0.999561         8795      2275.56
    1270.783     0.999609         8795      2560.00
    1270.783     0.999658         8795      2925.71
    1285.119     0.999707         8796      3413.33
    1285.119     0.999756         8796      4096.00
    1344.511     0.999780         8797      4551.11
    1344.511     0.999805         8797      5120.00
    1344.511     0.999829         8797      5851.43
    1344.511     0.999854         8797      6826.67
    1344.511     0.999878         8797      8192.00
    1432.575     0.999890         8798      9102.22
    1432.575     1.000000         8798          inf
#[Mean    =      168.697, StdDeviation   =      147.458]
#[Max     =     1431.552, Total count    =         8798]
#[Buckets =           27, SubBuckets     =         2048]
----------------------------------------------------------
  8799 requests in 10.00s, 3.04MB read
  Non-2xx or 3xx responses: 8799
Requests/sec:    879.89
Transfer/sec:    311.06KB
Running 10s test @ http://localhost:8080/wrk2-api/review/compose
  1 threads and 100 connections
  Thread Stats   Avg      Stdev     99%   +/- Stdev
    Latency   499.05ms  486.24ms   2.28s    85.53%
    Req/Sec       -nan      -nan   0.00      0.00%
  Latency Distribution (HdrHistogram - Recorded Latency)
 50.000%  337.41ms
 75.000%  681.47ms
 90.000%    1.17s 
 99.000%    2.28s 
 99.900%    2.70s 
 99.990%    2.86s 
 99.999%    2.90s 
100.000%    2.90s 

  Detailed Percentile spectrum:
       Value   Percentile   TotalCount 1/(1-Percentile)

       3.977     0.000000            1         1.00
      77.631     0.100000          895         1.11
     122.431     0.200000         1789         1.25
     178.815     0.300000         2683         1.43
     248.447     0.400000         3577         1.67
     337.407     0.500000         4471         2.00
     386.303     0.550000         4918         2.22
     441.087     0.600000         5366         2.50
     511.231     0.650000         5813         2.86
     583.167     0.700000         6262         3.33
     681.471     0.750000         6707         4.00
     737.279     0.775000         6932         4.44
     798.207     0.800000         7155         5.00
     865.279     0.825000         7379         5.71
     944.639     0.850000         7600         6.67
    1043.967     0.875000         7828         8.00
    1098.751     0.887500         7936         8.89
    1173.503     0.900000         8047        10.00
    1238.015     0.912500         8161        11.43
    1326.079     0.925000         8271        13.33
    1431.551     0.937500         8384        16.00
    1495.039     0.943750         8440        17.78
    1546.239     0.950000         8494        20.00
    1607.679     0.956250         8550        22.86
    1679.359     0.962500         8607        26.67
    1770.495     0.968750         8662        32.00
    1829.887     0.971875         8690        35.56
    1886.207     0.975000         8718        40.00
    1954.815     0.978125         8746        45.71
    2017.279     0.981250         8774        53.33
    2089.983     0.984375         8802        64.00
    2125.823     0.985938         8816        71.11
    2201.599     0.987500         8830        80.00
    2242.559     0.989062         8845        91.43
    2295.807     0.990625         8858       106.67
    2385.919     0.992188         8872       128.00
    2402.303     0.992969         8880       142.22
    2416.639     0.993750         8886       160.00
    2433.023     0.994531         8894       182.86
    2457.599     0.995313         8900       213.33
    2494.463     0.996094         8908       256.00
    2498.559     0.996484         8910       284.44
    2516.991     0.996875         8915       320.00
    2531.327     0.997266         8917       365.71
    2578.431     0.997656         8921       426.67
    2607.103     0.998047         8924       512.00
    2617.343     0.998242         8926       568.89
    2639.871     0.998437         8929       640.00
    2639.871     0.998633         8929       731.43
    2695.167     0.998828         8931       853.33
    2705.407     0.999023         8933      1024.00
    2725.887     0.999121         8934      1137.78
    2744.319     0.999219         8935      1280.00
    2744.319     0.999316         8935      1462.86
    2748.415     0.999414         8936      1706.67
    2807.807     0.999512         8937      2048.00
    2818.047     0.999561         8938      2275.56
    2818.047     0.999609         8938      2560.00
    2818.047     0.999658         8938      2925.71
    2832.383     0.999707         8939      3413.33
    2832.383     0.999756         8939      4096.00
    2856.959     0.999780         8940      4551.11
    2856.959     0.999805         8940      5120.00
    2856.959     0.999829         8940      5851.43
    2856.959     0.999854         8940      6826.67
    2856.959     0.999878         8940      8192.00
    2899.967     0.999890         8941      9102.22
    2899.967     1.000000         8941          inf
#[Mean    =      499.054, StdDeviation   =      486.236]
#[Max     =     2897.920, Total count    =         8941]
#[Buckets =           27, SubBuckets     =         2048]
----------------------------------------------------------
  8942 requests in 10.00s, 3.09MB read
  Non-2xx or 3xx responses: 8942
Requests/sec:    894.28
Transfer/sec:    316.14KB
Running 10s test @ http://localhost:8080/wrk2-api/review/compose
  1 threads and 100 connections
  Thread Stats   Avg      Stdev     99%   +/- Stdev
    Latency   940.19ms  785.40ms   3.28s    69.72%
    Req/Sec       -nan      -nan   0.00      0.00%
  Latency Distribution (HdrHistogram - Recorded Latency)
 50.000%  745.98ms
 75.000%    1.41s 
 90.000%    2.10s 
 99.000%    3.28s 
 99.900%    3.77s 
 99.990%    3.94s 
 99.999%    3.96s 
100.000%    3.96s 

  Detailed Percentile spectrum:
       Value   Percentile   TotalCount 1/(1-Percentile)

       3.931     0.000000            1         1.00
     119.423     0.100000          877         1.11
     222.591     0.200000         1755         1.25
     358.399     0.300000         2631         1.43
     537.087     0.400000         3508         1.67
     745.983     0.500000         4386         2.00
     859.135     0.550000         4826         2.22
     970.239     0.600000         5262         2.50
    1091.583     0.650000         5701         2.86
    1226.751     0.700000         6141         3.33
    1411.071     0.750000         6577         4.00
    1496.063     0.775000         6798         4.44
    1593.343     0.800000         7016         5.00
    1697.791     0.825000         7235         5.71
    1810.431     0.850000         7455         6.67
    1951.743     0.875000         7674         8.00
    2019.327     0.887500         7783         8.89
    2101.247     0.900000         7895        10.00
    2187.263     0.912500         8003        11.43
    2281.471     0.925000         8112        13.33
    2396.159     0.937500         8221        16.00
    2457.599     0.943750         8276        17.78
    2506.751     0.950000         8334        20.00
    2572.287     0.956250         8387        22.86
    2641.919     0.962500         8441        26.67
    2719.743     0.968750         8496        32.00
    2762.751     0.971875         8525        35.56
    2797.567     0.975000         8550        40.00
    2856.959     0.978125         8578        45.71
    2936.831     0.981250         8605        53.33
    3047.423     0.984375         8632        64.00
    3082.239     0.985938         8646        71.11
    3151.871     0.987500         8661        80.00
    3244.031     0.989062         8674        91.43
    3354.623     0.990625         8687       106.67
    3438.591     0.992188         8701       128.00
    3454.975     0.992969         8709       142.22
    3477.503     0.993750         8715       160.00
    3518.463     0.994531         8722       182.86
    3530.751     0.995313         8728       213.33
    3565.567     0.996094         8736       256.00
    3581.951     0.996484         8739       284.44
    3600.383     0.996875         8742       320.00
    3624.959     0.997266         8746       365.71
    3641.343     0.997656         8749       426.67
    3674.111     0.998047         8752       512.00
    3684.351     0.998242         8754       568.89
    3694.591     0.998437         8756       640.00
    3762.175     0.998633         8759       731.43
    3762.175     0.998828         8759       853.33
    3768.319     0.999023         8762      1024.00
    3768.319     0.999121         8762      1137.78
    3788.799     0.999219         8763      1280.00
    3796.991     0.999316         8764      1462.86
    3796.991     0.999414         8764      1706.67
    3837.951     0.999512         8765      2048.00
    3878.911     0.999561         8766      2275.56
    3878.911     0.999609         8766      2560.00
    3899.391     0.999658         8767      2925.71
    3899.391     0.999707         8767      3413.33
    3899.391     0.999756         8767      4096.00
    3936.255     0.999780         8768      4551.11
    3936.255     0.999805         8768      5120.00
    3936.255     0.999829         8768      5851.43
    3936.255     0.999854         8768      6826.67
    3936.255     0.999878         8768      8192.00
    3958.783     0.999890         8769      9102.22
    3958.783     1.000000         8769          inf
#[Mean    =      940.186, StdDeviation   =      785.396]
#[Max     =     3956.736, Total count    =         8769]
#[Buckets =           27, SubBuckets     =         2048]
----------------------------------------------------------
  8770 requests in 10.00s, 3.03MB read
  Non-2xx or 3xx responses: 8770
Requests/sec:    877.02
Transfer/sec:    310.04KB
