Running 10s test @ http://localhost:8080/wrk2-api/review/compose
  1 threads and 100 connections
  Thread Stats   Avg      Stdev     99%   +/- Stdev
    Latency     5.41ms    2.27ms  14.06ms   87.82%
    Req/Sec       -nan      -nan   0.00      0.00%
  Latency Distribution (HdrHistogram - Recorded Latency)
 50.000%    4.68ms
 75.000%    6.01ms
 90.000%    8.14ms
 99.000%   14.06ms
 99.900%   22.48ms
 99.990%   24.45ms
 99.999%   24.45ms
100.000%   24.45ms

  Detailed Percentile spectrum:
       Value   Percentile   TotalCount 1/(1-Percentile)

       3.091     0.000000            1         1.00
       3.691     0.100000          199         1.11
       3.911     0.200000          398         1.25
       4.127     0.300000          599         1.43
       4.379     0.400000          796         1.67
       4.675     0.500000          994         2.00
       4.819     0.550000         1097         2.22
       5.027     0.600000         1194         2.50
       5.251     0.650000         1293         2.86
       5.587     0.700000         1391         3.33
       6.023     0.750000         1492         4.00
       6.271     0.775000         1540         4.44
       6.507     0.800000         1590         5.00
       6.807     0.825000         1641         5.71
       7.115     0.850000         1689         6.67
       7.583     0.875000         1739         8.00
       7.835     0.887500         1764         8.89
       8.159     0.900000         1789        10.00
       8.423     0.912500         1814        11.43
       8.727     0.925000         1838        13.33
       9.287     0.937500         1863        16.00
       9.543     0.943750         1876        17.78
       9.831     0.950000         1888        20.00
      10.143     0.956250         1901        22.86
      10.359     0.962500         1913        26.67
      10.879     0.968750         1926        32.00
      11.127     0.971875         1932        35.56
      11.447     0.975000         1938        40.00
      11.703     0.978125         1944        45.71
      12.327     0.981250         1950        53.33
      12.647     0.984375         1956        64.00
      13.191     0.985938         1960        71.11
      13.703     0.987500         1963        80.00
      13.855     0.989062         1966        91.43
      14.135     0.990625         1969       106.67
      14.559     0.992188         1972       128.00
      15.663     0.992969         1974       142.22
      16.015     0.993750         1975       160.00
      17.135     0.994531         1977       182.86
      17.407     0.995313         1978       213.33
      19.103     0.996094         1980       256.00
      19.119     0.996484         1981       284.44
      19.119     0.996875         1981       320.00
      19.903     0.997266         1982       365.71
      20.127     0.997656         1983       426.67
      21.215     0.998047         1984       512.00
      21.215     0.998242         1984       568.89
      21.215     0.998437         1984       640.00
      22.479     0.998633         1985       731.43
      22.479     0.998828         1985       853.33
      23.503     0.999023         1986      1024.00
      23.503     0.999121         1986      1137.78
      23.503     0.999219         1986      1280.00
      23.503     0.999316         1986      1462.86
      23.503     0.999414         1986      1706.67
      24.447     0.999512         1987      2048.00
      24.447     1.000000         1987          inf
#[Mean    =        5.414, StdDeviation   =        2.269]
#[Max     =       24.432, Total count    =         1987]
#[Buckets =           27, SubBuckets     =         2048]
----------------------------------------------------------
  1988 requests in 10.01s, 702.79KB read
  Socket errors: connect 0, read 0, write 0, timeout 5
  Non-2xx or 3xx responses: 1988
Requests/sec:    198.66
Transfer/sec:     70.23KB
Running 10s test @ http://localhost:8080/wrk2-api/review/compose
  1 threads and 100 connections
  Thread Stats   Avg      Stdev     99%   +/- Stdev
    Latency     5.99ms    2.69ms  16.08ms   85.69%
    Req/Sec       -nan      -nan   0.00      0.00%
  Latency Distribution (HdrHistogram - Recorded Latency)
 50.000%    5.09ms
 75.000%    6.94ms
 90.000%    9.61ms
 99.000%   16.08ms
 99.900%   22.06ms
 99.990%   30.96ms
 99.999%   30.96ms
100.000%   30.96ms

  Detailed Percentile spectrum:
       Value   Percentile   TotalCount 1/(1-Percentile)

       2.969     0.000000            1         1.00
       3.739     0.100000          299         1.11
       4.039     0.200000          597         1.25
       4.343     0.300000          897         1.43
       4.651     0.400000         1193         1.67
       5.091     0.500000         1489         2.00
       5.367     0.550000         1639         2.22
       5.655     0.600000         1788         2.50
       6.043     0.650000         1935         2.86
       6.463     0.700000         2084         3.33
       6.943     0.750000         2234         4.00
       7.223     0.775000         2307         4.44
       7.475     0.800000         2382         5.00
       7.807     0.825000         2456         5.71
       8.319     0.850000         2530         6.67
       8.863     0.875000         2604         8.00
       9.247     0.887500         2642         8.89
       9.663     0.900000         2679        10.00
       9.991     0.912500         2716        11.43
      10.295     0.925000         2753        13.33
      10.807     0.937500         2790        16.00
      11.055     0.943750         2810        17.78
      11.231     0.950000         2828        20.00
      11.607     0.956250         2846        22.86
      11.903     0.962500         2865        26.67
      12.239     0.968750         2883        32.00
      12.551     0.971875         2893        35.56
      13.007     0.975000         2902        40.00
      13.495     0.978125         2911        45.71
      13.967     0.981250         2921        53.33
      14.727     0.984375         2930        64.00
      14.991     0.985938         2935        71.11
      15.559     0.987500         2939        80.00
      15.879     0.989062         2944        91.43
      16.447     0.990625         2949       106.67
      17.023     0.992188         2953       128.00
      17.279     0.992969         2956       142.22
      17.407     0.993750         2958       160.00
      17.567     0.994531         2960       182.86
      18.063     0.995313         2963       213.33
      18.303     0.996094         2965       256.00
      18.351     0.996484         2966       284.44
      19.231     0.996875         2967       320.00
      19.871     0.997266         2968       365.71
      20.031     0.997656         2970       426.67
      21.151     0.998047         2971       512.00
      21.151     0.998242         2971       568.89
      21.775     0.998437         2972       640.00
      21.775     0.998633         2972       731.43
      22.063     0.998828         2973       853.33
      24.431     0.999023         2974      1024.00
      24.431     0.999121         2974      1137.78
      24.431     0.999219         2974      1280.00
      24.431     0.999316         2974      1462.86
      26.895     0.999414         2975      1706.67
      26.895     0.999512         2975      2048.00
      26.895     0.999561         2975      2275.56
      26.895     0.999609         2975      2560.00
      26.895     0.999658         2975      2925.71
      30.959     0.999707         2976      3413.33
      30.959     1.000000         2976          inf
#[Mean    =        5.994, StdDeviation   =        2.693]
#[Max     =       30.944, Total count    =         2976]
#[Buckets =           27, SubBuckets     =         2048]
----------------------------------------------------------
  2977 requests in 10.00s, 1.03MB read
  Socket errors: connect 0, read 0, write 0, timeout 1
  Non-2xx or 3xx responses: 2977
Requests/sec:    297.70
Transfer/sec:    105.24KB
Running 10s test @ http://localhost:8080/wrk2-api/review/compose
  1 threads and 100 connections
  Thread Stats   Avg      Stdev     99%   +/- Stdev
    Latency     7.62ms    5.53ms  23.53ms   90.85%
    Req/Sec       -nan      -nan   0.00      0.00%
  Latency Distribution (HdrHistogram - Recorded Latency)
 50.000%    6.16ms
 75.000%    8.92ms
 90.000%   12.76ms
 99.000%   23.53ms
 99.900%   75.84ms
 99.990%  110.21ms
 99.999%  110.21ms
100.000%  110.21ms

  Detailed Percentile spectrum:
       Value   Percentile   TotalCount 1/(1-Percentile)

       3.123     0.000000            1         1.00
       3.931     0.100000          397         1.11
       4.363     0.200000          795         1.25
       4.823     0.300000         1193         1.43
       5.383     0.400000         1588         1.67
       6.155     0.500000         1985         2.00
       6.571     0.550000         2183         2.22
       7.087     0.600000         2385         2.50
       7.575     0.650000         2581         2.86
       8.223     0.700000         2781         3.33
       8.919     0.750000         2978         4.00
       9.399     0.775000         3077         4.44
       9.823     0.800000         3181         5.00
      10.391     0.825000         3276         5.71
      11.031     0.850000         3375         6.67
      11.735     0.875000         3474         8.00
      12.167     0.887500         3524         8.89
      12.759     0.900000         3573        10.00
      13.335     0.912500         3622        11.43
      14.031     0.925000         3672        13.33
      14.743     0.937500         3721        16.00
      15.271     0.943750         3747        17.78
      15.999     0.950000         3771        20.00
      16.623     0.956250         3796        22.86
      17.391     0.962500         3821        26.67
      18.495     0.968750         3846        32.00
      18.847     0.971875         3859        35.56
      19.263     0.975000         3870        40.00
      20.207     0.978125         3883        45.71
      20.703     0.981250         3895        53.33
      21.471     0.984375         3907        64.00
      22.159     0.985938         3914        71.11
      22.575     0.987500         3920        80.00
      23.023     0.989062         3926        91.43
      23.839     0.990625         3932       106.67
      24.911     0.992188         3938       128.00
      26.367     0.992969         3942       142.22
      27.407     0.993750         3945       160.00
      28.863     0.994531         3948       182.86
      30.047     0.995313         3951       213.33
      31.471     0.996094         3954       256.00
      36.895     0.996484         3956       284.44
      37.855     0.996875         3957       320.00
      40.895     0.997266         3959       365.71
      41.247     0.997656         3960       426.67
      48.063     0.998047         3962       512.00
      57.759     0.998242         3963       568.89
      57.759     0.998437         3963       640.00
      64.927     0.998633         3964       731.43
      75.839     0.998828         3965       853.33
      99.391     0.999023         3966      1024.00
      99.391     0.999121         3966      1137.78
      99.391     0.999219         3966      1280.00
     106.495     0.999316         3967      1462.86
     106.495     0.999414         3967      1706.67
     106.623     0.999512         3968      2048.00
     106.623     0.999561         3968      2275.56
     106.623     0.999609         3968      2560.00
     106.623     0.999658         3968      2925.71
     106.623     0.999707         3968      3413.33
     110.207     0.999756         3969      4096.00
     110.207     1.000000         3969          inf
#[Mean    =        7.615, StdDeviation   =        5.527]
#[Max     =      110.144, Total count    =         3969]
#[Buckets =           27, SubBuckets     =         2048]
----------------------------------------------------------
  3970 requests in 10.00s, 1.37MB read
  Non-2xx or 3xx responses: 3970
Requests/sec:    396.94
Transfer/sec:    140.32KB
Running 10s test @ http://localhost:8080/wrk2-api/review/compose
  1 threads and 100 connections
  Thread Stats   Avg      Stdev     99%   +/- Stdev
    Latency     9.70ms    6.47ms  32.90ms   87.31%
    Req/Sec       -nan      -nan   0.00      0.00%
  Latency Distribution (HdrHistogram - Recorded Latency)
 50.000%    7.61ms
 75.000%   12.03ms
 90.000%   17.60ms
 99.000%   32.90ms
 99.900%   57.22ms
 99.990%   71.74ms
 99.999%   71.74ms
100.000%   71.74ms

  Detailed Percentile spectrum:
       Value   Percentile   TotalCount 1/(1-Percentile)

       3.181     0.000000            1         1.00
       4.347     0.100000          495         1.11
       4.915     0.200000          990         1.25
       5.615     0.300000         1485         1.43
       6.539     0.400000         1979         1.67
       7.607     0.500000         2474         2.00
       8.151     0.550000         2721         2.22
       8.903     0.600000         2969         2.50
       9.823     0.650000         3218         2.86
      10.855     0.700000         3463         3.33
      12.039     0.750000         3711         4.00
      12.823     0.775000         3834         4.44
      13.535     0.800000         3958         5.00
      14.295     0.825000         4082         5.71
      15.095     0.850000         4205         6.67
      16.271     0.875000         4329         8.00
      16.895     0.887500         4394         8.89
      17.615     0.900000         4455        10.00
      18.543     0.912500         4515        11.43
      19.439     0.925000         4576        13.33
      20.703     0.937500         4639        16.00
      21.503     0.943750         4669        17.78
      22.479     0.950000         4701        20.00
      23.199     0.956250         4731        22.86
      24.143     0.962500         4762        26.67
      25.615     0.968750         4793        32.00
      26.287     0.971875         4809        35.56
      27.023     0.975000         4825        40.00
      27.807     0.978125         4839        45.71
      28.607     0.981250         4855        53.33
      30.111     0.984375         4870        64.00
      30.687     0.985938         4878        71.11
      31.135     0.987500         4886        80.00
      31.855     0.989062         4893        91.43
      33.503     0.990625         4901       106.67
      35.167     0.992188         4909       128.00
      36.415     0.992969         4913       142.22
      37.567     0.993750         4917       160.00
      38.495     0.994531         4920       182.86
      39.903     0.995313         4924       213.33
      41.951     0.996094         4928       256.00
      42.847     0.996484         4930       284.44
      44.415     0.996875         4932       320.00
      46.335     0.997266         4934       365.71
      46.911     0.997656         4936       426.67
      48.831     0.998047         4938       512.00
      50.335     0.998242         4939       568.89
      54.559     0.998437         4940       640.00
      56.863     0.998633         4941       731.43
      57.215     0.998828         4942       853.33
      57.311     0.999023         4943      1024.00
      57.311     0.999121         4943      1137.78
      57.375     0.999219         4944      1280.00
      57.375     0.999316         4944      1462.86
      58.079     0.999414         4945      1706.67
      58.079     0.999512         4945      2048.00
      58.079     0.999561         4945      2275.56
      58.751     0.999609         4946      2560.00
      58.751     0.999658         4946      2925.71
      58.751     0.999707         4946      3413.33
      58.751     0.999756         4946      4096.00
      58.751     0.999780         4946      4551.11
      71.743     0.999805         4947      5120.00
      71.743     1.000000         4947          inf
#[Mean    =        9.700, StdDeviation   =        6.467]
#[Max     =       71.680, Total count    =         4947]
#[Buckets =           27, SubBuckets     =         2048]
----------------------------------------------------------
  4948 requests in 10.00s, 1.71MB read
  Non-2xx or 3xx responses: 4948
Requests/sec:    494.84
Transfer/sec:    174.93KB
Running 10s test @ http://localhost:8080/wrk2-api/review/compose
  1 threads and 100 connections
  Thread Stats   Avg      Stdev     99%   +/- Stdev
    Latency    22.15ms   31.04ms 157.82ms   91.25%
    Req/Sec       -nan      -nan   0.00      0.00%
  Latency Distribution (HdrHistogram - Recorded Latency)
 50.000%   11.28ms
 75.000%   23.47ms
 90.000%   47.84ms
 99.000%  157.82ms
 99.900%  274.94ms
 99.990%  340.22ms
 99.999%  385.02ms
100.000%  385.02ms

  Detailed Percentile spectrum:
       Value   Percentile   TotalCount 1/(1-Percentile)

       3.223     0.000000            1         1.00
       4.671     0.100000          589         1.11
       5.735     0.200000         1179         1.25
       7.103     0.300000         1767         1.43
       8.863     0.400000         2354         1.67
      11.279     0.500000         2944         2.00
      13.007     0.550000         3238         2.22
      15.023     0.600000         3532         2.50
      17.359     0.650000         3827         2.86
      20.383     0.700000         4120         3.33
      23.471     0.750000         4414         4.00
      25.583     0.775000         4561         4.44
      28.223     0.800000         4709         5.00
      31.343     0.825000         4856         5.71
      35.359     0.850000         5004         6.67
      40.703     0.875000         5150         8.00
      43.935     0.887500         5223         8.89
      47.839     0.900000         5299        10.00
      53.247     0.912500         5371        11.43
      59.519     0.925000         5444        13.33
      69.183     0.937500         5518        16.00
      74.367     0.943750         5554        17.78
      80.831     0.950000         5591        20.00
      87.807     0.956250         5628        22.86
      98.815     0.962500         5665        26.67
     113.087     0.968750         5702        32.00
     120.127     0.971875         5720        35.56
     125.055     0.975000         5738        40.00
     129.343     0.978125         5757        45.71
     133.759     0.981250         5775        53.33
     142.207     0.984375         5795        64.00
     145.535     0.985938         5803        71.11
     150.527     0.987500         5812        80.00
     155.135     0.989062         5822        91.43
     160.255     0.990625         5830       106.67
     165.887     0.992188         5840       128.00
     168.959     0.992969         5844       142.22
     175.103     0.993750         5849       160.00
     188.799     0.994531         5853       182.86
     207.103     0.995313         5858       213.33
     210.175     0.996094         5863       256.00
     213.375     0.996484         5865       284.44
     215.551     0.996875         5867       320.00
     220.671     0.997266         5869       365.71
     237.311     0.997656         5872       426.67
     246.655     0.998047         5874       512.00
     248.063     0.998242         5875       568.89
     250.495     0.998437         5876       640.00
     256.639     0.998633         5877       731.43
     274.943     0.998828         5879       853.33
     275.711     0.999023         5880      1024.00
     275.711     0.999121         5880      1137.78
     279.295     0.999219         5881      1280.00
     279.295     0.999316         5881      1462.86
     280.319     0.999414         5882      1706.67
     293.631     0.999512         5883      2048.00
     293.631     0.999561         5883      2275.56
     293.631     0.999609         5883      2560.00
     293.631     0.999658         5883      2925.71
     340.223     0.999707         5884      3413.33
     340.223     0.999756         5884      4096.00
     340.223     0.999780         5884      4551.11
     340.223     0.999805         5884      5120.00
     340.223     0.999829         5884      5851.43
     385.023     0.999854         5885      6826.67
     385.023     1.000000         5885          inf
#[Mean    =       22.149, StdDeviation   =       31.042]
#[Max     =      384.768, Total count    =         5885]
#[Buckets =           27, SubBuckets     =         2048]
----------------------------------------------------------
  5886 requests in 10.00s, 2.03MB read
  Non-2xx or 3xx responses: 5886
Requests/sec:    588.52
Transfer/sec:    208.05KB
Running 10s test @ http://localhost:8080/wrk2-api/review/compose
  1 threads and 100 connections
  Thread Stats   Avg      Stdev     99%   +/- Stdev
    Latency   358.93ms  358.25ms   1.59s    85.41%
    Req/Sec       -nan      -nan   0.00      0.00%
  Latency Distribution (HdrHistogram - Recorded Latency)
 50.000%  252.80ms
 75.000%  503.04ms
 90.000%  843.26ms
 99.000%    1.59s 
 99.900%    2.19s 
 99.990%    2.41s 
 99.999%    2.47s 
100.000%    2.47s 

  Detailed Percentile spectrum:
       Value   Percentile   TotalCount 1/(1-Percentile)

       3.199     0.000000            1         1.00
       7.779     0.100000          644         1.11
      54.143     0.200000         1286         1.25
     154.367     0.300000         1929         1.43
     198.143     0.400000         2572         1.67
     252.799     0.500000         3215         2.00
     278.015     0.550000         3537         2.22
     322.047     0.600000         3857         2.50
     371.199     0.650000         4179         2.86
     428.543     0.700000         4500         3.33
     503.039     0.750000         4821         4.00
     539.135     0.775000         4982         4.44
     586.239     0.800000         5145         5.00
     638.463     0.825000         5305         5.71
     702.463     0.850000         5466         6.67
     770.559     0.875000         5625         8.00
     800.767     0.887500         5705         8.89
     843.775     0.900000         5787        10.00
     903.679     0.912500         5866        11.43
     959.487     0.925000         5947        13.33
    1032.191     0.937500         6028        16.00
    1070.079     0.943750         6067        17.78
    1122.303     0.950000         6107        20.00
    1157.119     0.956250         6147        22.86
    1204.223     0.962500         6188        26.67
    1267.711     0.968750         6228        32.00
    1305.599     0.971875         6248        35.56
    1335.295     0.975000         6269        40.00
    1366.015     0.978125         6289        45.71
    1422.335     0.981250         6308        53.33
    1456.127     0.984375         6328        64.00
    1484.799     0.985938         6338        71.11
    1558.527     0.987500         6348        80.00
    1580.031     0.989062         6358        91.43
    1608.703     0.990625         6368       106.67
    1648.639     0.992188         6378       128.00
    1685.503     0.992969         6383       142.22
    1709.055     0.993750         6388       160.00
    1753.087     0.994531         6393       182.86
    1788.927     0.995313         6398       213.33
    1805.311     0.996094         6403       256.00
    1843.199     0.996484         6406       284.44
    1871.871     0.996875         6408       320.00
    1926.143     0.997266         6411       365.71
    1995.775     0.997656         6413       426.67
    2043.903     0.998047         6416       512.00
    2062.335     0.998242         6417       568.89
    2067.455     0.998437         6418       640.00
    2092.031     0.998633         6420       731.43
    2156.543     0.998828         6421       853.33
    2185.215     0.999023         6422      1024.00
    2201.599     0.999121         6423      1137.78
    2201.599     0.999219         6423      1280.00
    2250.751     0.999316         6424      1462.86
    2314.239     0.999414         6426      1706.67
    2314.239     0.999512         6426      2048.00
    2314.239     0.999561         6426      2275.56
    2314.239     0.999609         6426      2560.00
    2314.239     0.999658         6426      2925.71
    2412.543     0.999707         6427      3413.33
    2412.543     0.999756         6427      4096.00
    2412.543     0.999780         6427      4551.11
    2412.543     0.999805         6427      5120.00
    2412.543     0.999829         6427      5851.43
    2469.887     0.999854         6428      6826.67
    2469.887     1.000000         6428          inf
#[Mean    =      358.932, StdDeviation   =      358.249]
#[Max     =     2467.840, Total count    =         6428]
#[Buckets =           27, SubBuckets     =         2048]
----------------------------------------------------------
  6430 requests in 10.00s, 2.22MB read
  Non-2xx or 3xx responses: 6430
Requests/sec:    642.99
Transfer/sec:    227.31KB
Running 10s test @ http://localhost:8080/wrk2-api/review/compose
  1 threads and 100 connections
  Thread Stats   Avg      Stdev     99%   +/- Stdev
    Latency   863.38ms  753.05ms   3.04s    68.75%
    Req/Sec       -nan      -nan   0.00      0.00%
  Latency Distribution (HdrHistogram - Recorded Latency)
 50.000%  670.21ms
 75.000%    1.33s 
 90.000%    1.95s 
 99.000%    3.04s 
 99.900%    3.69s 
 99.990%    3.81s 
 99.999%    3.83s 
100.000%    3.83s 

  Detailed Percentile spectrum:
       Value   Percentile   TotalCount 1/(1-Percentile)

       3.307     0.000000            1         1.00
      23.727     0.100000          648         1.11
     192.255     0.200000         1296         1.25
     307.199     0.300000         1943         1.43
     479.231     0.400000         2592         1.67
     670.207     0.500000         3236         2.00
     780.799     0.550000         3560         2.22
     886.783     0.600000         3885         2.50
    1021.439     0.650000         4209         2.86
    1163.263     0.700000         4531         3.33
    1329.151     0.750000         4854         4.00
    1405.951     0.775000         5018         4.44
    1489.919     0.800000         5178         5.00
    1594.367     0.825000         5339         5.71
    1692.671     0.850000         5501         6.67
    1811.455     0.875000         5663         8.00
    1881.087     0.887500         5745         8.89
    1952.767     0.900000         5824        10.00
    2042.879     0.912500         5906        11.43
    2136.063     0.925000         5986        13.33
    2242.559     0.937500         6067        16.00
    2285.567     0.943750         6108        17.78
    2353.151     0.950000         6148        20.00
    2408.447     0.956250         6188        22.86
    2500.607     0.962500         6229        26.67
    2562.047     0.968750         6269        32.00
    2613.247     0.971875         6291        35.56
    2668.543     0.975000         6311        40.00
    2721.791     0.978125         6330        45.71
    2795.519     0.981250         6350        53.33
    2887.679     0.984375         6370        64.00
    2932.735     0.985938         6381        71.11
    2969.599     0.987500         6391        80.00
    3002.367     0.989062         6401        91.43
    3059.711     0.990625         6411       106.67
    3119.103     0.992188         6421       128.00
    3186.687     0.992969         6426       142.22
    3270.655     0.993750         6431       160.00
    3303.423     0.994531         6436       182.86
    3381.247     0.995313         6441       213.33
    3418.111     0.996094         6446       256.00
    3487.743     0.996484         6449       284.44
    3497.983     0.996875         6451       320.00
    3520.511     0.997266         6454       365.71
    3545.087     0.997656         6456       426.67
    3588.095     0.998047         6459       512.00
    3590.143     0.998242         6460       568.89
    3606.527     0.998437         6461       640.00
    3647.487     0.998633         6463       731.43
    3659.775     0.998828         6464       853.33
    3686.399     0.999023         6465      1024.00
    3690.495     0.999121         6466      1137.78
    3690.495     0.999219         6466      1280.00
    3733.503     0.999316         6467      1462.86
    3745.791     0.999414         6468      1706.67
    3745.791     0.999512         6468      2048.00
    3794.943     0.999561         6469      2275.56
    3794.943     0.999609         6469      2560.00
    3794.943     0.999658         6469      2925.71
    3805.183     0.999707         6470      3413.33
    3805.183     0.999756         6470      4096.00
    3805.183     0.999780         6470      4551.11
    3805.183     0.999805         6470      5120.00
    3805.183     0.999829         6470      5851.43
    3829.759     0.999854         6471      6826.67
    3829.759     1.000000         6471          inf
#[Mean    =      863.376, StdDeviation   =      753.047]
#[Max     =     3827.712, Total count    =         6471]
#[Buckets =           27, SubBuckets     =         2048]
----------------------------------------------------------
  6472 requests in 10.00s, 2.23MB read
  Non-2xx or 3xx responses: 6472
Requests/sec:    647.19
Transfer/sec:    228.79KB
Running 10s test @ http://localhost:8080/wrk2-api/review/compose
  1 threads and 100 connections
  Thread Stats   Avg      Stdev     99%   +/- Stdev
    Latency     1.49s     1.15s    4.49s    62.34%
    Req/Sec       -nan      -nan   0.00      0.00%
  Latency Distribution (HdrHistogram - Recorded Latency)
 50.000%    1.29s 
 75.000%    2.30s 
 90.000%    3.11s 
 99.000%    4.49s 
 99.900%    5.04s 
 99.990%    5.21s 
 99.999%    5.41s 
100.000%    5.41s 

  Detailed Percentile spectrum:
       Value   Percentile   TotalCount 1/(1-Percentile)

       3.573     0.000000            1         1.00
     132.351     0.100000          593         1.11
     358.911     0.200000         1186         1.25
     649.215     0.300000         1779         1.43
     963.071     0.400000         2371         1.67
    1289.215     0.500000         2964         2.00
    1470.463     0.550000         3261         2.22
    1671.167     0.600000         3556         2.50
    1884.159     0.650000         3852         2.86
    2082.815     0.700000         4150         3.33
    2297.855     0.750000         4448         4.00
    2402.303     0.775000         4593         4.44
    2527.231     0.800000         4741         5.00
    2670.591     0.825000         4890         5.71
    2809.855     0.850000         5038         6.67
    2940.927     0.875000         5186         8.00
    3033.087     0.887500         5261         8.89
    3115.007     0.900000         5334        10.00
    3223.551     0.912500         5409        11.43
    3340.287     0.925000         5485        13.33
    3471.359     0.937500         5556        16.00
    3538.943     0.943750         5594        17.78
    3622.911     0.950000         5630        20.00
    3688.447     0.956250         5667        22.86
    3778.559     0.962500         5704        26.67
    3907.583     0.968750         5741        32.00
    3973.119     0.971875         5760        35.56
    4036.607     0.975000         5779        40.00
    4118.527     0.978125         5797        45.71
    4198.399     0.981250         5818        53.33
    4255.743     0.984375         5834        64.00
    4321.279     0.985938         5844        71.11
    4370.431     0.987500         5852        80.00
    4444.159     0.989062         5862        91.43
    4501.503     0.990625         5871       106.67
    4571.135     0.992188         5880       128.00
    4603.903     0.992969         5885       142.22
    4669.439     0.993750         5889       160.00
    4718.591     0.994531         5894       182.86
    4751.359     0.995313         5899       213.33
    4755.455     0.996094         5903       256.00
    4800.511     0.996484         5906       284.44
    4829.183     0.996875         5908       320.00
    4907.007     0.997266         5910       365.71
    4927.487     0.997656         5913       426.67
    4968.447     0.998047         5915       512.00
    4972.543     0.998242         5916       568.89
    4980.735     0.998437         5917       640.00
    5001.215     0.998633         5918       731.43
    5042.175     0.998828         5920       853.33
    5074.943     0.999023         5921      1024.00
    5074.943     0.999121         5921      1137.78
    5083.135     0.999219         5922      1280.00
    5083.135     0.999316         5922      1462.86
    5173.247     0.999414         5923      1706.67
    5193.727     0.999512         5924      2048.00
    5193.727     0.999561         5924      2275.56
    5193.727     0.999609         5924      2560.00
    5193.727     0.999658         5924      2925.71
    5214.207     0.999707         5925      3413.33
    5214.207     0.999756         5925      4096.00
    5214.207     0.999780         5925      4551.11
    5214.207     0.999805         5925      5120.00
    5214.207     0.999829         5925      5851.43
    5410.815     0.999854         5926      6826.67
    5410.815     1.000000         5926          inf
#[Mean    =     1492.178, StdDeviation   =     1146.275]
#[Max     =     5406.720, Total count    =         5926]
#[Buckets =           27, SubBuckets     =         2048]
----------------------------------------------------------
  5927 requests in 10.00s, 2.05MB read
  Non-2xx or 3xx responses: 5927
Requests/sec:    592.75
Transfer/sec:    209.55KB
Running 10s test @ http://localhost:8080/wrk2-api/review/compose
  1 threads and 100 connections
  Thread Stats   Avg      Stdev     99%   +/- Stdev
    Latency     1.72s     1.18s    4.55s    62.13%
    Req/Sec       -nan      -nan   0.00      0.00%
  Latency Distribution (HdrHistogram - Recorded Latency)
 50.000%    1.55s
 75.000%    2.58s
 90.000%    3.41s
 99.000%    4.55s
 99.900%    5.08s
 99.990%    5.26s
 99.999%    5.28s
100.000%    5.28s

  Detailed Percentile spectrum:
       Value   Percentile   TotalCount 1/(1-Percentile)

       3.495     0.000000            1         1.00
     254.847     0.100000          643         1.11
     580.607     0.200000         1288         1.25
     901.119     0.300000         1927         1.43
    1202.175     0.400000         2569         1.67
    1554.431     0.500000         3211         2.00
    1750.015     0.550000         3533         2.22
    1952.767     0.600000         3854         2.50
    2160.639     0.650000         4175         2.86
    2363.391     0.700000         4496         3.33
    2582.527     0.750000         4820         4.00
    2719.743     0.775000         4978         4.44
    2850.815     0.800000         5141         5.00
    2975.743     0.825000         5300         5.71
    3110.911     0.850000         5459         6.67
    3248.127     0.875000         5621         8.00
    3330.047     0.887500         5701         8.89
    3409.919     0.900000         5783        10.00
    3489.791     0.912500         5861        11.43
    3577.855     0.925000         5941        13.33
    3694.591     0.937500         6021        16.00
    3756.031     0.943750         6062        17.78
    3815.423     0.950000         6101        20.00
    3889.151     0.956250         6142        22.86
    3987.455     0.962500         6183        26.67
    4083.711     0.968750         6222        32.00
    4163.583     0.971875         6242        35.56
    4210.687     0.975000         6263        40.00
    4272.127     0.978125         6284        45.71
    4345.855     0.981250         6302        53.33
    4415.487     0.984375         6322        64.00
    4452.351     0.985938         6332        71.11
    4485.119     0.987500         6342        80.00
    4534.271     0.989062         6352        91.43
    4571.135     0.990625         6362       106.67
    4636.671     0.992188         6374       128.00
    4657.151     0.992969         6377       142.22
    4689.919     0.993750         6382       160.00
    4718.591     0.994531         6387       182.86
    4743.167     0.995313         6393       213.33
    4767.743     0.996094         6397       256.00
    4792.319     0.996484         6400       284.44
    4833.279     0.996875         6402       320.00
    4878.335     0.997266         6405       365.71
    4902.911     0.997656         6407       426.67
    4964.351     0.998047         6410       512.00
    5021.695     0.998242         6411       568.89
    5029.887     0.998437         6412       640.00
    5070.847     0.998633         6414       731.43
    5079.039     0.998828         6416       853.33
    5079.039     0.999023         6416      1024.00
    5128.191     0.999121         6417      1137.78
    5128.191     0.999219         6417      1280.00
    5148.671     0.999316         6419      1462.86
    5148.671     0.999414         6419      1706.67
    5148.671     0.999512         6419      2048.00
    5156.863     0.999561         6420      2275.56
    5156.863     0.999609         6420      2560.00
    5156.863     0.999658         6420      2925.71
    5255.167     0.999707         6421      3413.33
    5255.167     0.999756         6421      4096.00
    5255.167     0.999780         6421      4551.11
    5255.167     0.999805         6421      5120.00
    5255.167     0.999829         6421      5851.43
    5283.839     0.999854         6422      6826.67
    5283.839     1.000000         6422          inf
#[Mean    =     1720.660, StdDeviation   =     1181.174]
#[Max     =     5279.744, Total count    =         6422]
#[Buckets =           27, SubBuckets     =         2048]
----------------------------------------------------------
  6423 requests in 10.00s, 2.22MB read
  Non-2xx or 3xx responses: 6423
Requests/sec:    642.38
Transfer/sec:    227.09KB
Running 10s test @ http://localhost:8080/wrk2-api/review/compose
  1 threads and 100 connections
  Thread Stats   Avg      Stdev     99%   +/- Stdev
    Latency     1.92s     1.32s    5.17s    62.57%
    Req/Sec       -nan      -nan   0.00      0.00%
  Latency Distribution (HdrHistogram - Recorded Latency)
 50.000%    1.84s
 75.000%    2.88s
 90.000%    3.76s
 99.000%    5.17s
 99.900%    5.71s
 99.990%    6.16s
 99.999%    6.16s
100.000%    6.16s

  Detailed Percentile spectrum:
       Value   Percentile   TotalCount 1/(1-Percentile)

       2.957     0.000000            1         1.00
     233.343     0.100000          652         1.11
     599.551     0.200000         1304         1.25
     996.863     0.300000         1956         1.43
    1403.903     0.400000         2608         1.67
    1844.223     0.500000         3260         2.00
    2018.303     0.550000         3586         2.22
    2195.455     0.600000         3912         2.50
    2418.687     0.650000         4238         2.86
    2643.967     0.700000         4564         3.33
    2875.391     0.750000         4888         4.00
    2994.175     0.775000         5054         4.44
    3117.055     0.800000         5214         5.00
    3237.887     0.825000         5379         5.71
    3391.487     0.850000         5540         6.67
    3543.039     0.875000         5703         8.00
    3657.727     0.887500         5786         8.89
    3758.079     0.900000         5868        10.00
    3883.007     0.912500         5947        11.43
    4018.175     0.925000         6030        13.33
    4153.343     0.937500         6110        16.00
    4243.455     0.943750         6156        17.78
    4296.703     0.950000         6195        20.00
    4358.143     0.956250         6233        22.86
    4468.735     0.962500         6273        26.67
    4575.231     0.968750         6315        32.00
    4624.383     0.971875         6334        35.56
    4710.399     0.975000         6355        40.00
    4780.031     0.978125         6376        45.71
    4911.103     0.981250         6396        53.33
    4997.119     0.984375         6416        64.00
    5029.887     0.985938         6427        71.11
    5070.847     0.987500         6436        80.00
    5132.287     0.989062         6446        91.43
    5181.439     0.990625         6456       106.67
    5263.359     0.992188         6469       128.00
    5287.935     0.992969         6472       142.22
    5328.895     0.993750         6477       160.00
    5361.663     0.994531         6482       182.86
    5423.103     0.995313         6487       213.33
    5476.351     0.996094         6493       256.00
    5492.735     0.996484         6495       284.44
    5505.023     0.996875         6497       320.00
    5533.695     0.997266         6501       365.71
    5545.983     0.997656         6502       426.67
    5591.039     0.998047         6505       512.00
    5599.231     0.998242         6506       568.89
    5603.327     0.998437         6507       640.00
    5693.439     0.998633         6509       731.43
    5705.727     0.998828         6510       853.33
    5713.919     0.999023         6511      1024.00
    5718.015     0.999121         6512      1137.78
    5718.015     0.999219         6512      1280.00
    5902.335     0.999316         6513      1462.86
    5935.103     0.999414         6514      1706.67
    5935.103     0.999512         6514      2048.00
    6066.175     0.999561         6515      2275.56
    6066.175     0.999609         6515      2560.00
    6066.175     0.999658         6515      2925.71
    6156.287     0.999707         6516      3413.33
    6156.287     0.999756         6516      4096.00
    6156.287     0.999780         6516      4551.11
    6156.287     0.999805         6516      5120.00
    6156.287     0.999829         6516      5851.43
    6164.479     0.999854         6517      6826.67
    6164.479     1.000000         6517          inf
#[Mean    =     1922.819, StdDeviation   =     1320.752]
#[Max     =     6160.384, Total count    =         6517]
#[Buckets =           27, SubBuckets     =         2048]
----------------------------------------------------------
  6518 requests in 10.00s, 2.25MB read
  Non-2xx or 3xx responses: 6518
Requests/sec:    651.71
Transfer/sec:    230.39KB
Running 10s test @ http://localhost:8080/wrk2-api/review/compose
  1 threads and 100 connections
  Thread Stats   Avg      Stdev     99%   +/- Stdev
    Latency     2.19s     1.41s    5.37s    61.40%
    Req/Sec       -nan      -nan   0.00      0.00%
  Latency Distribution (HdrHistogram - Recorded Latency)
 50.000%    2.15s
 75.000%    3.25s
 90.000%    4.11s
 99.000%    5.37s
 99.900%    5.98s
 99.990%    6.16s
 99.999%    6.18s
100.000%    6.18s

  Detailed Percentile spectrum:
       Value   Percentile   TotalCount 1/(1-Percentile)

       3.905     0.000000            1         1.00
     332.543     0.100000          650         1.11
     726.527     0.200000         1300         1.25
    1212.415     0.300000         1949         1.43
    1673.215     0.400000         2599         1.67
    2146.303     0.500000         3248         2.00
    2363.391     0.550000         3576         2.22
    2594.815     0.600000         3897         2.50
    2818.047     0.650000         4223         2.86
    3028.991     0.700000         4548         3.33
    3250.175     0.750000         4873         4.00
    3364.863     0.775000         5034         4.44
    3489.791     0.800000         5196         5.00
    3606.527     0.825000         5360         5.71
    3762.175     0.850000         5522         6.67
    3930.111     0.875000         5683         8.00
    4024.319     0.887500         5768         8.89
    4106.239     0.900000         5847        10.00
    4218.879     0.912500         5926        11.43
    4354.047     0.925000         6010        13.33
    4485.119     0.937500         6089        16.00
    4554.751     0.943750         6130        17.78
    4620.287     0.950000         6172        20.00
    4702.207     0.956250         6210        22.86
    4780.031     0.962500         6251        26.67
    4870.143     0.968750         6292        32.00
    4915.199     0.971875         6312        35.56
    4960.255     0.975000         6332        40.00
    5021.695     0.978125         6352        45.71
    5091.327     0.981250         6373        53.33
    5169.151     0.984375         6394        64.00
    5251.071     0.985938         6404        71.11
    5287.935     0.987500         6415        80.00
    5341.183     0.989062         6424        91.43
    5394.431     0.990625         6435       106.67
    5455.871     0.992188         6445       128.00
    5484.543     0.992969         6450       142.22
    5517.311     0.993750         6455       160.00
    5562.367     0.994531         6459       182.86
    5607.423     0.995313         6465       213.33
    5664.767     0.996094         6469       256.00
    5689.343     0.996484         6472       284.44
    5697.535     0.996875         6475       320.00
    5726.207     0.997266         6477       365.71
    5742.591     0.997656         6481       426.67
    5779.455     0.998047         6482       512.00
    5787.647     0.998242         6483       568.89
    5828.607     0.998437         6484       640.00
    5918.719     0.998633         6486       731.43
    5951.487     0.998828         6487       853.33
    5976.063     0.999023         6488      1024.00
    5988.351     0.999121         6489      1137.78
    5988.351     0.999219         6489      1280.00
    6008.831     0.999316         6490      1462.86
    6131.711     0.999414         6491      1706.67
    6131.711     0.999512         6491      2048.00
    6148.095     0.999561         6492      2275.56
    6148.095     0.999609         6492      2560.00
    6148.095     0.999658         6492      2925.71
    6156.287     0.999707         6493      3413.33
    6156.287     0.999756         6493      4096.00
    6156.287     0.999780         6493      4551.11
    6156.287     0.999805         6493      5120.00
    6156.287     0.999829         6493      5851.43
    6176.767     0.999854         6494      6826.67
    6176.767     1.000000         6494          inf
#[Mean    =     2190.973, StdDeviation   =     1408.652]
#[Max     =     6172.672, Total count    =         6494]
#[Buckets =           27, SubBuckets     =         2048]
----------------------------------------------------------
  6495 requests in 10.00s, 2.24MB read
  Non-2xx or 3xx responses: 6495
Requests/sec:    649.39
Transfer/sec:    229.57KB
Running 10s test @ http://localhost:8080/wrk2-api/review/compose
  1 threads and 100 connections
  Thread Stats   Avg      Stdev     99%   +/- Stdev
    Latency     2.50s     1.57s    5.89s    60.54%
    Req/Sec       -nan      -nan   0.00      0.00%
  Latency Distribution (HdrHistogram - Recorded Latency)
 50.000%    2.40s
 75.000%    3.72s
 90.000%    4.67s
 99.000%    5.89s
 99.900%    6.59s
 99.990%    6.84s
 99.999%    6.92s
100.000%    6.92s

  Detailed Percentile spectrum:
       Value   Percentile   TotalCount 1/(1-Percentile)

       3.777     0.000000            1         1.00
     455.167     0.100000          625         1.11
     936.447     0.200000         1250         1.25
    1415.167     0.300000         1877         1.43
    1904.639     0.400000         2502         1.67
    2398.207     0.500000         3125         2.00
    2648.063     0.550000         3437         2.22
    2922.495     0.600000         3750         2.50
    3174.399     0.650000         4067         2.86
    3434.495     0.700000         4376         3.33
    3717.119     0.750000         4687         4.00
    3874.815     0.775000         4843         4.44
    4044.799     0.800000         5000         5.00
    4179.967     0.825000         5158         5.71
    4317.183     0.850000         5313         6.67
    4501.503     0.875000         5470         8.00
    4571.135     0.887500         5548         8.89
    4669.439     0.900000         5625        10.00
    4792.319     0.912500         5705        11.43
    4886.527     0.925000         5781        13.33
    5009.407     0.937500         5860        16.00
    5066.751     0.943750         5898        17.78
    5140.479     0.950000         5941        20.00
    5234.687     0.956250         5976        22.86
    5304.319     0.962500         6015        26.67
    5386.239     0.968750         6055        32.00
    5464.063     0.971875         6074        35.56
    5521.407     0.975000         6093        40.00
    5586.943     0.978125         6114        45.71
    5627.903     0.981250         6134        53.33
    5689.343     0.984375         6152        64.00
    5767.167     0.985938         6162        71.11
    5795.839     0.987500         6171        80.00
    5869.567     0.989062         6183        91.43
    5910.527     0.990625         6191       106.67
    5980.159     0.992188         6201       128.00
    6012.927     0.992969         6206       142.22
    6049.791     0.993750         6210       160.00
    6086.655     0.994531         6215       182.86
    6164.479     0.995313         6220       213.33
    6197.247     0.996094         6225       256.00
    6217.727     0.996484         6228       284.44
    6258.687     0.996875         6230       320.00
    6275.071     0.997266         6232       365.71
    6340.607     0.997656         6235       426.67
    6504.447     0.998047         6237       512.00
    6529.023     0.998242         6239       568.89
    6541.311     0.998437         6240       640.00
    6586.367     0.998633         6241       731.43
    6594.559     0.998828         6243       853.33
    6594.559     0.999023         6243      1024.00
    6623.231     0.999121         6244      1137.78
    6639.615     0.999219         6245      1280.00
    6639.615     0.999316         6245      1462.86
    6655.999     0.999414         6247      1706.67
    6655.999     0.999512         6247      2048.00
    6655.999     0.999561         6247      2275.56
    6655.999     0.999609         6247      2560.00
    6655.999     0.999658         6247      2925.71
    6844.415     0.999707         6248      3413.33
    6844.415     0.999756         6248      4096.00
    6844.415     0.999780         6248      4551.11
    6844.415     0.999805         6248      5120.00
    6844.415     0.999829         6248      5851.43
    6922.239     0.999854         6249      6826.67
    6922.239     1.000000         6249          inf
#[Mean    =     2500.207, StdDeviation   =     1565.471]
#[Max     =     6918.144, Total count    =         6249]
#[Buckets =           27, SubBuckets     =         2048]
----------------------------------------------------------
  6250 requests in 10.00s, 2.16MB read
  Non-2xx or 3xx responses: 6250
Requests/sec:    625.05
Transfer/sec:    220.97KB
Running 10s test @ http://localhost:8080/wrk2-api/review/compose
  1 threads and 100 connections
  Thread Stats   Avg      Stdev     99%   +/- Stdev
    Latency     2.66s     1.61s    5.95s    59.65%
    Req/Sec       -nan      -nan   0.00      0.00%
  Latency Distribution (HdrHistogram - Recorded Latency)
 50.000%    2.62s
 75.000%    3.97s
 90.000%    4.92s
 99.000%    5.95s
 99.900%    6.56s
 99.990%    6.75s
 99.999%    6.75s
100.000%    6.75s

  Detailed Percentile spectrum:
       Value   Percentile   TotalCount 1/(1-Percentile)

       4.207     0.000000            1         1.00
     509.183     0.100000          639         1.11
    1001.471     0.200000         1278         1.25
    1530.879     0.300000         1917         1.43
    2080.767     0.400000         2556         1.67
    2621.439     0.500000         3202         2.00
    2865.151     0.550000         3517         2.22
    3104.767     0.600000         3834         2.50
    3389.439     0.650000         4153         2.86
    3674.111     0.700000         4473         3.33
    3969.023     0.750000         4792         4.00
    4112.383     0.775000         4952         4.44
    4259.839     0.800000         5115         5.00
    4431.871     0.825000         5273         5.71
    4575.231     0.850000         5431         6.67
    4739.071     0.875000         5592         8.00
    4837.375     0.887500         5674         8.89
    4923.391     0.900000         5755        10.00
    5001.215     0.912500         5831        11.43
    5099.519     0.925000         5911        13.33
    5197.823     0.937500         5990        16.00
    5251.071     0.943750         6031        17.78
    5308.415     0.950000         6070        20.00
    5365.759     0.956250         6113        22.86
    5431.295     0.962500         6150        26.67
    5513.215     0.968750         6192        32.00
    5550.079     0.971875         6210        35.56
    5595.135     0.975000         6230        40.00
    5648.383     0.978125         6250        45.71
    5701.631     0.981250         6270        53.33
    5808.127     0.984375         6291        64.00
    5836.799     0.985938         6300        71.11
    5885.951     0.987500         6310        80.00
    5914.623     0.989062         6320        91.43
    5959.679     0.990625         6330       106.67
    6008.831     0.992188         6340       128.00
    6037.503     0.992969         6345       142.22
    6066.175     0.993750         6350       160.00
    6098.943     0.994531         6355       182.86
    6131.711     0.995313         6360       213.33
    6164.479     0.996094         6365       256.00
    6225.919     0.996484         6367       284.44
    6234.111     0.996875         6370       320.00
    6242.303     0.997266         6372       365.71
    6262.783     0.997656         6375       426.67
    6295.551     0.998047         6377       512.00
    6307.839     0.998242         6379       568.89
    6316.031     0.998437         6380       640.00
    6438.911     0.998633         6382       731.43
    6438.911     0.998828         6382       853.33
    6561.791     0.999023         6383      1024.00
    6594.559     0.999121         6384      1137.78
    6680.575     0.999219         6385      1280.00
    6680.575     0.999316         6385      1462.86
    6692.863     0.999414         6386      1706.67
    6692.863     0.999512         6386      2048.00
    6742.015     0.999561         6387      2275.56
    6742.015     0.999609         6387      2560.00
    6742.015     0.999658         6387      2925.71
    6746.111     0.999707         6389      3413.33
    6746.111     1.000000         6389          inf
#[Mean    =     2660.776, StdDeviation   =     1614.774]
#[Max     =     6742.016, Total count    =         6389]
#[Buckets =           27, SubBuckets     =         2048]
----------------------------------------------------------
  6390 requests in 10.00s, 2.21MB read
  Non-2xx or 3xx responses: 6390
Requests/sec:    638.98
Transfer/sec:    225.89KB
Running 10s test @ http://localhost:8080/wrk2-api/review/compose
  1 threads and 100 connections
  Thread Stats   Avg      Stdev     99%   +/- Stdev
    Latency     2.83s     1.70s    6.21s    59.27%
    Req/Sec       -nan      -nan   0.00      0.00%
  Latency Distribution (HdrHistogram - Recorded Latency)
 50.000%    2.82s
 75.000%    4.19s
 90.000%    5.13s
 99.000%    6.21s
 99.900%    6.78s
 99.990%    6.88s
 99.999%    6.89s
100.000%    6.89s

  Detailed Percentile spectrum:
       Value   Percentile   TotalCount 1/(1-Percentile)

       4.017     0.000000            1         1.00
     510.463     0.100000          637         1.11
    1077.247     0.200000         1275         1.25
    1669.119     0.300000         1909         1.43
    2238.463     0.400000         2546         1.67
    2818.047     0.500000         3181         2.00
    3086.335     0.550000         3500         2.22
    3358.719     0.600000         3821         2.50
    3635.199     0.650000         4137         2.86
    3909.631     0.700000         4455         3.33
    4190.207     0.750000         4772         4.00
    4362.239     0.775000         4938         4.44
    4505.599     0.800000         5090         5.00
    4653.055     0.825000         5253         5.71
    4804.607     0.850000         5408         6.67
    4972.543     0.875000         5569         8.00
    5054.463     0.887500         5649         8.89
    5128.191     0.900000         5727        10.00
    5222.399     0.912500         5806        11.43
    5337.087     0.925000         5886        13.33
    5455.871     0.937500         5966        16.00
    5521.407     0.943750         6007        17.78
    5574.655     0.950000         6045        20.00
    5652.479     0.956250         6086        22.86
    5730.303     0.962500         6125        26.67
    5828.607     0.968750         6166        32.00
    5857.279     0.971875         6184        35.56
    5898.239     0.975000         6203        40.00
    5939.199     0.978125         6223        45.71
    5988.351     0.981250         6245        53.33
    6045.695     0.984375         6263        64.00
    6090.751     0.985938         6273        71.11
    6131.711     0.987500         6283        80.00
    6189.055     0.989062         6293        91.43
    6230.015     0.990625         6306       106.67
    6295.551     0.992188         6313       128.00
    6344.703     0.992969         6318       142.22
    6389.759     0.993750         6323       160.00
    6455.295     0.994531         6328       182.86
    6479.871     0.995313         6333       213.33
    6516.735     0.996094         6338       256.00
    6537.215     0.996484         6340       284.44
    6565.887     0.996875         6343       320.00
    6602.751     0.997266         6345       365.71
    6615.039     0.997656         6348       426.67
    6647.807     0.998047         6350       512.00
    6705.151     0.998242         6351       568.89
    6746.111     0.998437         6353       640.00
    6754.303     0.998633         6355       731.43
    6754.303     0.998828         6355       853.33
    6782.975     0.999023         6356      1024.00
    6799.359     0.999121         6357      1137.78
    6815.743     0.999219         6358      1280.00
    6815.743     0.999316         6358      1462.86
    6868.991     0.999414         6359      1706.67
    6868.991     0.999512         6359      2048.00
    6873.087     0.999561         6360      2275.56
    6873.087     0.999609         6360      2560.00
    6873.087     0.999658         6360      2925.71
    6877.183     0.999707         6361      3413.33
    6877.183     0.999756         6361      4096.00
    6877.183     0.999780         6361      4551.11
    6877.183     0.999805         6361      5120.00
    6877.183     0.999829         6361      5851.43
    6885.375     0.999854         6362      6826.67
    6885.375     1.000000         6362          inf
#[Mean    =     2828.177, StdDeviation   =     1697.832]
#[Max     =     6881.280, Total count    =         6362]
#[Buckets =           27, SubBuckets     =         2048]
----------------------------------------------------------
  6363 requests in 10.00s, 2.20MB read
  Non-2xx or 3xx responses: 6363
Requests/sec:    636.36
Transfer/sec:    224.96KB
