Running 5s test @ http://127.0.0.1:8080
  1 threads and 50 connections
  Thread Stats   Avg      Stdev     99%   +/- Stdev
    Latency   724.45us  230.06us   1.28ms   65.76%
    Req/Sec       -nan      -nan   0.00      0.00%
  Latency Distribution (HdrHistogram - Recorded Latency)
 50.000%  717.00us
 75.000%    0.88ms
 90.000%    1.02ms
 99.000%    1.28ms
 99.900%    1.74ms
 99.990%    2.62ms
 99.999%    2.73ms
100.000%    2.73ms

  Detailed Percentile spectrum:
       Value   Percentile   TotalCount 1/(1-Percentile)

       0.147     0.000000            1         1.00
       0.425     0.100000         4984         1.11
       0.511     0.200000         9951         1.25
       0.591     0.300000        14920         1.43
       0.658     0.400000        19898         1.67
       0.717     0.500000        24861         2.00
       0.747     0.550000        27375         2.22
       0.778     0.600000        29875         2.50
       0.809     0.650000        32303         2.86
       0.844     0.700000        34810         3.33
       0.880     0.750000        37283         4.00
       0.900     0.775000        38530         4.44
       0.921     0.800000        39740         5.00
       0.944     0.825000        41015         5.71
       0.967     0.850000        42225         6.67
       0.993     0.875000        43491         8.00
       1.007     0.887500        44099         8.89
       1.022     0.900000        44728        10.00
       1.038     0.912500        45342        11.43
       1.058     0.925000        45963        13.33
       1.078     0.937500        46586        16.00
       1.090     0.943750        46898        17.78
       1.103     0.950000        47197        20.00
       1.118     0.956250        47514        22.86
       1.135     0.962500        47821        26.67
       1.153     0.968750        48123        32.00
       1.164     0.971875        48285        35.56
       1.178     0.975000        48434        40.00
       1.192     0.978125        48590        45.71
       1.208     0.981250        48744        53.33
       1.229     0.984375        48900        64.00
       1.241     0.985938        48978        71.11
       1.256     0.987500        49061        80.00
       1.274     0.989062        49132        91.43
       1.292     0.990625        49213       106.67
       1.319     0.992188        49290       128.00
       1.330     0.992969        49331       142.22
       1.342     0.993750        49367       160.00
       1.358     0.994531        49404       182.86
       1.377     0.995313        49446       213.33
       1.398     0.996094        49482       256.00
       1.412     0.996484        49502       284.44
       1.424     0.996875        49520       320.00
       1.442     0.997266        49540       365.71
       1.466     0.997656        49561       426.67
       1.492     0.998047        49578       512.00
       1.520     0.998242        49589       568.89
       1.551     0.998437        49598       640.00
       1.599     0.998633        49608       731.43
       1.682     0.998828        49617       853.33
       1.745     0.999023        49627      1024.00
       1.786     0.999121        49632      1137.78
       1.876     0.999219        49637      1280.00
       1.890     0.999316        49642      1462.86
       1.925     0.999414        49646      1706.67
       1.939     0.999512        49652      2048.00
       1.944     0.999561        49654      2275.56
       1.949     0.999609        49656      2560.00
       1.976     0.999658        49659      2925.71
       2.014     0.999707        49661      3413.33
       2.045     0.999756        49663      4096.00
       2.119     0.999780        49666      4551.11
       2.119     0.999805        49666      5120.00
       2.171     0.999829        49667      5851.43
       2.191     0.999854        49668      6826.67
       2.205     0.999878        49669      8192.00
       2.623     0.999890        49670      9102.22
       2.665     0.999902        49671     10240.00
       2.665     0.999915        49671     11702.86
       2.711     0.999927        49672     13653.33
       2.711     0.999939        49672     16384.00
       2.717     0.999945        49673     18204.44
       2.717     0.999951        49673     20480.00
       2.717     0.999957        49673     23405.71
       2.727     0.999963        49674     27306.67
       2.727     0.999969        49674     32768.00
       2.727     0.999973        49674     36408.89
       2.727     0.999976        49674     40960.00
       2.727     0.999979        49674     46811.43
       2.729     0.999982        49675     54613.33
       2.729     1.000000        49675          inf
#[Mean    =        0.724, StdDeviation   =        0.230]
#[Max     =        2.728, Total count    =        49675]
#[Buckets =           27, SubBuckets     =         2048]
----------------------------------------------------------
  49689 requests in 5.00s, 42.46MB read
Requests/sec:   9935.34
Transfer/sec:      8.49MB
Running 5s test @ http://127.0.0.1:8080
  1 threads and 50 connections
  Thread Stats   Avg      Stdev     99%   +/- Stdev
    Latency     1.50ms  677.84us   4.01ms   77.41%
    Req/Sec       -nan      -nan   0.00      0.00%
  Latency Distribution (HdrHistogram - Recorded Latency)
 50.000%    1.34ms
 75.000%    1.81ms
 90.000%    2.31ms
 99.000%    4.01ms
 99.900%    5.37ms
 99.990%    5.98ms
 99.999%    6.41ms
100.000%    6.86ms

  Detailed Percentile spectrum:
       Value   Percentile   TotalCount 1/(1-Percentile)

       0.238     0.000000            1         1.00
       0.829     0.100000         7994         1.11
       0.989     0.200000        15990         1.25
       1.106     0.300000        23996         1.43
       1.218     0.400000        31950         1.67
       1.339     0.500000        39945         2.00
       1.408     0.550000        43946         2.22
       1.487     0.600000        47939         2.50
       1.582     0.650000        51912         2.86
       1.691     0.700000        55885         3.33
       1.814     0.750000        59893         4.00
       1.883     0.775000        61879         4.44
       1.949     0.800000        63860         5.00
       2.027     0.825000        65857         5.71
       2.109     0.850000        67897         6.67
       2.201     0.875000        69856         8.00
       2.253     0.887500        70865         8.89
       2.311     0.900000        71856        10.00
       2.383     0.912500        72840        11.43
       2.465     0.925000        73849        13.33
       2.573     0.937500        74848        16.00
       2.637     0.943750        75338        17.78
       2.719     0.950000        75839        20.00
       2.815     0.956250        76341        22.86
       2.939     0.962500        76836        26.67
       3.091     0.968750        77331        32.00
       3.193     0.971875        77584        35.56
       3.287     0.975000        77830        40.00
       3.389     0.978125        78081        45.71
       3.487     0.981250        78328        53.33
       3.645     0.984375        78578        64.00
       3.741     0.985938        78703        71.11
       3.835     0.987500        78831        80.00
       3.943     0.989062        78951        91.43
       4.049     0.990625        79076       106.67
       4.143     0.992188        79205       128.00
       4.211     0.992969        79263       142.22
       4.311     0.993750        79328       160.00
       4.419     0.994531        79388       182.86
       4.559     0.995313        79450       213.33
       4.655     0.996094        79513       256.00
       4.715     0.996484        79545       284.44
       4.771     0.996875        79575       320.00
       4.879     0.997266        79608       365.71
       4.999     0.997656        79638       426.67
       5.115     0.998047        79670       512.00
       5.179     0.998242        79685       568.89
       5.207     0.998437        79701       640.00
       5.279     0.998633        79716       731.43
       5.315     0.998828        79731       853.33
       5.375     0.999023        79747      1024.00
       5.411     0.999121        79755      1137.78
       5.451     0.999219        79762      1280.00
       5.527     0.999316        79770      1462.86
       5.571     0.999414        79778      1706.67
       5.631     0.999512        79786      2048.00
       5.675     0.999561        79789      2275.56
       5.707     0.999609        79793      2560.00
       5.743     0.999658        79797      2925.71
       5.775     0.999707        79801      3413.33
       5.843     0.999756        79805      4096.00
       5.859     0.999780        79807      4551.11
       5.883     0.999805        79809      5120.00
       5.903     0.999829        79811      5851.43
       5.939     0.999854        79813      6826.67
       5.955     0.999878        79815      8192.00
       5.979     0.999890        79816      9102.22
       6.015     0.999902        79817     10240.00
       6.027     0.999915        79818     11702.86
       6.035     0.999927        79819     13653.33
       6.063     0.999939        79820     16384.00
       6.063     0.999945        79820     18204.44
       6.095     0.999951        79821     20480.00
       6.095     0.999957        79821     23405.71
       6.307     0.999963        79822     27306.67
       6.307     0.999969        79822     32768.00
       6.307     0.999973        79822     36408.89
       6.407     0.999976        79823     40960.00
       6.407     0.999979        79823     46811.43
       6.407     0.999982        79823     54613.33
       6.407     0.999985        79823     65536.00
       6.407     0.999986        79823     72817.78
       6.859     0.999988        79824     81920.00
       6.859     1.000000        79824          inf
#[Mean    =        1.499, StdDeviation   =        0.678]
#[Max     =        6.856, Total count    =        79824]
#[Buckets =           27, SubBuckets     =         2048]
----------------------------------------------------------
  79854 requests in 5.00s, 68.23MB read
Requests/sec:  15970.35
Transfer/sec:     13.65MB
Running 5s test @ http://127.0.0.1:8080
  1 threads and 50 connections
  Thread Stats   Avg      Stdev     99%   +/- Stdev
    Latency     4.45ms    1.90ms  11.33ms   78.16%
    Req/Sec       -nan      -nan   0.00      0.00%
  Latency Distribution (HdrHistogram - Recorded Latency)
 50.000%    3.91ms
 75.000%    5.50ms
 90.000%    6.70ms
 99.000%   11.33ms
 99.900%   17.52ms
 99.990%   21.85ms
 99.999%   22.54ms
100.000%   22.85ms

  Detailed Percentile spectrum:
       Value   Percentile   TotalCount 1/(1-Percentile)

       0.234     0.000000            1         1.00
       2.621     0.100000        14905         1.11
       3.039     0.200000        29835         1.25
       3.327     0.300000        44711         1.43
       3.595     0.400000        59647         1.67
       3.915     0.500000        74557         2.00
       4.175     0.550000        82057         2.22
       4.503     0.600000        89500         2.50
       4.831     0.650000        96915         2.86
       5.171     0.700000       104360         3.33
       5.499     0.750000       111879         4.00
       5.663     0.775000       115523         4.44
       5.827     0.800000       119279         5.00
       5.991     0.825000       122989         5.71
       6.183     0.850000       126688         6.67
       6.415     0.875000       130446         8.00
       6.551     0.887500       132294         8.89
       6.699     0.900000       134148        10.00
       6.875     0.912500       136020        11.43
       7.095     0.925000       137865        13.33
       7.355     0.937500       139729        16.00
       7.495     0.943750       140669        17.78
       7.639     0.950000       141598        20.00
       7.799     0.956250       142519        22.86
       8.007     0.962500       143449        26.67
       8.351     0.968750       144381        32.00
       8.567     0.971875       144854        35.56
       8.775     0.975000       145318        40.00
       9.127     0.978125       145792        45.71
       9.487     0.981250       146241        53.33
       9.975     0.984375       146709        64.00
      10.279     0.985938       146941        71.11
      10.695     0.987500       147178        80.00
      11.055     0.989062       147412        91.43
      11.407     0.990625       147642       106.67
      11.743     0.992188       147871       128.00
      11.967     0.992969       147990       142.22
      12.199     0.993750       148104       160.00
      12.511     0.994531       148221       182.86
      12.847     0.995313       148338       213.33
      13.447     0.996094       148453       256.00
      13.703     0.996484       148512       284.44
      14.039     0.996875       148575       320.00
      14.543     0.997266       148629       365.71
      15.023     0.997656       148686       426.67
      15.631     0.998047       148747       512.00
      16.007     0.998242       148774       568.89
      16.495     0.998437       148807       640.00
      16.735     0.998633       148835       731.43
      16.975     0.998828       148861       853.33
      17.663     0.999023       148890      1024.00
      17.823     0.999121       148905      1137.78
      18.111     0.999219       148920      1280.00
      18.255     0.999316       148934      1462.86
      18.527     0.999414       148948      1706.67
      18.735     0.999512       148963      2048.00
      18.911     0.999561       148972      2275.56
      18.959     0.999609       148980      2560.00
      19.247     0.999658       148985      2925.71
      19.551     0.999707       148992      3413.33
      19.711     0.999756       148999      4096.00
      19.967     0.999780       149003      4551.11
      20.415     0.999805       149006      5120.00
      20.431     0.999829       149011      5851.43
      20.447     0.999854       149014      6826.67
      20.511     0.999878       149017      8192.00
      21.855     0.999890       149020      9102.22
      21.951     0.999902       149021     10240.00
      22.031     0.999915       149024     11702.86
      22.047     0.999927       149025     13653.33
      22.319     0.999939       149026     16384.00
      22.367     0.999945       149027     18204.44
      22.399     0.999951       149030     20480.00
      22.399     0.999957       149030     23405.71
      22.399     0.999963       149030     27306.67
      22.479     0.999969       149031     32768.00
      22.479     0.999973       149031     36408.89
      22.495     0.999976       149032     40960.00
      22.495     0.999979       149032     46811.43
      22.511     0.999982       149033     54613.33
      22.511     0.999985       149033     65536.00
      22.511     0.999986       149033     72817.78
      22.543     0.999988       149034     81920.00
      22.543     0.999989       149034     93622.86
      22.543     0.999991       149034    109226.67
      22.543     0.999992       149034    131072.00
      22.543     0.999993       149034    145635.56
      22.847     0.999994       149035    163840.00
      22.847     1.000000       149035          inf
#[Mean    =        4.450, StdDeviation   =        1.905]
#[Max     =       22.832, Total count    =       149035]
#[Buckets =           27, SubBuckets     =         2048]
----------------------------------------------------------
  149188 requests in 5.00s, 127.48MB read
Requests/sec:  29817.37
Transfer/sec:     25.48MB
Running 5s test @ http://127.0.0.1:8080
  1 threads and 50 connections
  Thread Stats   Avg      Stdev     99%   +/- Stdev
    Latency    20.60ms   21.64ms 119.17ms   88.87%
    Req/Sec       -nan      -nan   0.00      0.00%
  Latency Distribution (HdrHistogram - Recorded Latency)
 50.000%   12.47ms
 75.000%   26.16ms
 90.000%   45.47ms
 99.000%  119.17ms
 99.900%  127.36ms
 99.990%  129.98ms
 99.999%  130.82ms
100.000%  130.88ms

  Detailed Percentile spectrum:
       Value   Percentile   TotalCount 1/(1-Percentile)

       0.247     0.000000            1         1.00
       4.755     0.100000        19687         1.11
       6.631     0.200000        39380         1.25
       8.043     0.300000        59041         1.43
       9.615     0.400000        78734         1.67
      12.471     0.500000        98395         2.00
      14.239     0.550000       108219         2.22
      16.591     0.600000       118100         2.50
      19.327     0.650000       127948         2.86
      22.367     0.700000       137760         3.33
      26.159     0.750000       147594         4.00
      27.999     0.775000       152507         4.44
      30.255     0.800000       157423         5.00
      32.623     0.825000       162328         5.71
      35.711     0.850000       167302         6.67
      39.071     0.875000       172176         8.00
      41.951     0.887500       174631         8.89
      45.471     0.900000       177086        10.00
      49.215     0.912500       179549        11.43
      53.759     0.925000       182023        13.33
      59.167     0.937500       184460        16.00
      61.887     0.943750       185694        17.78
      64.543     0.950000       186928        20.00
      67.967     0.956250       188162        22.86
      71.551     0.962500       189399        26.67
      75.839     0.968750       190614        32.00
      78.143     0.971875       191227        35.56
      81.151     0.975000       191839        40.00
      90.111     0.978125       192456        45.71
     110.079     0.981250       193068        53.33
     114.687     0.984375       193689        64.00
     116.351     0.985938       194001        71.11
     117.631     0.987500       194304        80.00
     118.527     0.989062       194619        91.43
     119.679     0.990625       194917       106.67
     120.831     0.992188       195242       128.00
     121.343     0.992969       195384       142.22
     122.175     0.993750       195546       160.00
     122.879     0.994531       195687       182.86
     123.455     0.995313       195843       213.33
     124.095     0.996094       195991       256.00
     125.055     0.996484       196073       284.44
     125.375     0.996875       196151       320.00
     125.631     0.997266       196238       365.71
     125.823     0.997656       196304       426.67
     126.079     0.998047       196382       512.00
     126.271     0.998242       196427       568.89
     126.527     0.998437       196459       640.00
     126.719     0.998633       196492       731.43
     127.039     0.998828       196537       853.33
     127.487     0.999023       196571      1024.00
     127.615     0.999121       196588      1137.78
     127.743     0.999219       196604      1280.00
     127.935     0.999316       196626      1462.86
     128.639     0.999414       196643      1706.67
     128.895     0.999512       196665      2048.00
     129.023     0.999561       196673      2275.56
     129.151     0.999609       196689      2560.00
     129.215     0.999658       196694      2925.71
     129.279     0.999707       196701      3413.33
     129.471     0.999756       196716      4096.00
     129.471     0.999780       196716      4551.11
     129.535     0.999805       196720      5120.00
     129.599     0.999829       196725      5851.43
     129.727     0.999854       196731      6826.67
     129.855     0.999878       196733      8192.00
     129.983     0.999890       196738      9102.22
     129.983     0.999902       196738     10240.00
     130.047     0.999915       196742     11702.86
     130.111     0.999927       196744     13653.33
     130.239     0.999939       196746     16384.00
     130.303     0.999945       196748     18204.44
     130.303     0.999951       196748     20480.00
     130.367     0.999957       196750     23405.71
     130.367     0.999963       196750     27306.67
     130.495     0.999969       196751     32768.00
     130.559     0.999973       196752     36408.89
     130.623     0.999976       196753     40960.00
     130.623     0.999979       196753     46811.43
     130.815     0.999982       196756     54613.33
     130.815     0.999985       196756     65536.00
     130.815     0.999986       196756     72817.78
     130.815     0.999988       196756     81920.00
     130.815     0.999989       196756     93622.86
     130.815     0.999991       196756    109226.67
     130.815     0.999992       196756    131072.00
     130.815     0.999993       196756    145635.56
     130.815     0.999994       196756    163840.00
     130.815     0.999995       196756    187245.71
     130.879     0.999995       196757    218453.33
     130.879     1.000000       196757          inf
#[Mean    =       20.597, StdDeviation   =       21.638]
#[Max     =      130.816, Total count    =       196757]
#[Buckets =           27, SubBuckets     =         2048]
----------------------------------------------------------
  196945 requests in 5.00s, 168.30MB read
Requests/sec:  39364.03
Transfer/sec:     33.64MB
Running 5s test @ http://127.0.0.1:8080
  1 threads and 50 connections
  Thread Stats   Avg      Stdev     99%   +/- Stdev
    Latency   383.27ms  526.74ms   2.01s    84.82%
    Req/Sec       -nan      -nan   0.00      0.00%
  Latency Distribution (HdrHistogram - Recorded Latency)
 50.000%  208.77ms
 75.000%  348.42ms
 90.000%    1.21s 
 99.000%    2.01s 
 99.900%    2.09s 
 99.990%    2.11s 
 99.999%    2.11s 
100.000%    2.11s 

  Detailed Percentile spectrum:
       Value   Percentile   TotalCount 1/(1-Percentile)

       0.305     0.000000            1         1.00
      14.399     0.100000        20130         1.11
      33.663     0.200000        40283         1.25
      62.751     0.300000        60377         1.43
     112.895     0.400000        80505         1.67
     208.767     0.500000       100688         2.00
     235.647     0.550000       110733         2.22
     256.895     0.600000       120778         2.50
     276.223     0.650000       130843         2.86
     303.615     0.700000       140905         3.33
     348.415     0.750000       151031         4.00
     369.151     0.775000       156027         4.44
     528.383     0.800000       161002         5.00
     688.127     0.825000       166037         5.71
     936.959     0.850000       171064         6.67
    1162.239     0.875000       176113         8.00
    1183.743     0.887500       178653         8.89
    1206.271     0.900000       181136        10.00
    1362.943     0.912500       183682        11.43
    1514.495     0.925000       186157        13.33
    1685.503     0.937500       188686        16.00
    1769.471     0.943750       189973        17.78
    1843.199     0.950000       191249        20.00
    1868.799     0.956250       192509        22.86
    1878.015     0.962500       193708        26.67
    1893.375     0.968750       194968        32.00
    1898.495     0.971875       195604        35.56
    1925.119     0.975000       196273        40.00
    1931.263     0.978125       196868        45.71
    1936.383     0.981250       197531        53.33
    1947.647     0.984375       198130        64.00
    1957.887     0.985938       198436        71.11
    1974.271     0.987500       198747        80.00
    2000.895     0.989062       199045        91.43
    2011.135     0.990625       199368       106.67
    2025.471     0.992188       199704       128.00
    2029.567     0.992969       199872       142.22
    2034.687     0.993750       200018       160.00
    2038.783     0.994531       200154       182.86
    2053.119     0.995313       200331       213.33
    2061.311     0.996094       200487       256.00
    2066.431     0.996484       200565       284.44
    2071.551     0.996875       200621       320.00
    2073.599     0.997266       200741       365.71
    2076.671     0.997656       200781       426.67
    2078.719     0.998047       200892       512.00
    2078.719     0.998242       200892       568.89
    2084.863     0.998437       200951       640.00
    2086.911     0.998633       200973       731.43
    2091.007     0.998828       201025       853.33
    2095.103     0.999023       201091      1024.00
    2095.103     0.999121       201091      1137.78
    2095.103     0.999219       201091      1280.00
    2096.127     0.999316       201125      1462.86
    2105.343     0.999414       201194      1706.67
    2105.343     0.999512       201194      2048.00
    2105.343     0.999561       201194      2275.56
    2105.343     0.999609       201194      2560.00
    2105.343     0.999658       201194      2925.71
    2105.343     0.999707       201194      3413.33
    2107.391     0.999756       201200      4096.00
    2109.439     0.999780       201229      4551.11
    2109.439     0.999805       201229      5120.00
    2109.439     0.999829       201229      5851.43
    2109.439     0.999854       201229      6826.67
    2109.439     0.999878       201229      8192.00
    2109.439     0.999890       201229      9102.22
    2109.439     0.999902       201229     10240.00
    2109.439     0.999915       201229     11702.86
    2111.487     0.999927       201245     13653.33
    2111.487     1.000000       201245          inf
#[Mean    =      383.268, StdDeviation   =      526.739]
#[Max     =     2109.440, Total count    =       201245]
#[Buckets =           27, SubBuckets     =         2048]
----------------------------------------------------------
  201258 requests in 5.00s, 172.00MB read
Requests/sec:  40247.22
Transfer/sec:     34.40MB
