Running 5s test @ http://127.0.0.1:8080
  1 threads and 50 connections
  Thread Stats   Avg      Stdev     99%   +/- Stdev
    Latency   199.65us   66.08us 360.00us   91.39%
    Req/Sec       -nan      -nan   0.00      0.00%
  Latency Distribution (HdrHistogram - Recorded Latency)
 50.000%  185.00us
 75.000%  213.00us
 90.000%  260.00us
 99.000%  360.00us
 99.900%    1.22ms
 99.990%    1.47ms
 99.999%    1.47ms
100.000%    1.47ms

  Detailed Percentile spectrum:
       Value   Percentile   TotalCount 1/(1-Percentile)

       0.129     0.000000            1         1.00
       0.160     0.100000          281         1.11
       0.165     0.200000          516         1.25
       0.170     0.300000          740         1.43
       0.178     0.400000          995         1.67
       0.185     0.500000         1261         2.00
       0.187     0.550000         1350         2.22
       0.191     0.600000         1488         2.50
       0.196     0.650000         1604         2.86
       0.203     0.700000         1721         3.33
       0.213     0.750000         1843         4.00
       0.219     0.775000         1907         4.44
       0.226     0.800000         1973         5.00
       0.233     0.825000         2023         5.71
       0.245     0.850000         2086         6.67
       0.252     0.875000         2144         8.00
       0.257     0.887500         2180         8.89
       0.260     0.900000         2211        10.00
       0.265     0.912500         2238        11.43
       0.270     0.925000         2270        13.33
       0.277     0.937500         2298        16.00
       0.281     0.943750         2313        17.78
       0.286     0.950000         2331        20.00
       0.289     0.956250         2343        22.86
       0.296     0.962500         2361        26.67
       0.299     0.968750         2376        32.00
       0.301     0.971875         2383        35.56
       0.306     0.975000         2389        40.00
       0.309     0.978125         2398        45.71
       0.313     0.981250         2405        53.33
       0.322     0.984375         2414        64.00
       0.327     0.985938         2416        71.11
       0.333     0.987500         2421        80.00
       0.343     0.989062         2425        91.43
       0.368     0.990625         2428       106.67
       0.376     0.992188         2431       128.00
       0.380     0.992969         2433       142.22
       0.386     0.993750         2435       160.00
       0.415     0.994531         2437       182.86
       0.426     0.995313         2439       213.33
       0.430     0.996094         2441       256.00
       0.469     0.996484         2442       284.44
       0.476     0.996875         2443       320.00
       0.658     0.997266         2444       365.71
       0.752     0.997656         2445       426.67
       1.040     0.998047         2446       512.00
       1.040     0.998242         2446       568.89
       1.111     0.998437         2447       640.00
       1.111     0.998633         2447       731.43
       1.220     0.998828         2448       853.33
       1.220     0.999023         2448      1024.00
       1.220     0.999121         2448      1137.78
       1.453     0.999219         2449      1280.00
       1.453     0.999316         2449      1462.86
       1.453     0.999414         2449      1706.67
       1.453     0.999512         2449      2048.00
       1.453     0.999561         2449      2275.56
       1.465     0.999609         2450      2560.00
       1.465     1.000000         2450          inf
#[Mean    =        0.200, StdDeviation   =        0.066]
#[Max     =        1.465, Total count    =         2450]
#[Buckets =           27, SubBuckets     =         2048]
----------------------------------------------------------
  2451 requests in 5.01s, 2.09MB read
Requests/sec:    489.58
Transfer/sec:    428.38KB
Running 5s test @ http://127.0.0.1:8080
  1 threads and 50 connections
  Thread Stats   Avg      Stdev     99%   +/- Stdev
    Latency   695.88us  224.26us   1.25ms   67.52%
    Req/Sec       -nan      -nan   0.00      0.00%
  Latency Distribution (HdrHistogram - Recorded Latency)
 50.000%  673.00us
 75.000%  843.00us
 90.000%    1.00ms
 99.000%    1.25ms
 99.900%    1.49ms
 99.990%    3.07ms
 99.999%    3.12ms
100.000%    3.12ms

  Detailed Percentile spectrum:
       Value   Percentile   TotalCount 1/(1-Percentile)

       0.143     0.000000            1         1.00
       0.426     0.100000         4991         1.11
       0.495     0.200000         9977         1.25
       0.556     0.300000        14939         1.43
       0.615     0.400000        19911         1.67
       0.673     0.500000        24877         2.00
       0.704     0.550000        27354         2.22
       0.738     0.600000        29868         2.50
       0.772     0.650000        32348         2.86
       0.806     0.700000        34814         3.33
       0.843     0.750000        37293         4.00
       0.864     0.775000        38537         4.44
       0.886     0.800000        39744         5.00
       0.910     0.825000        41022         5.71
       0.936     0.850000        42237         6.67
       0.965     0.875000        43475         8.00
       0.982     0.887500        44110         8.89
       0.999     0.900000        44735        10.00
       1.018     0.912500        45361        11.43
       1.039     0.925000        45965        13.33
       1.063     0.937500        46593        16.00
       1.076     0.943750        46894        17.78
       1.090     0.950000        47211        20.00
       1.106     0.956250        47517        22.86
       1.123     0.962500        47838        26.67
       1.143     0.968750        48135        32.00
       1.156     0.971875        48290        35.56
       1.169     0.975000        48444        40.00
       1.182     0.978125        48598        45.71
       1.199     0.981250        48756        53.33
       1.214     0.984375        48909        64.00
       1.223     0.985938        48983        71.11
       1.233     0.987500        49061        80.00
       1.245     0.989062        49140        91.43
       1.257     0.990625        49217       106.67
       1.271     0.992188        49297       128.00
       1.279     0.992969        49332       142.22
       1.291     0.993750        49373       160.00
       1.303     0.994531        49414       182.86
       1.313     0.995313        49450       213.33
       1.327     0.996094        49487       256.00
       1.334     0.996484        49506       284.44
       1.349     0.996875        49525       320.00
       1.364     0.997266        49545       365.71
       1.380     0.997656        49566       426.67
       1.396     0.998047        49582       512.00
       1.411     0.998242        49594       568.89
       1.426     0.998437        49602       640.00
       1.442     0.998633        49612       731.43
       1.466     0.998828        49621       853.33
       1.495     0.999023        49631      1024.00
       1.519     0.999121        49636      1137.78
       1.539     0.999219        49641      1280.00
       1.584     0.999316        49646      1462.86
       1.786     0.999414        49650      1706.67
       1.971     0.999512        49655      2048.00
       2.093     0.999561        49658      2275.56
       2.209     0.999609        49660      2560.00
       2.217     0.999658        49663      2925.71
       2.245     0.999707        49665      3413.33
       2.263     0.999756        49667      4096.00
       2.267     0.999780        49669      4551.11
       2.279     0.999805        49670      5120.00
       2.283     0.999829        49671      5851.43
       2.289     0.999854        49672      6826.67
       2.295     0.999878        49673      8192.00
       3.071     0.999890        49674      9102.22
       3.077     0.999902        49675     10240.00
       3.077     0.999915        49675     11702.86
       3.095     0.999927        49676     13653.33
       3.095     0.999939        49676     16384.00
       3.111     0.999945        49677     18204.44
       3.111     0.999951        49677     20480.00
       3.111     0.999957        49677     23405.71
       3.115     0.999963        49678     27306.67
       3.115     0.999969        49678     32768.00
       3.115     0.999973        49678     36408.89
       3.115     0.999976        49678     40960.00
       3.115     0.999979        49678     46811.43
       3.121     0.999982        49679     54613.33
       3.121     1.000000        49679          inf
#[Mean    =        0.696, StdDeviation   =        0.224]
#[Max     =        3.120, Total count    =        49679]
#[Buckets =           27, SubBuckets     =         2048]
----------------------------------------------------------
  49687 requests in 5.00s, 42.46MB read
Requests/sec:   9936.62
Transfer/sec:      8.49MB
Running 5s test @ http://127.0.0.1:8080
  1 threads and 50 connections
  Thread Stats   Avg      Stdev     99%   +/- Stdev
    Latency     1.00ms  364.03us   1.99ms   69.11%
    Req/Sec       -nan      -nan   0.00      0.00%
  Latency Distribution (HdrHistogram - Recorded Latency)
 50.000%    0.94ms
 75.000%    1.25ms
 90.000%    1.46ms
 99.000%    1.99ms
 99.900%    2.96ms
 99.990%    4.33ms
 99.999%    5.03ms
100.000%    5.07ms

  Detailed Percentile spectrum:
       Value   Percentile   TotalCount 1/(1-Percentile)

       0.150     0.000000            1         1.00
       0.581     0.100000         7515         1.11
       0.676     0.200000        14915         1.25
       0.755     0.300000        22384         1.43
       0.840     0.400000        29867         1.67
       0.944     0.500000        37287         2.00
       1.007     0.550000        41016         2.22
       1.072     0.600000        44735         2.50
       1.133     0.650000        48476         2.86
       1.190     0.700000        52186         3.33
       1.248     0.750000        55955         4.00
       1.275     0.775000        57779         4.44
       1.308     0.800000        59667         5.00
       1.341     0.825000        61523         5.71
       1.376     0.850000        63352         6.67
       1.415     0.875000        65208         8.00
       1.437     0.887500        66149         8.89
       1.460     0.900000        67088        10.00
       1.488     0.912500        68014        11.43
       1.517     0.925000        68945        13.33
       1.553     0.937500        69867        16.00
       1.575     0.943750        70330        17.78
       1.599     0.950000        70802        20.00
       1.626     0.956250        71262        22.86
       1.662     0.962500        71730        26.67
       1.707     0.968750        72202        32.00
       1.732     0.971875        72426        35.56
       1.764     0.975000        72659        40.00
       1.797     0.978125        72894        45.71
       1.837     0.981250        73135        53.33
       1.886     0.984375        73358        64.00
       1.912     0.985938        73476        71.11
       1.939     0.987500        73591        80.00
       1.971     0.989062        73707        91.43
       2.009     0.990625        73823       106.67
       2.053     0.992188        73939       128.00
       2.079     0.992969        73999       142.22
       2.109     0.993750        74056       160.00
       2.153     0.994531        74118       182.86
       2.181     0.995313        74173       213.33
       2.233     0.996094        74231       256.00
       2.259     0.996484        74262       284.44
       2.287     0.996875        74289       320.00
       2.317     0.997266        74319       365.71
       2.359     0.997656        74347       426.67
       2.397     0.998047        74376       512.00
       2.465     0.998242        74391       568.89
       2.539     0.998437        74405       640.00
       2.613     0.998633        74420       731.43
       2.855     0.998828        74434       853.33
       2.981     0.999023        74449      1024.00
       3.085     0.999121        74456      1137.78
       3.123     0.999219        74463      1280.00
       3.155     0.999316        74471      1462.86
       3.179     0.999414        74478      1706.67
       3.225     0.999512        74486      2048.00
       3.243     0.999561        74489      2275.56
       3.251     0.999609        74492      2560.00
       3.315     0.999658        74496      2925.71
       3.431     0.999707        74500      3413.33
       3.707     0.999756        74503      4096.00
       3.717     0.999780        74505      4551.11
       4.191     0.999805        74507      5120.00
       4.235     0.999829        74509      5851.43
       4.279     0.999854        74511      6826.67
       4.283     0.999878        74512      8192.00
       4.315     0.999890        74513      9102.22
       4.331     0.999902        74515     10240.00
       4.331     0.999915        74515     11702.86
       4.363     0.999927        74516     13653.33
       5.019     0.999939        74518     16384.00
       5.019     0.999945        74518     18204.44
       5.019     0.999951        74518     20480.00
       5.019     0.999957        74518     23405.71
       5.031     0.999963        74520     27306.67
       5.031     0.999969        74520     32768.00
       5.031     0.999973        74520     36408.89
       5.031     0.999976        74520     40960.00
       5.031     0.999979        74520     46811.43
       5.031     0.999982        74520     54613.33
       5.031     0.999985        74520     65536.00
       5.031     0.999986        74520     72817.78
       5.067     0.999988        74521     81920.00
       5.067     1.000000        74521          inf
#[Mean    =        0.998, StdDeviation   =        0.364]
#[Max     =        5.064, Total count    =        74521]
#[Buckets =           27, SubBuckets     =         2048]
----------------------------------------------------------
  74524 requests in 5.00s, 63.68MB read
Requests/sec:  14903.11
Transfer/sec:     12.73MB
Running 5s test @ http://127.0.0.1:8080
  1 threads and 50 connections
  Thread Stats   Avg      Stdev     99%   +/- Stdev
    Latency     1.35ms  634.55us   3.88ms   81.84%
    Req/Sec       -nan      -nan   0.00      0.00%
  Latency Distribution (HdrHistogram - Recorded Latency)
 50.000%    1.21ms
 75.000%    1.59ms
 90.000%    2.06ms
 99.000%    3.88ms
 99.900%    5.94ms
 99.990%    7.20ms
 99.999%    7.24ms
100.000%    7.24ms

  Detailed Percentile spectrum:
       Value   Percentile   TotalCount 1/(1-Percentile)

       0.211     0.000000            1         1.00
       0.763     0.100000        10000         1.11
       0.877     0.200000        19895         1.25
       0.974     0.300000        29820         1.43
       1.080     0.400000        39820         1.67
       1.205     0.500000        49732         2.00
       1.278     0.550000        54678         2.22
       1.354     0.600000        59651         2.50
       1.430     0.650000        64602         2.86
       1.506     0.700000        69595         3.33
       1.589     0.750000        74565         4.00
       1.639     0.775000        77041         4.44
       1.696     0.800000        79522         5.00
       1.764     0.825000        82020         5.71
       1.845     0.850000        84493         6.67
       1.940     0.875000        86965         8.00
       1.998     0.887500        88217         8.89
       2.061     0.900000        89470        10.00
       2.131     0.912500        90711        11.43
       2.209     0.925000        91939        13.33
       2.295     0.937500        93184        16.00
       2.349     0.943750        93799        17.78
       2.407     0.950000        94435        20.00
       2.483     0.956250        95044        22.86
       2.607     0.962500        95666        26.67
       2.763     0.968750        96288        32.00
       2.861     0.971875        96593        35.56
       2.977     0.975000        96901        40.00
       3.129     0.978125        97210        45.71
       3.309     0.981250        97525        53.33
       3.495     0.984375        97834        64.00
       3.601     0.985938        97988        71.11
       3.707     0.987500        98143        80.00
       3.823     0.989062        98298        91.43
       3.929     0.990625        98453       106.67
       4.043     0.992188        98610       128.00
       4.095     0.992969        98693       142.22
       4.171     0.993750        98763       160.00
       4.255     0.994531        98841       182.86
       4.339     0.995313        98919       213.33
       4.511     0.996094        98997       256.00
       4.583     0.996484        99035       284.44
       4.739     0.996875        99075       320.00
       4.983     0.997266        99113       365.71
       5.159     0.997656        99154       426.67
       5.283     0.998047        99191       512.00
       5.375     0.998242        99211       568.89
       5.431     0.998437        99229       640.00
       5.511     0.998633        99249       731.43
       5.667     0.998828        99268       853.33
       5.967     0.999023        99287      1024.00
       6.059     0.999121        99297      1137.78
       6.179     0.999219        99308      1280.00
       6.303     0.999316        99317      1462.86
       6.451     0.999414        99326      1706.67
       6.531     0.999512        99336      2048.00
       6.539     0.999561        99341      2275.56
       6.559     0.999609        99346      2560.00
       6.595     0.999658        99351      2925.71
       6.615     0.999707        99355      3413.33
       6.715     0.999756        99360      4096.00
       6.735     0.999780        99363      4551.11
       6.763     0.999805        99365      5120.00
       6.779     0.999829        99369      5851.43
       6.843     0.999854        99370      6826.67
       7.147     0.999878        99372      8192.00
       7.199     0.999890        99375      9102.22
       7.199     0.999902        99375     10240.00
       7.203     0.999915        99376     11702.86
       7.207     0.999927        99377     13653.33
       7.215     0.999939        99378     16384.00
       7.223     0.999945        99379     18204.44
       7.235     0.999951        99380     20480.00
       7.235     0.999957        99380     23405.71
       7.239     0.999963        99381     27306.67
       7.239     0.999969        99381     32768.00
       7.243     0.999973        99384     36408.89
       7.243     1.000000        99384          inf
#[Mean    =        1.347, StdDeviation   =        0.635]
#[Max     =        7.240, Total count    =        99384]
#[Buckets =           27, SubBuckets     =         2048]
----------------------------------------------------------
  99385 requests in 5.00s, 84.92MB read
Requests/sec:  19876.34
Transfer/sec:     16.98MB
Running 5s test @ http://127.0.0.1:8080
  1 threads and 50 connections
  Thread Stats   Avg      Stdev     99%   +/- Stdev
    Latency     2.68ms    1.13ms   6.34ms   75.45%
    Req/Sec       -nan      -nan   0.00      0.00%
  Latency Distribution (HdrHistogram - Recorded Latency)
 50.000%    2.37ms
 75.000%    3.32ms
 90.000%    4.20ms
 99.000%    6.34ms
 99.900%    8.40ms
 99.990%   11.87ms
 99.999%   12.22ms
100.000%   12.25ms

  Detailed Percentile spectrum:
       Value   Percentile   TotalCount 1/(1-Percentile)

       0.217     0.000000            1         1.00
       1.591     0.100000        12460         1.11
       1.776     0.200000        24842         1.25
       1.954     0.300000        37278         1.43
       2.157     0.400000        49710         1.67
       2.369     0.500000        62128         2.00
       2.499     0.550000        68350         2.22
       2.655     0.600000        74545         2.50
       2.849     0.650000        80750         2.86
       3.069     0.700000        86964         3.33
       3.315     0.750000        93155         4.00
       3.443     0.775000        96296         4.44
       3.577     0.800000        99379         5.00
       3.715     0.825000       102462         5.71
       3.859     0.850000       105609         6.67
       3.999     0.875000       108673         8.00
       4.093     0.887500       110231         8.89
       4.199     0.900000       111782        10.00
       4.331     0.912500       113354        11.43
       4.471     0.925000       114908        13.33
       4.619     0.937500       116442        16.00
       4.715     0.943750       117212        17.78
       4.807     0.950000       118012        20.00
       4.907     0.956250       118772        22.86
       5.047     0.962500       119543        26.67
       5.203     0.968750       120331        32.00
       5.279     0.971875       120707        35.56
       5.371     0.975000       121096        40.00
       5.483     0.978125       121488        45.71
       5.655     0.981250       121868        53.33
       5.887     0.984375       122262        64.00
       6.019     0.985938       122450        71.11
       6.135     0.987500       122646        80.00
       6.255     0.989062       122838        91.43
       6.415     0.990625       123034       106.67
       6.607     0.992188       123226       128.00
       6.723     0.992969       123325       142.22
       6.839     0.993750       123422       160.00
       6.995     0.994531       123520       182.86
       7.091     0.995313       123620       213.33
       7.215     0.996094       123714       256.00
       7.299     0.996484       123761       284.44
       7.391     0.996875       123808       320.00
       7.495     0.997266       123858       365.71
       7.615     0.997656       123906       426.67
       7.887     0.998047       123954       512.00
       7.927     0.998242       123981       568.89
       8.011     0.998437       124004       640.00
       8.075     0.998633       124028       731.43
       8.223     0.998828       124051       853.33
       8.439     0.999023       124076      1024.00
       8.647     0.999121       124089      1137.78
       8.719     0.999219       124101      1280.00
       8.919     0.999316       124112      1462.86
       8.999     0.999414       124124      1706.67
       9.255     0.999512       124136      2048.00
       9.279     0.999561       124143      2275.56
       9.295     0.999609       124148      2560.00
       9.399     0.999658       124155      2925.71
       9.415     0.999707       124161      3413.33
       9.511     0.999756       124167      4096.00
       9.759     0.999780       124170      4551.11
       9.767     0.999805       124173      5120.00
       9.775     0.999829       124175      5851.43
      11.535     0.999854       124178      6826.67
      11.695     0.999878       124181      8192.00
      11.863     0.999890       124183      9102.22
      11.871     0.999902       124185     10240.00
      11.887     0.999915       124186     11702.86
      11.919     0.999927       124187     13653.33
      11.959     0.999939       124189     16384.00
      12.023     0.999945       124190     18204.44
      12.023     0.999951       124190     20480.00
      12.207     0.999957       124194     23405.71
      12.207     0.999963       124194     27306.67
      12.207     0.999969       124194     32768.00
      12.207     0.999973       124194     36408.89
      12.207     0.999976       124194     40960.00
      12.207     0.999979       124194     46811.43
      12.207     0.999982       124194     54613.33
      12.215     0.999985       124195     65536.00
      12.215     0.999986       124195     72817.78
      12.215     0.999988       124195     81920.00
      12.215     0.999989       124195     93622.86
      12.215     0.999991       124195    109226.67
      12.247     0.999992       124196    131072.00
      12.247     1.000000       124196          inf
#[Mean    =        2.683, StdDeviation   =        1.131]
#[Max     =       12.240, Total count    =       124196]
#[Buckets =           27, SubBuckets     =         2048]
----------------------------------------------------------
  124210 requests in 5.00s, 106.14MB read
Requests/sec:  24842.07
Transfer/sec:     21.23MB
Running 5s test @ http://127.0.0.1:8080
  1 threads and 50 connections
  Thread Stats   Avg      Stdev     99%   +/- Stdev
    Latency     3.80ms    1.35ms   7.66ms   70.53%
    Req/Sec       -nan      -nan   0.00      0.00%
  Latency Distribution (HdrHistogram - Recorded Latency)
 50.000%    3.44ms
 75.000%    4.75ms
 90.000%    5.61ms
 99.000%    7.66ms
 99.900%   10.28ms
 99.990%   11.49ms
 99.999%   11.69ms
100.000%   12.46ms

  Detailed Percentile spectrum:
       Value   Percentile   TotalCount 1/(1-Percentile)

       0.246     0.000000            1         1.00
       2.351     0.100000        14932         1.11
       2.713     0.200000        29837         1.25
       2.957     0.300000        44740         1.43
       3.185     0.400000        59612         1.67
       3.445     0.500000        74537         2.00
       3.611     0.550000        81999         2.22
       3.837     0.600000        89426         2.50
       4.159     0.650000        96915         2.86
       4.475     0.700000       104392         3.33
       4.751     0.750000       111813         4.00
       4.875     0.775000       115496         4.44
       5.011     0.800000       119326         5.00
       5.135     0.825000       122995         5.71
       5.271     0.850000       126711         6.67
       5.431     0.875000       130449         8.00
       5.515     0.887500       132325         8.89
       5.611     0.900000       134162        10.00
       5.723     0.912500       136023        11.43
       5.835     0.925000       137912        13.33
       5.979     0.937500       139738        16.00
       6.075     0.943750       140675        17.78
       6.183     0.950000       141579        20.00
       6.303     0.956250       142524        22.86
       6.439     0.962500       143440        26.67
       6.599     0.968750       144370        32.00
       6.671     0.971875       144858        35.56
       6.763     0.975000       145311        40.00
       6.875     0.978125       145770        45.71
       6.995     0.981250       146245        53.33
       7.147     0.984375       146700        64.00
       7.255     0.985938       146932        71.11
       7.391     0.987500       147165        80.00
       7.531     0.989062       147398        91.43
       7.739     0.990625       147643       106.67
       7.919     0.992188       147863       128.00
       7.995     0.992969       147982       142.22
       8.107     0.993750       148097       160.00
       8.167     0.994531       148213       182.86
       8.279     0.995313       148331       213.33
       8.399     0.996094       148446       256.00
       8.551     0.996484       148507       284.44
       8.751     0.996875       148563       320.00
       8.919     0.997266       148624       365.71
       9.103     0.997656       148681       426.67
       9.367     0.998047       148737       512.00
       9.527     0.998242       148767       568.89
       9.687     0.998437       148797       640.00
       9.855     0.998633       148824       731.43
      10.135     0.998828       148853       853.33
      10.295     0.999023       148888      1024.00
      10.319     0.999121       148898      1137.78
      10.375     0.999219       148911      1280.00
      10.423     0.999316       148927      1462.86
      10.583     0.999414       148941      1706.67
      10.743     0.999512       148956      2048.00
      10.767     0.999561       148964      2275.56
      10.815     0.999609       148970      2560.00
      10.927     0.999658       148977      2925.71
      11.111     0.999707       148984      3413.33
      11.127     0.999756       148993      4096.00
      11.159     0.999780       148995      4551.11
      11.215     0.999805       148998      5120.00
      11.487     0.999829       149011      5851.43
      11.487     0.999854       149011      6826.67
      11.487     0.999878       149011      8192.00
      11.487     0.999890       149011      9102.22
      11.495     0.999902       149015     10240.00
      11.495     0.999915       149015     11702.86
      11.511     0.999927       149017     13653.33
      11.543     0.999939       149020     16384.00
      11.543     0.999945       149020     18204.44
      11.543     0.999951       149020     20480.00
      11.559     0.999957       149022     23405.71
      11.559     0.999963       149022     27306.67
      11.567     0.999969       149024     32768.00
      11.567     0.999973       149024     36408.89
      11.567     0.999976       149024     40960.00
      11.567     0.999979       149024     46811.43
      11.575     0.999982       149025     54613.33
      11.575     0.999985       149025     65536.00
      11.575     0.999986       149025     72817.78
      11.695     0.999988       149026     81920.00
      11.695     0.999989       149026     93622.86
      11.695     0.999991       149026    109226.67
      11.695     0.999992       149026    131072.00
      11.695     0.999993       149026    145635.56
      12.463     0.999994       149027    163840.00
      12.463     1.000000       149027          inf
#[Mean    =        3.799, StdDeviation   =        1.346]
#[Max     =       12.456, Total count    =       149027]
#[Buckets =           27, SubBuckets     =         2048]
----------------------------------------------------------
  149066 requests in 5.00s, 127.38MB read
Requests/sec:  29812.52
Transfer/sec:     25.47MB
Running 5s test @ http://127.0.0.1:8080
  1 threads and 50 connections
  Thread Stats   Avg      Stdev     99%   +/- Stdev
    Latency     5.51ms    2.43ms  13.66ms   76.05%
    Req/Sec       -nan      -nan   0.00      0.00%
  Latency Distribution (HdrHistogram - Recorded Latency)
 50.000%    5.24ms
 75.000%    6.71ms
 90.000%    8.40ms
 99.000%   13.66ms
 99.900%   19.92ms
 99.990%   25.26ms
 99.999%   26.43ms
100.000%   26.88ms

  Detailed Percentile spectrum:
       Value   Percentile   TotalCount 1/(1-Percentile)

       0.232     0.000000            1         1.00
       2.981     0.100000        17402         1.11
       3.497     0.200000        34817         1.25
       3.911     0.300000        52180         1.43
       4.467     0.400000        69542         1.67
       5.235     0.500000        86936         2.00
       5.563     0.550000        95611         2.22
       5.835     0.600000       104298         2.50
       6.127     0.650000       112997         2.86
       6.419     0.700000       121710         3.33
       6.711     0.750000       130350         4.00
       6.871     0.775000       134707         4.44
       7.055     0.800000       139044         5.00
       7.295     0.825000       143421         5.71
       7.563     0.850000       147707         6.67
       7.899     0.875000       152040         8.00
       8.151     0.887500       154227         8.89
       8.399     0.900000       156398        10.00
       8.695     0.912500       158590        11.43
       9.055     0.925000       160745        13.33
       9.495     0.937500       162922        16.00
       9.727     0.943750       163999        17.78
       9.983     0.950000       165070        20.00
      10.327     0.956250       166195        22.86
      10.711     0.962500       167258        26.67
      11.175     0.968750       168333        32.00
      11.431     0.971875       168879        35.56
      11.639     0.975000       169415        40.00
      11.871     0.978125       169974        45.71
      12.095     0.981250       170503        53.33
      12.495     0.984375       171051        64.00
      12.695     0.985938       171315        71.11
      13.095     0.987500       171586        80.00
      13.447     0.989062       171860        91.43
      13.815     0.990625       172129       106.67
      14.255     0.992188       172404       128.00
      14.439     0.992969       172540       142.22
      14.631     0.993750       172675       160.00
      14.895     0.994531       172810       182.86
      15.303     0.995313       172944       213.33
      15.631     0.996094       173080       256.00
      15.951     0.996484       173147       284.44
      16.263     0.996875       173216       320.00
      16.559     0.997266       173282       365.71
      16.799     0.997656       173351       426.67
      17.215     0.998047       173420       512.00
      17.391     0.998242       173452       568.89
      17.583     0.998437       173489       640.00
      18.543     0.998633       173520       731.43
      19.279     0.998828       173554       853.33
      19.983     0.999023       173588      1024.00
      20.207     0.999121       173606      1137.78
      20.495     0.999219       173622      1280.00
      20.943     0.999316       173640      1462.86
      21.343     0.999414       173656      1706.67
      22.063     0.999512       173675      2048.00
      22.351     0.999561       173681      2275.56
      22.591     0.999609       173690      2560.00
      22.639     0.999658       173699      2925.71
      22.767     0.999707       173708      3413.33
      23.007     0.999756       173717      4096.00
      23.055     0.999780       173719      4551.11
      23.999     0.999805       173724      5120.00
      24.127     0.999829       173728      5851.43
      24.303     0.999854       173732      6826.67
      24.447     0.999878       173736      8192.00
      25.199     0.999890       173738      9102.22
      25.279     0.999902       173741     10240.00
      25.391     0.999915       173743     11702.86
      25.471     0.999927       173745     13653.33
      25.615     0.999939       173748     16384.00
      25.615     0.999945       173748     18204.44
      25.631     0.999951       173749     20480.00
      25.695     0.999957       173750     23405.71
      25.743     0.999963       173754     27306.67
      25.743     0.999969       173754     32768.00
      25.743     0.999973       173754     36408.89
      25.743     0.999976       173754     40960.00
      25.743     0.999979       173754     46811.43
      25.743     0.999982       173754     54613.33
      26.431     0.999985       173755     65536.00
      26.431     0.999986       173755     72817.78
      26.431     0.999988       173755     81920.00
      26.879     0.999989       173757     93622.86
      26.879     1.000000       173757          inf
#[Mean    =        5.514, StdDeviation   =        2.426]
#[Max     =       26.864, Total count    =       173757]
#[Buckets =           27, SubBuckets     =         2048]
----------------------------------------------------------
  173965 requests in 5.00s, 148.65MB read
Requests/sec:  34781.36
Transfer/sec:     29.72MB
Running 5s test @ http://127.0.0.1:8080
  1 threads and 50 connections
  Thread Stats   Avg      Stdev     99%   +/- Stdev
    Latency    10.94ms    7.82ms  41.53ms   84.02%
    Req/Sec       -nan      -nan   0.00      0.00%
  Latency Distribution (HdrHistogram - Recorded Latency)
 50.000%    8.37ms
 75.000%   13.53ms
 90.000%   20.96ms
 99.000%   41.53ms
 99.900%   56.48ms
 99.990%   69.63ms
 99.999%   72.32ms
100.000%   72.64ms

  Detailed Percentile spectrum:
       Value   Percentile   TotalCount 1/(1-Percentile)

       0.272     0.000000            1         1.00
       4.283     0.100000        19862         1.11
       5.531     0.200000        39675         1.25
       6.523     0.300000        59502         1.43
       7.363     0.400000        79376         1.67
       8.367     0.500000        99257         2.00
       8.999     0.550000       109097         2.22
       9.775     0.600000       119050         2.50
      10.783     0.650000       128920         2.86
      11.991     0.700000       138857         3.33
      13.535     0.750000       148766         4.00
      14.287     0.775000       153722         4.44
      15.127     0.800000       158649         5.00
      16.279     0.825000       163598         5.71
      17.631     0.850000       168599         6.67
      19.103     0.875000       173539         8.00
      20.015     0.887500       175992         8.89
      20.959     0.900000       178467        10.00
      21.903     0.912500       180955        11.43
      23.327     0.925000       183439        13.33
      24.607     0.937500       185922        16.00
      25.487     0.943750       187159        17.78
      26.367     0.950000       188392        20.00
      27.375     0.956250       189620        22.86
      29.007     0.962500       190861        26.67
      30.511     0.968750       192108        32.00
      31.199     0.971875       192720        35.56
      32.591     0.975000       193345        40.00
      33.983     0.978125       193970        45.71
      35.327     0.981250       194584        53.33
      36.927     0.984375       195200        64.00
      37.887     0.985938       195512        71.11
      39.199     0.987500       195820        80.00
      40.799     0.989062       196137        91.43
      41.855     0.990625       196436       106.67
      43.583     0.992188       196758       128.00
      44.351     0.992969       196904       142.22
      45.375     0.993750       197058       160.00
      46.367     0.994531       197212       182.86
      47.327     0.995313       197371       213.33
      48.191     0.996094       197525       256.00
      49.599     0.996484       197598       284.44
      50.495     0.996875       197678       320.00
      51.199     0.997266       197761       365.71
      51.519     0.997656       197831       426.67
      52.927     0.998047       197910       512.00
      54.431     0.998242       197948       568.89
      55.391     0.998437       197990       640.00
      55.583     0.998633       198027       731.43
      55.807     0.998828       198066       853.33
      56.767     0.999023       198103      1024.00
      59.103     0.999121       198121      1137.78
      61.055     0.999219       198141      1280.00
      63.327     0.999316       198160      1462.86
      64.351     0.999414       198179      1706.67
      64.895     0.999512       198199      2048.00
      65.087     0.999561       198208      2275.56
      66.623     0.999609       198219      2560.00
      67.519     0.999658       198228      2925.71
      67.711     0.999707       198237      3413.33
      68.031     0.999756       198248      4096.00
      68.223     0.999780       198255      4551.11
      68.287     0.999805       198257      5120.00
      68.607     0.999829       198262      5851.43
      68.735     0.999854       198266      6826.67
      69.311     0.999878       198271      8192.00
      69.631     0.999890       198277      9102.22
      69.631     0.999902       198277     10240.00
      69.823     0.999915       198280     11702.86
      69.951     0.999927       198284     13653.33
      69.951     0.999939       198284     16384.00
      70.207     0.999945       198287     18204.44
      70.207     0.999951       198287     20480.00
      70.207     0.999957       198287     23405.71
      71.999     0.999963       198289     27306.67
      71.999     0.999969       198289     32768.00
      72.255     0.999973       198290     36408.89
      72.319     0.999976       198293     40960.00
      72.319     0.999979       198293     46811.43
      72.319     0.999982       198293     54613.33
      72.319     0.999985       198293     65536.00
      72.319     0.999986       198293     72817.78
      72.319     0.999988       198293     81920.00
      72.319     0.999989       198293     93622.86
      72.575     0.999991       198294    109226.67
      72.575     0.999992       198294    131072.00
      72.575     0.999993       198294    145635.56
      72.575     0.999994       198294    163840.00
      72.575     0.999995       198294    187245.71
      72.639     0.999995       198295    218453.33
      72.639     1.000000       198295          inf
#[Mean    =       10.942, StdDeviation   =        7.819]
#[Max     =       72.576, Total count    =       198295]
#[Buckets =           27, SubBuckets     =         2048]
----------------------------------------------------------
  198594 requests in 5.00s, 169.70MB read
Requests/sec:  39680.40
Transfer/sec:     33.91MB
Running 5s test @ http://127.0.0.1:8080
  1 threads and 50 connections
  Thread Stats   Avg      Stdev     99%   +/- Stdev
    Latency   139.08ms  222.44ms 863.23ms   85.27%
    Req/Sec       -nan      -nan   0.00      0.00%
  Latency Distribution (HdrHistogram - Recorded Latency)
 50.000%   33.85ms
 75.000%  118.91ms
 90.000%  512.77ms
 99.000%  863.23ms
 99.900%  878.08ms
 99.990%  881.15ms
 99.999%  884.22ms
100.000%  884.73ms

  Detailed Percentile spectrum:
       Value   Percentile   TotalCount 1/(1-Percentile)

       0.275     0.000000            1         1.00
       6.419     0.100000        20973         1.11
       8.959     0.200000        42007         1.25
      13.519     0.300000        62917         1.43
      22.495     0.400000        83915         1.67
      33.855     0.500000       104868         2.00
      41.631     0.550000       115342         2.22
      53.439     0.600000       125830         2.50
      73.983     0.650000       136316         2.86
      96.511     0.700000       146819         3.33
     118.911     0.750000       157284         4.00
     135.167     0.775000       162541         4.44
     183.679     0.800000       167775         5.00
     324.863     0.825000       173099         5.71
     356.863     0.850000       178275         6.67
     462.079     0.875000       183514         8.00
     485.631     0.887500       186116         8.89
     512.767     0.900000       188779        10.00
     540.671     0.912500       191372        11.43
     584.191     0.925000       194003        13.33
     637.439     0.937500       196629        16.00
     679.935     0.943750       197915        17.78
     744.959     0.950000       199271        20.00
     756.223     0.956250       200636        22.86
     762.367     0.962500       201946        26.67
     796.671     0.968750       203177        32.00
     817.151     0.971875       203817        35.56
     833.023     0.975000       204510        40.00
     840.191     0.978125       205121        45.71
     849.407     0.981250       205843        53.33
     853.503     0.984375       206505        64.00
     855.039     0.985938       206770        71.11
     857.599     0.987500       207098        80.00
     861.183     0.989062       207441        91.43
     864.767     0.990625       207763       106.67
     868.351     0.992188       208131       128.00
     869.375     0.992969       208308       142.22
     870.399     0.993750       208422       160.00
     871.423     0.994531       208573       182.86
     872.447     0.995313       208834       213.33
     872.959     0.996094       208952       256.00
     873.471     0.996484       209003       284.44
     873.983     0.996875       209072       320.00
     875.519     0.997266       209142       365.71
     876.543     0.997656       209286       426.67
     877.055     0.998047       209403       512.00
     877.055     0.998242       209403       568.89
     877.055     0.998437       209403       640.00
     877.567     0.998633       209472       731.43
     877.567     0.998828       209472       853.33
     878.079     0.999023       209519      1024.00
     878.591     0.999121       209536      1137.78
     879.103     0.999219       209574      1280.00
     879.103     0.999316       209574      1462.86
     879.615     0.999414       209625      1706.67
     879.615     0.999512       209625      2048.00
     879.615     0.999561       209625      2275.56
     879.615     0.999609       209625      2560.00
     880.127     0.999658       209668      2925.71
     880.127     0.999707       209668      3413.33
     880.127     0.999756       209668      4096.00
     880.127     0.999780       209668      4551.11
     880.127     0.999805       209668      5120.00
     880.639     0.999829       209680      5851.43
     880.639     0.999854       209680      6826.67
     880.639     0.999878       209680      8192.00
     881.151     0.999890       209686      9102.22
     881.151     0.999902       209686     10240.00
     881.663     0.999915       209690     11702.86
     881.663     0.999927       209690     13653.33
     882.175     0.999939       209692     16384.00
     882.687     0.999945       209701     18204.44
     882.687     0.999951       209701     20480.00
     882.687     0.999957       209701     23405.71
     882.687     0.999963       209701     27306.67
     882.687     0.999969       209701     32768.00
     882.687     0.999973       209701     36408.89
     882.687     0.999976       209701     40960.00
     882.687     0.999979       209701     46811.43
     882.687     0.999982       209701     54613.33
     882.687     0.999985       209701     65536.00
     884.223     0.999986       209703     72817.78
     884.223     0.999988       209703     81920.00
     884.223     0.999989       209703     93622.86
     884.223     0.999991       209703    109226.67
     884.223     0.999992       209703    131072.00
     884.223     0.999993       209703    145635.56
     884.223     0.999994       209703    163840.00
     884.223     0.999995       209703    187245.71
     884.735     0.999995       209704    218453.33
     884.735     1.000000       209704          inf
#[Mean    =      139.079, StdDeviation   =      222.437]
#[Max     =      884.224, Total count    =       209704]
#[Buckets =           27, SubBuckets     =         2048]
----------------------------------------------------------
  209822 requests in 5.00s, 179.31MB read
Requests/sec:  41945.18
Transfer/sec:     35.85MB
Running 5s test @ http://127.0.0.1:8080
  1 threads and 50 connections
  Thread Stats   Avg      Stdev     99%   +/- Stdev
    Latency   361.84ms  408.31ms   1.34s    74.99%
    Req/Sec       -nan      -nan   0.00      0.00%
  Latency Distribution (HdrHistogram - Recorded Latency)
 50.000%  118.46ms
 75.000%  771.58ms
 90.000%  994.82ms
 99.000%    1.34s 
 99.900%    1.45s 
 99.990%    1.46s 
 99.999%    1.47s 
100.000%    1.47s 

  Detailed Percentile spectrum:
       Value   Percentile   TotalCount 1/(1-Percentile)

       0.295     0.000000            1         1.00
       7.879     0.100000        21128         1.11
      14.703     0.200000        42250         1.25
      30.655     0.300000        63373         1.43
      62.335     0.400000        84498         1.67
     118.463     0.500000       105641         2.00
     180.863     0.550000       116177         2.22
     289.279     0.600000       126752         2.50
     464.383     0.650000       137309         2.86
     604.159     0.700000       147894         3.33
     771.583     0.750000       158449         4.00
     840.191     0.775000       163707         4.44
     882.687     0.800000       169068         5.00
     914.943     0.825000       174294         5.71
     933.887     0.850000       179720         6.67
     961.023     0.875000       184885         8.00
     979.455     0.887500       187476         8.89
     994.815     0.900000       190153        10.00
    1008.127     0.912500       192849        11.43
    1015.807     0.925000       195481        13.33
    1022.463     0.937500       198061        16.00
    1027.071     0.943750       199398        17.78
    1032.191     0.950000       200729        20.00
    1044.991     0.956250       202092        22.86
    1088.511     0.962500       203317        26.67
    1143.807     0.968750       204626        32.00
    1173.503     0.971875       205306        35.56
    1202.175     0.975000       206011        40.00
    1222.655     0.978125       206621        45.71
    1254.399     0.981250       207275        53.33
    1290.239     0.984375       207930        64.00
    1304.575     0.985938       208274        71.11
    1324.031     0.987500       208585        80.00
    1335.295     0.989062       208923        91.43
    1344.511     0.990625       209249       106.67
    1359.871     0.992188       209596       128.00
    1368.063     0.992969       209779       142.22
    1376.255     0.993750       209915       160.00
    1389.567     0.994531       210078       182.86
    1400.831     0.995313       210249       213.33
    1410.047     0.996094       210406       256.00
    1416.191     0.996484       210499       284.44
    1421.311     0.996875       210595       320.00
    1425.407     0.997266       210665       365.71
    1432.575     0.997656       210754       426.67
    1435.647     0.998047       210838       512.00
    1437.695     0.998242       210859       568.89
    1441.791     0.998437       210908       640.00
    1444.863     0.998633       210956       731.43
    1446.911     0.998828       210986       853.33
    1447.935     0.999023       211024      1024.00
    1448.959     0.999121       211048      1137.78
    1451.007     0.999219       211063      1280.00
    1452.031     0.999316       211085      1462.86
    1455.103     0.999414       211106      1706.67
    1456.127     0.999512       211123      2048.00
    1457.151     0.999561       211149      2275.56
    1457.151     0.999609       211149      2560.00
    1458.175     0.999658       211167      2925.71
    1458.175     0.999707       211167      3413.33
    1459.199     0.999756       211193      4096.00
    1459.199     0.999780       211193      4551.11
    1459.199     0.999805       211193      5120.00
    1459.199     0.999829       211193      5851.43
    1460.223     0.999854       211196      6826.67
    1463.295     0.999878       211205      8192.00
    1463.295     0.999890       211205      9102.22
    1463.295     0.999902       211205     10240.00
    1464.319     0.999915       211211     11702.86
    1464.319     0.999927       211211     13653.33
    1467.391     0.999939       211222     16384.00
    1467.391     0.999945       211222     18204.44
    1467.391     0.999951       211222     20480.00
    1467.391     0.999957       211222     23405.71
    1467.391     0.999963       211222     27306.67
    1467.391     0.999969       211222     32768.00
    1467.391     0.999973       211222     36408.89
    1467.391     0.999976       211222     40960.00
    1467.391     0.999979       211222     46811.43
    1467.391     0.999982       211222     54613.33
    1467.391     0.999985       211222     65536.00
    1468.415     0.999986       211225     72817.78
    1468.415     1.000000       211225          inf
#[Mean    =      361.840, StdDeviation   =      408.313]
#[Max     =     1467.392, Total count    =       211225]
#[Buckets =           27, SubBuckets     =         2048]
----------------------------------------------------------
  211614 requests in 5.00s, 180.85MB read
Requests/sec:  42291.12
Transfer/sec:     36.14MB
