0.171     0.000000            1         1.00
       0.305     0.100000          983         1.11
       0.462     0.200000         1949         1.25
       0.605     0.300000         2929         1.43
       0.798     0.400000         3898         1.67
       1.101     0.500000         4874         2.00
       1.448     0.550000         5360         2.22
       3.115     0.600000         5847         2.50
      20.671     0.650000         6336         2.86
      43.295     0.700000         6822         3.33
      67.263     0.750000         7310         4.00
      82.047     0.775000         7554         4.44
      99.711     0.800000         7796         5.00
     117.311     0.825000         8040         5.71
     137.855     0.850000         8284         6.67
     161.023     0.875000         8527         8.00
     175.487     0.887500         8650         8.89
     190.591     0.900000         8771        10.00
     208.639     0.912500         8893        11.43
     229.759     0.925000         9015        13.33
     250.239     0.937500         9136        16.00
     264.959     0.943750         9197        17.78
     281.599     0.950000         9258        20.00
     296.703     0.956250         9319        22.86
     314.623     0.962500         9380        26.67
     343.039     0.968750         9441        32.00
     358.143     0.971875         9471        35.56
     369.151     0.975000         9502        40.00
     389.119     0.978125         9532        45.71
     410.111     0.981250         9563        53.33
     439.295     0.984375         9594        64.00
     449.535     0.985938         9608        71.11
     468.479     0.987500         9624        80.00
     487.167     0.989062         9639        91.43
     515.327     0.990625         9654       106.67
     532.991     0.992188         9669       128.00
     552.959     0.992969         9678       142.22
     567.295     0.993750         9685       160.00
     577.535     0.994531         9692       182.86
     591.871     0.995313         9700       213.33
     605.183     0.996094         9707       256.00
     617.471     0.996484         9711       284.44
     628.223     0.996875         9715       320.00
     651.775     0.997266         9719       365.71
     658.943     0.997656         9723       426.67
     668.671     0.998047         9726       512.00
     676.351     0.998242         9728       568.89
     690.687     0.998437         9730       640.00
     700.927     0.998633         9732       731.43
     707.071     0.998828         9735       853.33
     708.607     0.999023         9736      1024.00
     727.039     0.999121         9737      1137.78
     731.135     0.999219         9738      1280.00
     772.095     0.999316         9739      1462.86
     781.823     0.999414         9740      1706.67
     811.519     0.999512         9741      2048.00
     811.519     0.999561         9741      2275.56
     842.751     0.999609         9742      2560.00
     842.751     0.999658         9742      2925.71
     878.591     0.999707         9743      3413.33
     878.591     0.999756         9743      4096.00
     878.591     0.999780         9743      4551.11
     909.311     0.999805         9744      5120.00
     909.311     0.999829         9744      5851.43
     909.311     0.999854         9744      6826.67
     909.311     0.999878         9744      8192.00
     909.311     0.999890         9744      9102.22
     943.615     0.999902         9745     10240.00
     943.615     1.000000         9745          inf