Running 5s test @ http://127.0.0.1:8080
  1 threads and 50 connections
  Thread Stats   Avg      Stdev     99%   +/- Stdev
    Latency   699.90us  220.80us   1.23ms   67.69%
    Req/Sec       -nan      -nan   0.00      0.00%
  Latency Distribution (HdrHistogram - Recorded Latency)
 50.000%  686.00us
 75.000%  847.00us
 90.000%    0.99ms
 99.000%    1.23ms
 99.900%    1.95ms
 99.990%    3.04ms
 99.999%    3.15ms
100.000%    3.15ms

  Detailed Percentile spectrum:
       Value   Percentile   TotalCount 1/(1-Percentile)

       0.155     0.000000            1         1.00
       0.426     0.100000         5006         1.11
       0.504     0.200000         9986         1.25
       0.568     0.300000        14973         1.43
       0.626     0.400000        19882         1.67
       0.686     0.500000        24913         2.00
       0.714     0.550000        27377         2.22
       0.745     0.600000        29826         2.50
       0.777     0.650000        32347         2.86
       0.810     0.700000        34796         3.33
       0.847     0.750000        37302         4.00
       0.866     0.775000        38532         4.44
       0.885     0.800000        39740         5.00
       0.907     0.825000        41040         5.71
       0.929     0.850000        42229         6.67
       0.955     0.875000        43476         8.00
       0.970     0.887500        44114         8.89
       0.985     0.900000        44722        10.00
       1.002     0.912500        45339        11.43
       1.021     0.925000        45973        13.33
       1.042     0.937500        46581        16.00
       1.055     0.943750        46900        17.78
       1.067     0.950000        47204        20.00
       1.081     0.956250        47513        22.86
       1.097     0.962500        47808        26.67
       1.115     0.968750        48124        32.00
       1.126     0.971875        48282        35.56
       1.138     0.975000        48436        40.00
       1.151     0.978125        48584        45.71
       1.166     0.981250        48743        53.33
       1.187     0.984375        48895        64.00
       1.199     0.985938        48976        71.11
       1.209     0.987500        49054        80.00
       1.222     0.989062        49129        91.43
       1.239     0.990625        49205       106.67
       1.258     0.992188        49283       128.00
       1.272     0.992969        49321       142.22
       1.286     0.993750        49362       160.00
       1.300     0.994531        49401       182.86
       1.322     0.995313        49438       213.33
       1.350     0.996094        49476       256.00
       1.364     0.996484        49498       284.44
       1.377     0.996875        49515       320.00
       1.401     0.997266        49535       365.71
       1.456     0.997656        49554       426.67
       1.552     0.998047        49573       512.00
       1.632     0.998242        49583       568.89
       1.854     0.998437        49593       640.00
       1.884     0.998633        49603       731.43
       1.913     0.998828        49612       853.33
       1.950     0.999023        49622      1024.00
       1.968     0.999121        49627      1137.78
       1.995     0.999219        49632      1280.00
       2.038     0.999316        49637      1462.86
       2.175     0.999414        49641      1706.67
       2.199     0.999512        49646      2048.00
       2.227     0.999561        49649      2275.56
       2.235     0.999609        49651      2560.00
       2.253     0.999658        49654      2925.71
       2.255     0.999707        49656      3413.33
       2.281     0.999756        49658      4096.00
       2.283     0.999780        49660      4551.11
       2.307     0.999805        49661      5120.00
       2.319     0.999829        49662      5851.43
       2.847     0.999854        49663      6826.67
       3.023     0.999878        49664      8192.00
       3.041     0.999890        49665      9102.22
       3.047     0.999902        49666     10240.00
       3.047     0.999915        49666     11702.86
       3.053     0.999927        49668     13653.33
       3.053     0.999939        49668     16384.00
       3.053     0.999945        49668     18204.44
       3.053     0.999951        49668     20480.00
       3.053     0.999957        49668     23405.71
       3.147     0.999963        49669     27306.67
       3.147     0.999969        49669     32768.00
       3.147     0.999973        49669     36408.89
       3.147     0.999976        49669     40960.00
       3.147     0.999979        49669     46811.43
       3.151     0.999982        49670     54613.33
       3.151     1.000000        49670          inf
#[Mean    =        0.700, StdDeviation   =        0.221]
#[Max     =        3.150, Total count    =        49670]
#[Buckets =           27, SubBuckets     =         2048]
----------------------------------------------------------
  49680 requests in 5.00s, 42.45MB read
Requests/sec:   9936.94
Transfer/sec:      8.49MB
Running 5s test @ http://127.0.0.1:8080
  1 threads and 50 connections
  Thread Stats   Avg      Stdev     99%   +/- Stdev
    Latency     1.30ms  577.41us   3.48ms   79.01%
    Req/Sec       -nan      -nan   0.00      0.00%
  Latency Distribution (HdrHistogram - Recorded Latency)
 50.000%    1.17ms
 75.000%    1.58ms
 90.000%    1.96ms
 99.000%    3.48ms
 99.900%    5.16ms
 99.990%    5.76ms
 99.999%    6.43ms
100.000%    6.43ms

  Detailed Percentile spectrum:
       Value   Percentile   TotalCount 1/(1-Percentile)

       0.216     0.000000            1         1.00
       0.736     0.100000         9937         1.11
       0.844     0.200000        19897         1.25
       0.942     0.300000        29903         1.43
       1.045     0.400000        39793         1.67
       1.170     0.500000        49715         2.00
       1.244     0.550000        54685         2.22
       1.319     0.600000        59638         2.50
       1.399     0.650000        64598         2.86
       1.488     0.700000        69575         3.33
       1.582     0.750000        74538         4.00
       1.631     0.775000        77013         4.44
       1.683     0.800000        79517         5.00
       1.738     0.825000        81957         5.71
       1.800     0.850000        84470         6.67
       1.870     0.875000        86925         8.00
       1.910     0.887500        88184         8.89
       1.955     0.900000        89411        10.00
       2.009     0.912500        90659        11.43
       2.071     0.925000        91905        13.33
       2.147     0.937500        93144        16.00
       2.199     0.943750        93765        17.78
       2.257     0.950000        94375        20.00
       2.329     0.956250        94999        22.86
       2.423     0.962500        95624        26.67
       2.545     0.968750        96239        32.00
       2.611     0.971875        96550        35.56
       2.697     0.975000        96862        40.00
       2.807     0.978125        97171        45.71
       2.953     0.981250        97481        53.33
       3.121     0.984375        97790        64.00
       3.211     0.985938        97946        71.11
       3.303     0.987500        98102        80.00
       3.397     0.989062        98256        91.43
       3.523     0.990625        98410       106.67
       3.669     0.992188        98565       128.00
       3.765     0.992969        98644       142.22
       3.857     0.993750        98724       160.00
       3.961     0.994531        98798       182.86
       4.081     0.995313        98876       213.33
       4.191     0.996094        98957       256.00
       4.271     0.996484        98993       284.44
       4.351     0.996875        99031       320.00
       4.475     0.997266        99070       365.71
       4.619     0.997656        99110       426.67
       4.743     0.998047        99148       512.00
       4.843     0.998242        99167       568.89
       4.907     0.998437        99189       640.00
       4.999     0.998633        99207       731.43
       5.127     0.998828        99225       853.33
       5.171     0.999023        99244      1024.00
       5.227     0.999121        99254      1137.78
       5.299     0.999219        99264      1280.00
       5.335     0.999316        99276      1462.86
       5.387     0.999414        99283      1706.67
       5.447     0.999512        99293      2048.00
       5.475     0.999561        99299      2275.56
       5.491     0.999609        99303      2560.00
       5.527     0.999658        99308      2925.71
       5.539     0.999707        99313      3413.33
       5.583     0.999756        99318      4096.00
       5.591     0.999780        99320      4551.11
       5.607     0.999805        99322      5120.00
       5.651     0.999829        99325      5851.43
       5.707     0.999854        99327      6826.67
       5.739     0.999878        99329      8192.00
       5.755     0.999890        99331      9102.22
       5.823     0.999902        99332     10240.00
       5.831     0.999915        99333     11702.86
       5.843     0.999927        99334     13653.33
       5.875     0.999939        99335     16384.00
       6.127     0.999945        99336     18204.44
       6.135     0.999951        99337     20480.00
       6.135     0.999957        99337     23405.71
       6.323     0.999963        99338     27306.67
       6.323     0.999969        99338     32768.00
       6.347     0.999973        99339     36408.89
       6.347     0.999976        99339     40960.00
       6.347     0.999979        99339     46811.43
       6.427     0.999982        99340     54613.33
       6.427     0.999985        99340     65536.00
       6.427     0.999986        99340     72817.78
       6.427     0.999988        99340     81920.00
       6.427     0.999989        99340     93622.86
       6.431     0.999991        99341    109226.67
       6.431     1.000000        99341          inf
#[Mean    =        1.299, StdDeviation   =        0.577]
#[Max     =        6.428, Total count    =        99341]
#[Buckets =           27, SubBuckets     =         2048]
----------------------------------------------------------
  99374 requests in 5.00s, 84.91MB read
Requests/sec:  19874.54
Transfer/sec:     16.98MB
Running 5s test @ http://127.0.0.1:8080
  1 threads and 50 connections
  Thread Stats   Avg      Stdev     99%   +/- Stdev
    Latency     3.74ms    1.55ms   8.49ms   76.89%
    Req/Sec       -nan      -nan   0.00      0.00%
  Latency Distribution (HdrHistogram - Recorded Latency)
 50.000%    3.33ms
 75.000%    4.64ms
 90.000%    5.63ms
 99.000%    8.49ms
 99.900%   14.30ms
 99.990%   21.61ms
 99.999%   21.82ms
100.000%   21.82ms

  Detailed Percentile spectrum:
       Value   Percentile   TotalCount 1/(1-Percentile)

       0.210     0.000000            1         1.00
       2.231     0.100000        14920         1.11
       2.583     0.200000        29823         1.25
       2.831     0.300000        44808         1.43
       3.059     0.400000        59639         1.67
       3.327     0.500000        74472         2.00
       3.505     0.550000        81964         2.22
       3.739     0.600000        89377         2.50
       4.027     0.650000        96819         2.86
       4.335     0.700000       104268         3.33
       4.635     0.750000       111762         4.00
       4.771     0.775000       115452         4.44
       4.907     0.800000       119172         5.00
       5.055     0.825000       122961         5.71
       5.211     0.850000       126630         6.67
       5.399     0.875000       130349         8.00
       5.503     0.887500       132236         8.89
       5.627     0.900000       134105        10.00
       5.763     0.912500       135938        11.43
       5.939     0.925000       137797        13.33
       6.151     0.937500       139664        16.00
       6.259     0.943750       140577        17.78
       6.367     0.950000       141517        20.00
       6.495     0.956250       142441        22.86
       6.635     0.962500       143366        26.67
       6.827     0.968750       144303        32.00
       6.943     0.971875       144762        35.56
       7.099     0.975000       145229        40.00
       7.283     0.978125       145685        45.71
       7.587     0.981250       146151        53.33
       7.835     0.984375       146616        64.00
       7.951     0.985938       146850        71.11
       8.099     0.987500       147089        80.00
       8.327     0.989062       147316        91.43
       8.711     0.990625       147548       106.67
       9.071     0.992188       147781       128.00
       9.247     0.992969       147898       142.22
       9.495     0.993750       148014       160.00
       9.735     0.994531       148131       182.86
      10.039     0.995313       148261       213.33
      10.375     0.996094       148362       256.00
      10.623     0.996484       148424       284.44
      10.743     0.996875       148479       320.00
      11.087     0.997266       148536       365.71
      11.951     0.997656       148594       426.67
      13.159     0.998047       148654       512.00
      13.375     0.998242       148682       568.89
      13.799     0.998437       148711       640.00
      13.991     0.998633       148746       731.43
      14.111     0.998828       148770       853.33
      14.359     0.999023       148798      1024.00
      14.863     0.999121       148814      1137.78
      16.239     0.999219       148827      1280.00
      17.071     0.999316       148843      1462.86
      17.439     0.999414       148856      1706.67
      17.887     0.999512       148872      2048.00
      17.951     0.999561       148879      2275.56
      18.207     0.999609       148886      2560.00
      18.783     0.999658       148893      2925.71
      18.847     0.999707       148906      3413.33
      18.991     0.999756       148907      4096.00
      20.207     0.999780       148911      4551.11
      20.287     0.999805       148916      5120.00
      20.319     0.999829       148918      5851.43
      20.367     0.999854       148922      6826.67
      21.279     0.999878       148925      8192.00
      21.615     0.999890       148928      9102.22
      21.695     0.999902       148930     10240.00
      21.759     0.999915       148931     11702.86
      21.775     0.999927       148937     13653.33
      21.775     0.999939       148937     16384.00
      21.775     0.999945       148937     18204.44
      21.775     0.999951       148937     20480.00
      21.775     0.999957       148937     23405.71
      21.791     0.999963       148940     27306.67
      21.791     0.999969       148940     32768.00
      21.791     0.999973       148940     36408.89
      21.791     0.999976       148940     40960.00
      21.791     0.999979       148940     46811.43
      21.807     0.999982       148941     54613.33
      21.807     0.999985       148941     65536.00
      21.807     0.999986       148941     72817.78
      21.823     0.999988       148943     81920.00
      21.823     1.000000       148943          inf
#[Mean    =        3.737, StdDeviation   =        1.547]
#[Max     =       21.808, Total count    =       148943]
#[Buckets =           27, SubBuckets     =         2048]
----------------------------------------------------------
  149086 requests in 5.00s, 127.39MB read
Requests/sec:  29805.78
Transfer/sec:     25.47MB
Running 5s test @ http://127.0.0.1:8080
  1 threads and 50 connections
  Thread Stats   Avg      Stdev     99%   +/- Stdev
    Latency     9.65ms    6.80ms  34.97ms   84.14%
    Req/Sec       -nan      -nan   0.00      0.00%
  Latency Distribution (HdrHistogram - Recorded Latency)
 50.000%    7.59ms
 75.000%   11.42ms
 90.000%   18.80ms
 99.000%   34.97ms
 99.900%   47.13ms
 99.990%   52.06ms
 99.999%   52.64ms
100.000%   52.67ms

  Detailed Percentile spectrum:
       Value   Percentile   TotalCount 1/(1-Percentile)

       0.301     0.000000            1         1.00
       3.903     0.100000        19868         1.11
       4.879     0.200000        39671         1.25
       5.799     0.300000        59513         1.43
       6.719     0.400000        79410         1.67
       7.587     0.500000        99255         2.00
       7.971     0.550000       109131         2.22
       8.463     0.600000       119053         2.50
       9.079     0.650000       128992         2.86
      10.087     0.700000       138822         3.33
      11.423     0.750000       148756         4.00
      12.103     0.775000       153720         4.44
      12.879     0.800000       158680         5.00
      14.055     0.825000       163612         5.71
      15.463     0.850000       168590         6.67
      16.863     0.875000       173546         8.00
      17.775     0.887500       176003         8.89
      18.799     0.900000       178486        10.00
      19.999     0.912500       180961        11.43
      21.263     0.925000       183463        13.33
      22.703     0.937500       185931        16.00
      23.631     0.943750       187158        17.78
      24.575     0.950000       188423        20.00
      25.247     0.956250       189643        22.86
      26.191     0.962500       190889        26.67
      27.359     0.968750       192125        32.00
      28.015     0.971875       192744        35.56
      28.799     0.975000       193362        40.00
      29.551     0.978125       193978        45.71
      30.543     0.981250       194597        53.33
      31.871     0.984375       195221        64.00
      32.495     0.985938       195528        71.11
      33.215     0.987500       195846        80.00
      34.335     0.989062       196146        91.43
      35.487     0.990625       196459       106.67
      36.415     0.992188       196764       128.00
      37.439     0.992969       196919       142.22
      38.687     0.993750       197075       160.00
      40.191     0.994531       197229       182.86
      41.215     0.995313       197388       213.33
      42.431     0.996094       197541       256.00
      42.815     0.996484       197617       284.44
      43.423     0.996875       197699       320.00
      43.903     0.997266       197772       365.71
      44.607     0.997656       197856       426.67
      45.535     0.998047       197926       512.00
      45.983     0.998242       197965       568.89
      46.303     0.998437       198012       640.00
      46.527     0.998633       198044       731.43
      46.783     0.998828       198083       853.33
      47.135     0.999023       198122      1024.00
      47.423     0.999121       198143      1137.78
      47.775     0.999219       198176      1280.00
      47.903     0.999316       198178      1462.86
      48.319     0.999414       198203      1706.67
      48.575     0.999512       198217      2048.00
      48.799     0.999561       198231      2275.56
      48.863     0.999609       198238      2560.00
      49.023     0.999658       198246      2925.71
      49.215     0.999707       198255      3413.33
      51.423     0.999756       198266      4096.00
      51.519     0.999780       198273      4551.11
      51.711     0.999805       198278      5120.00
      51.743     0.999829       198282      5851.43
      51.807     0.999854       198285      6826.67
      51.839     0.999878       198289      8192.00
      52.063     0.999890       198294      9102.22
      52.063     0.999902       198294     10240.00
      52.095     0.999915       198298     11702.86
      52.159     0.999927       198300     13653.33
      52.191     0.999939       198303     16384.00
      52.191     0.999945       198303     18204.44
      52.255     0.999951       198304     20480.00
      52.287     0.999957       198305     23405.71
      52.511     0.999963       198307     27306.67
      52.511     0.999969       198307     32768.00
      52.543     0.999973       198309     36408.89
      52.543     0.999976       198309     40960.00
      52.543     0.999979       198309     46811.43
      52.639     0.999982       198311     54613.33
      52.639     0.999985       198311     65536.00
      52.639     0.999986       198311     72817.78
      52.639     0.999988       198311     81920.00
      52.639     0.999989       198311     93622.86
      52.671     0.999991       198313    109226.67
      52.671     1.000000       198313          inf
#[Mean    =        9.654, StdDeviation   =        6.801]
#[Max     =       52.640, Total count    =       198313]
#[Buckets =           27, SubBuckets     =         2048]
----------------------------------------------------------
  198433 requests in 5.00s, 169.57MB read
Requests/sec:  39673.40
Transfer/sec:     33.90MB
Running 5s test @ http://127.0.0.1:8080
  1 threads and 50 connections
  Thread Stats   Avg      Stdev     99%   +/- Stdev
    Latency   257.79ms  366.57ms   1.34s    84.65%
    Req/Sec       -nan      -nan   0.00      0.00%
  Latency Distribution (HdrHistogram - Recorded Latency)
 50.000%   70.65ms
 75.000%  335.10ms
 90.000%  940.54ms
 99.000%    1.34s 
 99.900%    1.37s 
 99.990%    1.38s 
 99.999%    1.38s 
100.000%    1.38s 

  Detailed Percentile spectrum:
       Value   Percentile   TotalCount 1/(1-Percentile)

       0.337     0.000000            1         1.00
       9.783     0.100000        22095         1.11
      18.655     0.200000        44180         1.25
      30.927     0.300000        66257         1.43
      48.255     0.400000        88363         1.67
      70.655     0.500000       110475         2.00
      87.039     0.550000       121491         2.22
     122.559     0.600000       132513         2.50
     169.983     0.650000       143574         2.86
     290.815     0.700000       154595         3.33
     335.103     0.750000       165646         4.00
     360.191     0.775000       171169         4.44
     428.287     0.800000       176697         5.00
     474.111     0.825000       182200         5.71
     639.487     0.850000       187751         6.67
     778.239     0.875000       193248         8.00
     860.671     0.887500       196030         8.89
     940.543     0.900000       198783        10.00
     961.535     0.912500       201531        11.43
    1044.479     0.925000       204286        13.33
    1138.687     0.937500       207073        16.00
    1201.151     0.943750       208469        17.78
    1226.751     0.950000       209998        20.00
    1234.943     0.956250       211241        22.86
    1249.279     0.962500       212668        26.67
    1260.543     0.968750       213949        32.00
    1267.711     0.971875       214693        35.56
    1277.951     0.975000       215374        40.00
    1300.479     0.978125       216022        45.71
    1318.911     0.981250       216726        53.33
    1330.175     0.984375       217459        64.00
    1335.295     0.985938       217939        71.11
    1337.343     0.987500       218200        80.00
    1339.391     0.989062       218490        91.43
    1343.487     0.990625       218882       106.67
    1347.583     0.992188       219237       128.00
    1348.607     0.992969       219328       142.22
    1351.679     0.993750       219469       160.00
    1356.799     0.994531       219702       182.86
    1358.847     0.995313       219877       213.33
    1360.895     0.996094       220056       256.00
    1361.919     0.996484       220121       284.44
    1362.943     0.996875       220169       320.00
    1364.991     0.997266       220250       365.71
    1367.039     0.997656       220375       426.67
    1368.063     0.998047       220465       512.00
    1368.063     0.998242       220465       568.89
    1369.087     0.998437       220513       640.00
    1370.111     0.998633       220554       731.43
    1371.135     0.998828       220622       853.33
    1372.159     0.999023       220670      1024.00
    1372.159     0.999121       220670      1137.78
    1373.183     0.999219       220742      1280.00
    1373.183     0.999316       220742      1462.86
    1373.183     0.999414       220742      1706.67
    1373.183     0.999512       220742      2048.00
    1374.207     0.999561       220790      2275.56
    1374.207     0.999609       220790      2560.00
    1374.207     0.999658       220790      2925.71
    1374.207     0.999707       220790      3413.33
    1375.231     0.999756       220828      4096.00
    1375.231     0.999780       220828      4551.11
    1375.231     0.999805       220828      5120.00
    1375.231     0.999829       220828      5851.43
    1375.231     0.999854       220828      6826.67
    1375.231     0.999878       220828      8192.00
    1375.231     0.999890       220828      9102.22
    1375.231     0.999902       220828     10240.00
    1376.255     0.999915       220831     11702.86
    1377.279     0.999927       220832     13653.33
    1378.303     0.999939       220841     16384.00
    1378.303     0.999945       220841     18204.44
    1378.303     0.999951       220841     20480.00
    1378.303     0.999957       220841     23405.71
    1378.303     0.999963       220841     27306.67
    1379.327     0.999969       220844     32768.00
    1379.327     0.999973       220844     36408.89
    1379.327     0.999976       220844     40960.00
    1379.327     0.999979       220844     46811.43
    1379.327     0.999982       220844     54613.33
    1380.351     0.999985       220848     65536.00
    1380.351     1.000000       220848          inf
#[Mean    =      257.787, StdDeviation   =      366.572]
#[Max     =     1379.328, Total count    =       220848]
#[Buckets =           27, SubBuckets     =         2048]
----------------------------------------------------------
  220851 requests in 5.00s, 188.74MB read
Requests/sec:  44160.51
Transfer/sec:     37.74MB
