3.959     0.000000            1         1.00
      57.183     0.100000          936         1.11
      97.727     0.200000         1872         1.25
     132.223     0.300000         2810         1.43
     175.103     0.400000         3744         1.67
     231.039     0.500000         4679         2.00
     262.911     0.550000         5147         2.22
     298.751     0.600000         5618         2.50
     339.711     0.650000         6082         2.86
     386.047     0.700000         6549         3.33
     447.487     0.750000         7020         4.00
     482.047     0.775000         7251         4.44
     517.119     0.800000         7484         5.00
     559.615     0.825000         7719         5.71
     607.743     0.850000         7953         6.67
     660.479     0.875000         8187         8.00
     697.855     0.887500         8304         8.89
     733.695     0.900000         8421        10.00
     779.263     0.912500         8537        11.43
     827.391     0.925000         8654        13.33
     882.175     0.937500         8772        16.00
     913.919     0.943750         8830        17.78
     948.735     0.950000         8888        20.00
     991.743     0.956250         8946        22.86
    1022.463     0.962500         9006        26.67
    1058.815     0.968750         9064        32.00
    1078.271     0.971875         9092        35.56
    1110.015     0.975000         9122        40.00
    1140.735     0.978125         9152        45.71
    1172.479     0.981250         9181        53.33
    1205.247     0.984375         9209        64.00
    1232.895     0.985938         9224        71.11
    1257.471     0.987500         9240        80.00
    1285.119     0.989062         9253        91.43
    1323.007     0.990625         9268       106.67
    1361.919     0.992188         9282       128.00
    1380.351     0.992969         9290       142.22
    1421.311     0.993750         9297       160.00
    1442.815     0.994531         9306       182.86
    1479.679     0.995313         9312       213.33
    1561.599     0.996094         9319       256.00
    1611.775     0.996484         9323       284.44
    1645.567     0.996875         9326       320.00
    1755.135     0.997266         9330       365.71
    1796.095     0.997656         9334       426.67
    1914.879     0.998047         9337       512.00
    1966.079     0.998242         9339       568.89
    2093.055     0.998437         9342       640.00
    2101.247     0.998633         9343       731.43
    2228.223     0.998828         9345       853.33
    2373.631     0.999023         9346      1024.00
    2404.351     0.999121         9347      1137.78
    2426.879     0.999219         9348      1280.00
    2437.119     0.999316         9349      1462.86
    2504.703     0.999414         9350      1706.67
    2516.991     0.999512         9352      2048.00
    2516.991     0.999561         9352      2275.56
    2516.991     0.999609         9352      2560.00
    2516.991     0.999658         9352      2925.71
    2519.039     0.999707         9353      3413.33
    2519.039     0.999756         9353      4096.00
    2519.039     0.999780         9353      4551.11
    2562.047     0.999805         9354      5120.00
    2562.047     0.999829         9354      5851.43
    2562.047     0.999854         9354      6826.67
    2562.047     0.999878         9354      8192.00
    2562.047     0.999890         9354      9102.22
    2564.095     0.999902         9355     10240.00
    2564.095     1.000000         9355          inf