3.495     0.000000            1         1.00
     254.847     0.100000          643         1.11
     580.607     0.200000         1288         1.25
     901.119     0.300000         1927         1.43
    1202.175     0.400000         2569         1.67
    1554.431     0.500000         3211         2.00
    1750.015     0.550000         3533         2.22
    1952.767     0.600000         3854         2.50
    2160.639     0.650000         4175         2.86
    2363.391     0.700000         4496         3.33
    2582.527     0.750000         4820         4.00
    2719.743     0.775000         4978         4.44
    2850.815     0.800000         5141         5.00
    2975.743     0.825000         5300         5.71
    3110.911     0.850000         5459         6.67
    3248.127     0.875000         5621         8.00
    3330.047     0.887500         5701         8.89
    3409.919     0.900000         5783        10.00
    3489.791     0.912500         5861        11.43
    3577.855     0.925000         5941        13.33
    3694.591     0.937500         6021        16.00
    3756.031     0.943750         6062        17.78
    3815.423     0.950000         6101        20.00
    3889.151     0.956250         6142        22.86
    3987.455     0.962500         6183        26.67
    4083.711     0.968750         6222        32.00
    4163.583     0.971875         6242        35.56
    4210.687     0.975000         6263        40.00
    4272.127     0.978125         6284        45.71
    4345.855     0.981250         6302        53.33
    4415.487     0.984375         6322        64.00
    4452.351     0.985938         6332        71.11
    4485.119     0.987500         6342        80.00
    4534.271     0.989062         6352        91.43
    4571.135     0.990625         6362       106.67
    4636.671     0.992188         6374       128.00
    4657.151     0.992969         6377       142.22
    4689.919     0.993750         6382       160.00
    4718.591     0.994531         6387       182.86
    4743.167     0.995313         6393       213.33
    4767.743     0.996094         6397       256.00
    4792.319     0.996484         6400       284.44
    4833.279     0.996875         6402       320.00
    4878.335     0.997266         6405       365.71
    4902.911     0.997656         6407       426.67
    4964.351     0.998047         6410       512.00
    5021.695     0.998242         6411       568.89
    5029.887     0.998437         6412       640.00
    5070.847     0.998633         6414       731.43
    5079.039     0.998828         6416       853.33
    5079.039     0.999023         6416      1024.00
    5128.191     0.999121         6417      1137.78
    5128.191     0.999219         6417      1280.00
    5148.671     0.999316         6419      1462.86
    5148.671     0.999414         6419      1706.67
    5148.671     0.999512         6419      2048.00
    5156.863     0.999561         6420      2275.56
    5156.863     0.999609         6420      2560.00
    5156.863     0.999658         6420      2925.71
    5255.167     0.999707         6421      3413.33
    5255.167     0.999756         6421      4096.00
    5255.167     0.999780         6421      4551.11
    5255.167     0.999805         6421      5120.00
    5255.167     0.999829         6421      5851.43
    5283.839     0.999854         6422      6826.67
    5283.839     1.000000         6422          inf