45.631     0.000000            1         1.00
891.903     0.100000         8357         1.11
1168.383     0.200000        16734         1.25
1354.751     0.300000        25093         1.43
1497.087     0.400000        33476         1.67
1666.047     0.500000        41782         2.00
1764.351     0.550000        45971         2.22
1860.607     0.600000        50142         2.50
1950.719     0.650000        54323         2.86
2053.119     0.700000        58510         3.33
2246.655     0.750000        62683         4.00
2406.399     0.775000        64766         4.44
2592.767     0.800000        66854         5.00
2684.927     0.825000        68934         5.71
2854.911     0.850000        71036         6.67
3567.615     0.875000        73110         8.00
4067.327     0.887500        74165         8.89
4198.399     0.900000        75219        10.00
4313.087     0.912500        76263        11.43
4440.063     0.925000        77311        13.33
4554.751     0.937500        78341        16.00
4616.191     0.943750        78893        17.78
4661.247     0.950000        79446        20.00
4694.015     0.956250        79948        22.86
4734.975     0.962500        80446        26.67
4784.127     0.968750        80946        32.00
4808.703     0.971875        81239        35.56
4829.183     0.975000        81512        40.00
4857.855     0.978125        81763        45.71
4882.431     0.981250        82001        53.33
4915.199     0.984375        82282        64.00
4931.583     0.985938        82400        71.11
4960.255     0.987500        82533        80.00
4984.831     0.989062        82649        91.43
5017.599     0.990625        82779       106.67
5050.367     0.992188        82908       128.00
5066.751     0.992969        82970       142.22
5087.231     0.993750        83037       160.00
5119.999     0.994531        83099       182.86
5160.959     0.995313        83164       213.33
5210.111     0.996094        83229       256.00
5238.783     0.996484        83262       284.44
5271.551     0.996875        83295       320.00
5300.223     0.997266        83329       365.71
5332.991     0.997656        83359       426.67
5361.663     0.998047        83393       512.00
5369.855     0.998242        83408       568.89
5386.239     0.998437        83427       640.00
5402.623     0.998633        83443       731.43
5414.911     0.998828        83461       853.33
5427.199     0.999023        83473      1024.00
5443.583     0.999121        83483      1137.78
5447.679     0.999219        83491      1280.00
5455.871     0.999316        83498      1462.86
5472.255     0.999414        83509      1706.67
5492.735     0.999512        83515      2048.00
5496.831     0.999561        83518      2275.56
5517.311     0.999609        83522      2560.00
5525.503     0.999658        83526      2925.71
5550.079     0.999707        83532      3413.33
5562.367     0.999756        83535      4096.00
5566.463     0.999780        83537      4551.11
5574.655     0.999805        83540      5120.00
5574.655     0.999829        83540      5851.43
5591.039     0.999854        83543      6826.67
5599.231     0.999878        83544      8192.00
5603.327     0.999890        83545      9102.22
5611.519     0.999902        83547     10240.00
5611.519     0.999915        83547     11702.86
5619.711     0.999927        83550     13653.33
5619.711     0.999939        83550     16384.00
5619.711     0.999945        83550     18204.44
5619.711     0.999951        83550     20480.00
5623.807     0.999957        83551     23405.71
5623.807     0.999963        83551     27306.67
5636.095     0.999969        83552     32768.00
5636.095     0.999973        83552     36408.89
5636.095     0.999976        83552     40960.00
5652.479     0.999979        83553     46811.43
5652.479     0.999982        83553     54613.33
5652.479     0.999985        83553     65536.00
5652.479     0.999986        83553     72817.78
5652.479     0.999988        83553     81920.00
5656.575     0.999989        83554     93622.86