0.374     0.000000            1         1.00
0.861     0.100000           97         1.11
1.132     0.200000          194         1.25
1.466     0.300000          291         1.43
1.673     0.400000          389         1.67
1.928     0.500000          485         2.00
2.385     0.550000          533         2.22
2.631     0.600000          582         2.50
2.775     0.650000          631         2.86
2.865     0.700000          679         3.33
2.969     0.750000          728         4.00
3.015     0.775000          752         4.44
3.037     0.800000          776         5.00
3.083     0.825000          800         5.71
3.133     0.850000          825         6.67
3.163     0.875000          848         8.00
3.193     0.887500          860         8.89
3.233     0.900000          873        10.00
3.275     0.912500          885        11.43
3.315     0.925000          897        13.33
3.407     0.937500          909        16.00
3.483     0.943750          915        17.78
3.507     0.950000          921        20.00
3.567     0.956250          927        22.86
3.657     0.962500          933        26.67
3.743     0.968750          940        32.00
3.867     0.971875          942        35.56
3.975     0.975000          945        40.00
4.077     0.978125          948        45.71
4.179     0.981250          951        53.33
4.255     0.984375          954        64.00
4.439     0.985938          956        71.11
4.519     0.987500          957        80.00
4.571     0.989062          959        91.43
4.615     0.990625          960       106.67
4.719     0.992188          962       128.00
4.727     0.992969          963       142.22
4.727     0.993750          963       160.00
5.743     0.994531          964       182.86
5.763     0.995313          965       213.33
6.003     0.996094          966       256.00
6.003     0.996484          966       284.44
6.003     0.996875          966       320.00
6.455     0.997266          967       365.71
6.455     0.997656          967       426.67
8.615     0.998047          968       512.00
8.615     0.998242          968       568.89
8.615     0.998437          968       640.00
8.615     0.998633          968       731.43
8.615     0.998828          968       853.33
8.839     0.999023          969      1024.00
