25.887     0.000000            1         1.00
1750.015     0.100000         3944         1.11
2932.735     0.200000         7886         1.25
3772.415     0.300000        11835         1.43
5115.903     0.400000        15798         1.67
5455.871     0.500000        19739         2.00
5607.423     0.550000        21699         2.22
5767.167     0.600000        23688         2.50
5931.007     0.650000        25662         2.86
6094.847     0.700000        27597         3.33
6266.879     0.750000        29608         4.00
6356.991     0.775000        30555         4.44
6463.487     0.800000        31539         5.00
6586.367     0.825000        32524         5.71
6721.535     0.850000        33516         6.67
6836.223     0.875000        34524         8.00
6897.663     0.887500        34997         8.89
6971.391     0.900000        35481        10.00
7122.943     0.912500        35971        11.43
7262.207     0.925000        36472        13.33
7368.703     0.937500        36981        16.00
7421.951     0.943750        37213        17.78
7475.199     0.950000        37450        20.00
7536.639     0.956250        37710        22.86
7593.983     0.962500        37951        26.67
7655.423     0.968750        38209        32.00
7688.191     0.971875        38324        35.56
7729.151     0.975000        38436        40.00
7790.591     0.978125        38561        45.71
7847.935     0.981250        38691        53.33
7905.279     0.984375        38809        64.00
7942.143     0.985938        38869        71.11
7983.103     0.987500        38928        80.00
7999.487     0.989062        38998        91.43
8019.967     0.990625        39053       106.67
8060.927     0.992188        39120       128.00
8085.503     0.992969        39146       142.22
8105.983     0.993750        39176       160.00
8134.655     0.994531        39205       182.86
8171.519     0.995313        39239       213.33
8196.095     0.996094        39275       256.00
8204.287     0.996484        39284       284.44
8216.575     0.996875        39299       320.00
8232.959     0.997266        39317       365.71
8241.151     0.997656        39328       426.67
8249.343     0.998047        39346       512.00
8253.439     0.998242        39352       568.89
8261.631     0.998437        39367       640.00
8261.631     0.998633        39367       731.43
8265.727     0.998828        39374       853.33
8273.919     0.999023        39385      1024.00
8278.015     0.999121        39386      1137.78
8282.111     0.999219        39391      1280.00
8286.207     0.999316        39398      1462.86
8286.207     0.999414        39398      1706.67
8290.303     0.999512        39405      2048.00
8290.303     0.999561        39405      2275.56
8290.303     0.999609        39405      2560.00
8294.399     0.999658        39407      2925.71
8298.495     0.999707        39409      3413.33
8302.591     0.999756        39413      4096.00
8302.591     0.999780        39413      4551.11
8302.591     0.999805        39413      5120.00
8306.687     0.999829        39414      5851.43
8318.975     0.999854        39415      6826.67
8327.167     0.999878        39416      8192.00
8327.167     0.999890        39416      9102.22
8339.455     0.999902        39418     10240.00
8339.455     0.999915        39418     11702.86
8339.455     0.999927        39418     13653.33
8339.455     0.999939        39418     16384.00
8339.455     0.999945        39418     18204.44
8347.647     0.999951        39419     20480.00
8347.647     0.999957        39419     23405.71
8347.647     0.999963        39419     27306.67
8347.647     0.999969        39419     32768.00
8347.647     0.999973        39419     36408.89
8351.743     0.999976        39420     40960.00