0.285     0.000000            1         1.00
0.454     0.100000         1006         1.11
0.492     0.200000         1983         1.25
0.531     0.300000         2970         1.43
0.594     0.400000         3963         1.67
0.670     0.500000         4946         2.00
0.705     0.550000         5446         2.22
0.743     0.600000         5936         2.50
0.784     0.650000         6432         2.86
0.835     0.700000         6928         3.33
0.891     0.750000         7415         4.00
0.927     0.775000         7663         4.44
0.964     0.800000         7912         5.00
1.008     0.825000         8157         5.71
1.071     0.850000         8405         6.67
1.141     0.875000         8651         8.00
1.192     0.887500         8773         8.89
1.246     0.900000         8896        10.00
1.305     0.912500         9020        11.43
1.380     0.925000         9144        13.33
1.463     0.937500         9267        16.00
1.509     0.943750         9329        17.78
1.573     0.950000         9390        20.00
1.634     0.956250         9452        22.86
1.700     0.962500         9514        26.67
1.822     0.968750         9576        32.00
1.884     0.971875         9608        35.56
1.949     0.975000         9638        40.00
2.049     0.978125         9669        45.71
2.141     0.981250         9699        53.33
2.305     0.984375         9730        64.00
2.407     0.985938         9747        71.11
2.467     0.987500         9761        80.00
2.581     0.989062         9776        91.43
2.757     0.990625         9792       106.67
3.009     0.992188         9807       128.00
3.067     0.992969         9815       142.22
3.197     0.993750         9823       160.00
3.271     0.994531         9830       182.86
3.491     0.995313         9838       213.33
3.853     0.996094         9846       256.00
4.187     0.996484         9850       284.44
4.611     0.996875         9854       320.00
5.715     0.997266         9857       365.71
6.251     0.997656         9861       426.67
6.891     0.998047         9865       512.00
7.091     0.998242         9867       568.89
8.671     0.998437         9869       640.00
9.631     0.998633         9871       731.43
9.935     0.998828         9873       853.33
11.719     0.999023         9875      1024.00
12.655     0.999121         9876      1137.78
13.503     0.999219         9877      1280.00
13.679     0.999316         9878      1462.86
16.399     0.999414         9879      1706.67
16.479     0.999512         9880      2048.00
16.479     0.999561         9880      2275.56
16.671     0.999609         9881      2560.00
16.671     0.999658         9881      2925.71
16.975     0.999707         9882      3413.33
16.975     0.999756         9882      4096.00
16.975     0.999780         9882      4551.11
17.279     0.999805         9883      5120.00
17.279     0.999829         9883      5851.43
17.279     0.999854         9883      6826.67
17.279     0.999878         9883      8192.00
17.279     0.999890         9883      9102.22
17.359     0.999902         9884     10240.00