0.025     0.000000            1         1.00
0.535     0.100000          201         1.11
0.870     0.200000          402         1.25
1.089     0.300000          601         1.43
1.392     0.400000          800         1.67
1.592     0.500000         1000         2.00
1.728     0.550000         1100         2.22
1.821     0.600000         1200         2.50
1.899     0.650000         1300         2.86
1.999     0.700000         1401         3.33
2.117     0.750000         1503         4.00
2.173     0.775000         1552         4.44
2.237     0.800000         1603         5.00
2.321     0.825000         1650         5.71
2.421     0.850000         1701         6.67
2.575     0.875000         1750         8.00
2.645     0.887500         1776         8.89
2.703     0.900000         1801        10.00
2.789     0.912500         1827        11.43
2.879     0.925000         1850        13.33
3.005     0.937500         1875        16.00
3.081     0.943750         1887        17.78
3.137     0.950000         1900        20.00
3.193     0.956250         1912        22.86
3.273     0.962500         1925        26.67
3.461     0.968750         1937        32.00
3.551     0.971875         1943        35.56
3.663     0.975000         1950        40.00
3.717     0.978125         1956        45.71
3.793     0.981250         1962        53.33
3.989     0.984375         1968        64.00
4.131     0.985938         1971        71.11
4.267     0.987500         1975        80.00
4.475     0.989062         1978        91.43
4.543     0.990625         1981       106.67
4.647     0.992188         1984       128.00
4.663     0.992969         1985       142.22
4.827     0.993750         1987       160.00
4.899     0.994531         1989       182.86
4.923     0.995313         1991       213.33
4.931     0.996094         1992       256.00
4.931     0.996484         1992       284.44
5.111     0.996875         1993       320.00
5.115     0.997266         1994       365.71
5.159     0.997656         1995       426.67
5.267     0.998047         1996       512.00
5.267     0.998242         1996       568.89
5.267     0.998437         1996       640.00
5.523     0.998633         1997       731.43
5.523     0.998828         1997       853.33
6.051     0.999023         1998      1024.00
6.051     0.999121         1998      1137.78
6.051     0.999219         1998      1280.00
6.051     0.999316         1998      1462.86
6.051     0.999414         1998      1706.67
6.419     0.999512         1999      2048.00