0.790     0.000000            1         1.00
1.196     0.100000            6         1.11
1.471     0.200000           12         1.25
1.519     0.300000           18         1.43
1.597     0.400000           24         1.67
1.785     0.500000           30         2.00
1.871     0.550000           33         2.22
1.970     0.600000           36         2.50
2.028     0.650000           39         2.86
2.777     0.700000           42         3.33
2.897     0.750000           45         4.00
2.933     0.775000           47         4.44
3.035     0.800000           48         5.00
3.075     0.825000           50         5.71
3.105     0.850000           51         6.67
3.165     0.875000           53         8.00
3.167     0.887500           54         8.89
3.167     0.900000           54        10.00
3.173     0.912500           55        11.43
3.207     0.925000           56        13.33
3.415     0.937500           57        16.00
3.415     0.943750           57        17.78
3.415     0.950000           57        20.00
3.465     0.956250           58        22.86
3.465     0.962500           58        26.67
3.671     0.968750           59        32.00
3.671     0.971875           59        35.56
3.671     0.975000           59        40.00
3.671     0.978125           59        45.71
3.671     0.981250           59        53.33
3.831     0.984375           60        64.00