Running 10s test @ http://localhost:8080/wrk2-api/review/compose
  1 threads and 100 connections
  Thread Stats   Avg      Stdev     99%   +/- Stdev
    Latency     5.60ms    2.71ms  15.38ms   90.94%
    Req/Sec       -nan      -nan   0.00      0.00%
  Latency Distribution (HdrHistogram - Recorded Latency)
 50.000%    4.80ms
 75.000%    6.34ms
 90.000%    8.14ms
 99.000%   15.38ms
 99.900%   28.70ms
 99.990%   55.42ms
 99.999%   55.42ms
100.000%   55.42ms

  Detailed Percentile spectrum:
       Value   Percentile   TotalCount 1/(1-Percentile)

       3.045     0.000000            1         1.00
       3.751     0.100000          200         1.11
       3.967     0.200000          399         1.25
       4.211     0.300000          598         1.43
       4.495     0.400000          799         1.67
       4.799     0.500000          994         2.00
       4.987     0.550000         1093         2.22
       5.255     0.600000         1194         2.50
       5.507     0.650000         1292         2.86
       5.915     0.700000         1391         3.33
       6.339     0.750000         1492         4.00
       6.555     0.775000         1541         4.44
       6.783     0.800000         1590         5.00
       7.051     0.825000         1640         5.71
       7.327     0.850000         1689         6.67
       7.787     0.875000         1740         8.00
       7.975     0.887500         1764         8.89
       8.139     0.900000         1789        10.00
       8.391     0.912500         1814        11.43
       8.663     0.925000         1838        13.33
       9.031     0.937500         1863        16.00
       9.223     0.943750         1877        17.78
       9.599     0.950000         1888        20.00
       9.951     0.956250         1901        22.86
      10.423     0.962500         1913        26.67
      11.087     0.968750         1925        32.00
      11.607     0.971875         1932        35.56
      11.975     0.975000         1938        40.00
      12.383     0.978125         1944        45.71
      12.767     0.981250         1950        53.33
      13.231     0.984375         1956        64.00
      13.919     0.985938         1960        71.11
      14.399     0.987500         1963        80.00
      15.351     0.989062         1966        91.43
      15.559     0.990625         1969       106.67
      16.135     0.992188         1972       128.00
      17.679     0.992969         1974       142.22
      18.959     0.993750         1975       160.00
      19.167     0.994531         1977       182.86
      19.631     0.995313         1978       213.33
      21.167     0.996094         1980       256.00
      22.799     0.996484         1981       284.44
      22.799     0.996875         1981       320.00
      22.927     0.997266         1982       365.71
      26.399     0.997656         1983       426.67
      26.991     0.998047         1984       512.00
      26.991     0.998242         1984       568.89
      26.991     0.998437         1984       640.00
      28.703     0.998633         1985       731.43
      28.703     0.998828         1985       853.33
      34.911     0.999023         1986      1024.00
      34.911     0.999121         1986      1137.78
      34.911     0.999219         1986      1280.00
      34.911     0.999316         1986      1462.86
      34.911     0.999414         1986      1706.67
      55.423     0.999512         1987      2048.00
      55.423     1.000000         1987          inf
#[Mean    =        5.602, StdDeviation   =        2.706]
#[Max     =       55.392, Total count    =         1987]
#[Buckets =           27, SubBuckets     =         2048]
----------------------------------------------------------
  1988 requests in 10.00s, 702.79KB read
  Socket errors: connect 0, read 0, write 0, timeout 5
  Non-2xx or 3xx responses: 1988
Requests/sec:    198.70
Transfer/sec:     70.24KB
Running 10s test @ http://localhost:8080/wrk2-api/review/compose
  1 threads and 100 connections
  Thread Stats   Avg      Stdev     99%   +/- Stdev
    Latency     6.13ms    2.66ms  15.99ms   86.04%
    Req/Sec       -nan      -nan   0.00      0.00%
  Latency Distribution (HdrHistogram - Recorded Latency)
 50.000%    5.32ms
 75.000%    7.03ms
 90.000%    9.46ms
 99.000%   15.99ms
 99.900%   21.17ms
 99.990%   45.60ms
 99.999%   45.60ms
100.000%   45.60ms

  Detailed Percentile spectrum:
       Value   Percentile   TotalCount 1/(1-Percentile)

       3.069     0.000000            1         1.00
       3.869     0.100000          299         1.11
       4.167     0.200000          598         1.25
       4.491     0.300000          895         1.43
       4.831     0.400000         1192         1.67
       5.319     0.500000         1491         2.00
       5.627     0.550000         1641         2.22
       5.939     0.600000         1790         2.50
       6.287     0.650000         1937         2.86
       6.639     0.700000         2086         3.33
       7.031     0.750000         2235         4.00
       7.303     0.775000         2310         4.44
       7.615     0.800000         2386         5.00
       7.939     0.825000         2460         5.71
       8.319     0.850000         2533         6.67
       8.799     0.875000         2608         8.00
       9.135     0.887500         2645         8.89
       9.463     0.900000         2682        10.00
       9.847     0.912500         2721        11.43
      10.287     0.925000         2757        13.33
      10.719     0.937500         2794        16.00
      10.903     0.943750         2813        17.78
      11.151     0.950000         2831        20.00
      11.607     0.956250         2851        22.86
      11.847     0.962500         2869        26.67
      12.271     0.968750         2888        32.00
      12.487     0.971875         2897        35.56
      12.823     0.975000         2906        40.00
      13.255     0.978125         2916        45.71
      13.847     0.981250         2925        53.33
      14.503     0.984375         2934        64.00
      14.911     0.985938         2939        71.11
      15.287     0.987500         2943        80.00
      15.799     0.989062         2948        91.43
      16.239     0.990625         2953       106.67
      16.447     0.992188         2957       128.00
      16.655     0.992969         2960       142.22
      17.103     0.993750         2962       160.00
      17.151     0.994531         2964       182.86
      17.583     0.995313         2967       213.33
      17.919     0.996094         2969       256.00
      18.175     0.996484         2970       284.44
      18.367     0.996875         2971       320.00
      18.671     0.997266         2972       365.71
      19.855     0.997656         2974       426.67
      20.271     0.998047         2975       512.00
      20.271     0.998242         2975       568.89
      20.575     0.998437         2976       640.00
      20.575     0.998633         2976       731.43
      21.167     0.998828         2977       853.33
      21.695     0.999023         2978      1024.00
      21.695     0.999121         2978      1137.78
      21.695     0.999219         2978      1280.00
      21.695     0.999316         2978      1462.86
      29.151     0.999414         2979      1706.67
      29.151     0.999512         2979      2048.00
      29.151     0.999561         2979      2275.56
      29.151     0.999609         2979      2560.00
      29.151     0.999658         2979      2925.71
      45.599     0.999707         2980      3413.33
      45.599     1.000000         2980          inf
#[Mean    =        6.128, StdDeviation   =        2.661]
#[Max     =       45.568, Total count    =         2980]
#[Buckets =           27, SubBuckets     =         2048]
----------------------------------------------------------
  2981 requests in 10.01s, 1.03MB read
  Socket errors: connect 0, read 0, write 0, timeout 1
  Non-2xx or 3xx responses: 2981
Requests/sec:    297.93
Transfer/sec:    105.32KB
Running 10s test @ http://localhost:8080/wrk2-api/review/compose
  1 threads and 100 connections
  Thread Stats   Avg      Stdev     99%   +/- Stdev
    Latency     7.45ms    4.45ms  26.01ms   89.09%
    Req/Sec       -nan      -nan   0.00      0.00%
  Latency Distribution (HdrHistogram - Recorded Latency)
 50.000%    6.12ms
 75.000%    8.57ms
 90.000%   12.24ms
 99.000%   26.01ms
 99.900%   36.10ms
 99.990%   46.88ms
 99.999%   46.88ms
100.000%   46.88ms

  Detailed Percentile spectrum:
       Value   Percentile   TotalCount 1/(1-Percentile)

       3.097     0.000000            1         1.00
       4.003     0.100000          397         1.11
       4.431     0.200000          794         1.25
       4.855     0.300000         1192         1.43
       5.411     0.400000         1588         1.67
       6.123     0.500000         1987         2.00
       6.467     0.550000         2183         2.22
       6.939     0.600000         2388         2.50
       7.395     0.650000         2580         2.86
       7.939     0.700000         2780         3.33
       8.567     0.750000         2977         4.00
       8.927     0.775000         3076         4.44
       9.303     0.800000         3177         5.00
       9.807     0.825000         3275         5.71
      10.495     0.850000         3375         6.67
      11.271     0.875000         3474         8.00
      11.783     0.887500         3523         8.89
      12.279     0.900000         3574        10.00
      13.007     0.912500         3623        11.43
      13.583     0.925000         3672        13.33
      14.407     0.937500         3721        16.00
      15.103     0.943750         3746        17.78
      15.639     0.950000         3771        20.00
      16.623     0.956250         3796        22.86
      17.615     0.962500         3821        26.67
      18.767     0.968750         3845        32.00
      19.343     0.971875         3858        35.56
      20.271     0.975000         3870        40.00
      21.455     0.978125         3883        45.71
      22.703     0.981250         3896        53.33
      23.983     0.984375         3907        64.00
      24.591     0.985938         3914        71.11
      24.959     0.987500         3920        80.00
      25.615     0.989062         3926        91.43
      26.271     0.990625         3932       106.67
      27.151     0.992188         3938       128.00
      28.303     0.992969         3942       142.22
      28.927     0.993750         3945       160.00
      30.095     0.994531         3948       182.86
      31.631     0.995313         3951       213.33
      32.111     0.996094         3954       256.00
      32.431     0.996484         3956       284.44
      32.575     0.996875         3957       320.00
      33.183     0.997266         3959       365.71
      33.823     0.997656         3960       426.67
      34.143     0.998047         3962       512.00
      34.335     0.998242         3963       568.89
      34.335     0.998437         3963       640.00
      34.847     0.998633         3964       731.43
      36.095     0.998828         3965       853.33
      37.631     0.999023         3966      1024.00
      37.631     0.999121         3966      1137.78
      37.631     0.999219         3966      1280.00
      41.055     0.999316         3967      1462.86
      41.055     0.999414         3967      1706.67
      43.551     0.999512         3968      2048.00
      43.551     0.999561         3968      2275.56
      43.551     0.999609         3968      2560.00
      43.551     0.999658         3968      2925.71
      43.551     0.999707         3968      3413.33
      46.879     0.999756         3969      4096.00
      46.879     1.000000         3969          inf
#[Mean    =        7.445, StdDeviation   =        4.446]
#[Max     =       46.848, Total count    =         3969]
#[Buckets =           27, SubBuckets     =         2048]
----------------------------------------------------------
  3970 requests in 10.00s, 1.37MB read
  Non-2xx or 3xx responses: 3970
Requests/sec:    396.93
Transfer/sec:    140.32KB
Running 10s test @ http://localhost:8080/wrk2-api/review/compose
  1 threads and 100 connections
  Thread Stats   Avg      Stdev     99%   +/- Stdev
    Latency     7.77ms    3.73ms  20.50ms   81.36%
    Req/Sec       -nan      -nan   0.00      0.00%
  Latency Distribution (HdrHistogram - Recorded Latency)
 50.000%    6.80ms
 75.000%    9.20ms
 90.000%   12.49ms
 99.000%   20.50ms
 99.900%   30.70ms
 99.990%   46.01ms
 99.999%   46.01ms
100.000%   46.01ms

  Detailed Percentile spectrum:
       Value   Percentile   TotalCount 1/(1-Percentile)

       3.055     0.000000            1         1.00
       4.327     0.100000          495         1.11
       4.847     0.200000          996         1.25
       5.415     0.300000         1488         1.43
       6.095     0.400000         1980         1.67
       6.799     0.500000         2474         2.00
       7.195     0.550000         2724         2.22
       7.619     0.600000         2969         2.50
       8.083     0.650000         3216         2.86
       8.631     0.700000         3464         3.33
       9.207     0.750000         3713         4.00
       9.583     0.775000         3835         4.44
       9.999     0.800000         3958         5.00
      10.511     0.825000         4082         5.71
      10.983     0.850000         4205         6.67
      11.647     0.875000         4329         8.00
      12.087     0.887500         4391         8.89
      12.495     0.900000         4454        10.00
      12.935     0.912500         4516        11.43
      13.599     0.925000         4577        13.33
      14.263     0.937500         4638        16.00
      14.663     0.943750         4669        17.78
      15.103     0.950000         4700        20.00
      15.639     0.956250         4731        22.86
      16.335     0.962500         4762        26.67
      17.039     0.968750         4793        32.00
      17.375     0.971875         4809        35.56
      17.695     0.975000         4824        40.00
      18.175     0.978125         4839        45.71
      18.719     0.981250         4856        53.33
      19.295     0.984375         4870        64.00
      19.823     0.985938         4878        71.11
      20.031     0.987500         4886        80.00
      20.351     0.989062         4893        91.43
      20.703     0.990625         4901       106.67
      21.263     0.992188         4909       128.00
      21.535     0.992969         4913       142.22
      21.887     0.993750         4917       160.00
      22.143     0.994531         4920       182.86
      22.687     0.995313         4924       213.33
      23.935     0.996094         4928       256.00
      24.815     0.996484         4930       284.44
      26.495     0.996875         4932       320.00
      26.831     0.997266         4934       365.71
      27.551     0.997656         4936       426.67
      29.599     0.998047         4938       512.00
      29.791     0.998242         4939       568.89
      29.823     0.998437         4940       640.00
      30.111     0.998633         4941       731.43
      30.703     0.998828         4943       853.33
      30.703     0.999023         4943      1024.00
      30.703     0.999121         4943      1137.78
      31.855     0.999219         4944      1280.00
      31.855     0.999316         4944      1462.86
      34.655     0.999414         4945      1706.67
      34.655     0.999512         4945      2048.00
      34.655     0.999561         4945      2275.56
      35.103     0.999609         4946      2560.00
      35.103     0.999658         4946      2925.71
      35.103     0.999707         4946      3413.33
      35.103     0.999756         4946      4096.00
      35.103     0.999780         4946      4551.11
      46.015     0.999805         4947      5120.00
      46.015     1.000000         4947          inf
#[Mean    =        7.775, StdDeviation   =        3.730]
#[Max     =       45.984, Total count    =         4947]
#[Buckets =           27, SubBuckets     =         2048]
----------------------------------------------------------
  4948 requests in 10.00s, 1.71MB read
  Non-2xx or 3xx responses: 4948
Requests/sec:    494.83
Transfer/sec:    174.93KB
Running 10s test @ http://localhost:8080/wrk2-api/review/compose
  1 threads and 100 connections
  Thread Stats   Avg      Stdev     99%   +/- Stdev
    Latency     9.55ms    5.07ms  26.93ms   79.73%
    Req/Sec       -nan      -nan   0.00      0.00%
  Latency Distribution (HdrHistogram - Recorded Latency)
 50.000%    8.30ms
 75.000%   11.60ms
 90.000%   15.93ms
 99.000%   26.93ms
 99.900%   43.68ms
 99.990%   55.04ms
 99.999%   56.16ms
100.000%   56.16ms

  Detailed Percentile spectrum:
       Value   Percentile   TotalCount 1/(1-Percentile)

       3.245     0.000000            1         1.00
       4.679     0.100000          597         1.11
       5.559     0.200000         1190         1.25
       6.451     0.300000         1787         1.43
       7.331     0.400000         2379         1.67
       8.295     0.500000         2977         2.00
       8.807     0.550000         3272         2.22
       9.375     0.600000         3570         2.50
      10.063     0.650000         3866         2.86
      10.711     0.700000         4164         3.33
      11.599     0.750000         4461         4.00
      12.023     0.775000         4611         4.44
      12.567     0.800000         4758         5.00
      13.175     0.825000         4907         5.71
      13.919     0.850000         5056         6.67
      14.815     0.875000         5204         8.00
      15.311     0.887500         5278         8.89
      15.951     0.900000         5354        10.00
      16.575     0.912500         5426        11.43
      17.343     0.925000         5501        13.33
      18.399     0.937500         5576        16.00
      18.895     0.943750         5612        17.78
      19.551     0.950000         5649        20.00
      20.143     0.956250         5686        22.86
      20.927     0.962500         5724        26.67
      21.631     0.968750         5763        32.00
      21.967     0.971875         5779        35.56
      22.575     0.975000         5798        40.00
      23.263     0.978125         5816        45.71
      23.903     0.981250         5835        53.33
      24.751     0.984375         5854        64.00
      25.167     0.985938         5863        71.11
      25.839     0.987500         5872        80.00
      26.399     0.989062         5881        91.43
      27.263     0.990625         5891       106.67
      27.823     0.992188         5900       128.00
      28.287     0.992969         5905       142.22
      29.359     0.993750         5909       160.00
      30.255     0.994531         5914       182.86
      31.055     0.995313         5919       213.33
      32.319     0.996094         5923       256.00
      32.591     0.996484         5926       284.44
      33.087     0.996875         5928       320.00
      34.495     0.997266         5930       365.71
      35.743     0.997656         5933       426.67
      37.503     0.998047         5935       512.00
      38.399     0.998242         5936       568.89
      38.943     0.998437         5937       640.00
      40.223     0.998633         5938       731.43
      43.679     0.998828         5940       853.33
      48.511     0.999023         5942      1024.00
      48.511     0.999121         5942      1137.78
      48.511     0.999219         5942      1280.00
      48.511     0.999316         5942      1462.86
      49.791     0.999414         5943      1706.67
      50.207     0.999512         5944      2048.00
      50.207     0.999561         5944      2275.56
      50.207     0.999609         5944      2560.00
      50.207     0.999658         5944      2925.71
      55.039     0.999707         5945      3413.33
      55.039     0.999756         5945      4096.00
      55.039     0.999780         5945      4551.11
      55.039     0.999805         5945      5120.00
      55.039     0.999829         5945      5851.43
      56.159     0.999854         5946      6826.67
      56.159     1.000000         5946          inf
#[Mean    =        9.548, StdDeviation   =        5.067]
#[Max     =       56.128, Total count    =         5946]
#[Buckets =           27, SubBuckets     =         2048]
----------------------------------------------------------
  5947 requests in 10.00s, 2.05MB read
  Non-2xx or 3xx responses: 5947
Requests/sec:    594.67
Transfer/sec:    210.23KB
Running 10s test @ http://localhost:8080/wrk2-api/review/compose
  1 threads and 100 connections
  Thread Stats   Avg      Stdev     99%   +/- Stdev
    Latency    12.67ms    7.01ms  37.38ms   77.29%
    Req/Sec       -nan      -nan   0.00      0.00%
  Latency Distribution (HdrHistogram - Recorded Latency)
 50.000%   10.94ms
 75.000%   15.70ms
 90.000%   21.60ms
 99.000%   37.38ms
 99.900%   50.17ms
 99.990%   62.40ms
 99.999%   74.56ms
100.000%   74.56ms

  Detailed Percentile spectrum:
       Value   Percentile   TotalCount 1/(1-Percentile)

       3.381     0.000000            1         1.00
       5.759     0.100000          695         1.11
       7.139     0.200000         1383         1.25
       8.351     0.300000         2075         1.43
       9.559     0.400000         2767         1.67
      10.943     0.500000         3458         2.00
      11.671     0.550000         3804         2.22
      12.527     0.600000         4148         2.50
      13.423     0.650000         4496         2.86
      14.463     0.700000         4841         3.33
      15.703     0.750000         5185         4.00
      16.447     0.775000         5363         4.44
      17.135     0.800000         5533         5.00
      17.983     0.825000         5705         5.71
      18.927     0.850000         5883         6.67
      20.159     0.875000         6052         8.00
      20.847     0.887500         6138         8.89
      21.599     0.900000         6222        10.00
      22.527     0.912500         6309        11.43
      23.551     0.925000         6395        13.33
      25.039     0.937500         6481        16.00
      25.855     0.943750         6525        17.78
      26.479     0.950000         6568        20.00
      27.295     0.956250         6612        22.86
      28.063     0.962500         6654        26.67
      29.487     0.968750         6697        32.00
      30.143     0.971875         6719        35.56
      30.879     0.975000         6741        40.00
      31.903     0.978125         6763        45.71
      33.055     0.981250         6784        53.33
      34.367     0.984375         6805        64.00
      35.007     0.985938         6816        71.11
      36.191     0.987500         6828        80.00
      36.607     0.989062         6838        91.43
      38.239     0.990625         6849       106.67
      39.135     0.992188         6859       128.00
      39.583     0.992969         6865       142.22
      40.703     0.993750         6870       160.00
      41.311     0.994531         6876       182.86
      42.495     0.995313         6881       213.33
      43.103     0.996094         6886       256.00
      43.679     0.996484         6889       284.44
      43.967     0.996875         6892       320.00
      44.863     0.997266         6895       365.71
      45.599     0.997656         6897       426.67
      46.239     0.998047         6900       512.00
      46.751     0.998242         6901       568.89
      48.575     0.998437         6903       640.00
      49.727     0.998633         6904       731.43
      49.983     0.998828         6905       853.33
      52.383     0.999023         6907      1024.00
      52.383     0.999121         6907      1137.78
      58.303     0.999219         6909      1280.00
      58.303     0.999316         6909      1462.86
      58.303     0.999414         6909      1706.67
      58.335     0.999512         6910      2048.00
      58.335     0.999561         6910      2275.56
      60.287     0.999609         6911      2560.00
      60.287     0.999658         6911      2925.71
      60.287     0.999707         6911      3413.33
      62.399     0.999756         6912      4096.00
      62.399     0.999780         6912      4551.11
      62.399     0.999805         6912      5120.00
      62.399     0.999829         6912      5851.43
      62.399     0.999854         6912      6826.67
      74.559     0.999878         6913      8192.00
      74.559     1.000000         6913          inf
#[Mean    =       12.673, StdDeviation   =        7.010]
#[Max     =       74.496, Total count    =         6913]
#[Buckets =           27, SubBuckets     =         2048]
----------------------------------------------------------
  6914 requests in 10.00s, 2.39MB read
  Non-2xx or 3xx responses: 6914
Requests/sec:    691.27
Transfer/sec:    244.38KB
Running 10s test @ http://localhost:8080/wrk2-api/review/compose
  1 threads and 100 connections
  Thread Stats   Avg      Stdev     99%   +/- Stdev
    Latency    45.05ms   45.17ms 231.68ms   88.60%
    Req/Sec       -nan      -nan   0.00      0.00%
  Latency Distribution (HdrHistogram - Recorded Latency)
 50.000%   29.90ms
 75.000%   53.06ms
 90.000%   97.15ms
 99.000%  231.68ms
 99.900%  357.38ms
 99.990%  418.82ms
 99.999%  420.35ms
100.000%  420.35ms

  Detailed Percentile spectrum:
       Value   Percentile   TotalCount 1/(1-Percentile)

       3.561     0.000000            1         1.00
      11.991     0.100000          781         1.11
      16.031     0.200000         1562         1.25
      20.319     0.300000         2346         1.43
      24.799     0.400000         3126         1.67
      29.903     0.500000         3904         2.00
      33.311     0.550000         4298         2.22
      36.735     0.600000         4685         2.50
      41.055     0.650000         5081         2.86
      46.527     0.700000         5467         3.33
      53.055     0.750000         5856         4.00
      57.215     0.775000         6054         4.44
      62.015     0.800000         6249         5.00
      67.903     0.825000         6443         5.71
      74.559     0.850000         6637         6.67
      84.607     0.875000         6834         8.00
      90.559     0.887500         6932         8.89
      97.151     0.900000         7028        10.00
     103.103     0.912500         7125        11.43
     113.407     0.925000         7223        13.33
     123.263     0.937500         7321        16.00
     128.127     0.943750         7369        17.78
     136.703     0.950000         7420        20.00
     147.455     0.956250         7467        22.86
     156.543     0.962500         7516        26.67
     167.423     0.968750         7564        32.00
     173.695     0.971875         7589        35.56
     178.815     0.975000         7613        40.00
     189.055     0.978125         7638        45.71
     196.223     0.981250         7663        53.33
     204.159     0.984375         7686        64.00
     210.303     0.985938         7699        71.11
     217.343     0.987500         7712        80.00
     225.151     0.989062         7723        91.43
     234.879     0.990625         7735       106.67
     245.759     0.992188         7747       128.00
     249.343     0.992969         7754       142.22
     252.543     0.993750         7760       160.00
     260.095     0.994531         7766       182.86
     267.263     0.995313         7772       213.33
     275.967     0.996094         7778       256.00
     284.671     0.996484         7781       284.44
     291.583     0.996875         7784       320.00
     302.847     0.997266         7787       365.71
     305.151     0.997656         7790       426.67
     320.511     0.998047         7793       512.00
     325.375     0.998242         7795       568.89
     334.335     0.998437         7796       640.00
     348.927     0.998633         7798       731.43
     350.975     0.998828         7799       853.33
     363.263     0.999023         7801      1024.00
     382.207     0.999121         7802      1137.78
     382.207     0.999219         7802      1280.00
     385.535     0.999316         7803      1462.86
     402.175     0.999414         7804      1706.67
     413.439     0.999512         7805      2048.00
     413.439     0.999561         7805      2275.56
     413.439     0.999609         7805      2560.00
     417.023     0.999658         7806      2925.71
     417.023     0.999707         7806      3413.33
     418.815     0.999756         7807      4096.00
     418.815     0.999780         7807      4551.11
     418.815     0.999805         7807      5120.00
     418.815     0.999829         7807      5851.43
     418.815     0.999854         7807      6826.67
     420.351     0.999878         7808      8192.00
     420.351     1.000000         7808          inf
#[Mean    =       45.048, StdDeviation   =       45.169]
#[Max     =      420.096, Total count    =         7808]
#[Buckets =           27, SubBuckets     =         2048]
----------------------------------------------------------
  7809 requests in 10.00s, 2.70MB read
  Non-2xx or 3xx responses: 7809
Requests/sec:    781.00
Transfer/sec:    276.10KB
Running 10s test @ http://localhost:8080/wrk2-api/review/compose
  1 threads and 100 connections
  Thread Stats   Avg      Stdev     99%   +/- Stdev
    Latency   918.20ms  714.73ms   3.07s    70.19%
    Req/Sec       -nan      -nan   0.00      0.00%
  Latency Distribution (HdrHistogram - Recorded Latency)
 50.000%  724.48ms
 75.000%    1.35s 
 90.000%    1.92s 
 99.000%    3.07s 
 99.900%    4.63s 
 99.990%    5.03s 
 99.999%    5.09s 
100.000%    5.09s 

  Detailed Percentile spectrum:
       Value   Percentile   TotalCount 1/(1-Percentile)

       3.799     0.000000            1         1.00
     164.735     0.100000          765         1.11
     286.719     0.200000         1527         1.25
     417.279     0.300000         2289         1.43
     566.271     0.400000         3052         1.67
     724.479     0.500000         3817         2.00
     810.495     0.550000         4198         2.22
     933.375     0.600000         4578         2.50
    1064.959     0.650000         4957         2.86
    1202.175     0.700000         5339         3.33
    1347.583     0.750000         5724         4.00
    1431.551     0.775000         5911         4.44
    1521.663     0.800000         6103         5.00
    1614.847     0.825000         6294         5.71
    1711.103     0.850000         6484         6.67
    1802.239     0.875000         6674         8.00
    1853.439     0.887500         6772         8.89
    1922.047     0.900000         6866        10.00
    1979.391     0.912500         6959        11.43
    2045.951     0.925000         7056        13.33
    2127.871     0.937500         7151        16.00
    2193.407     0.943750         7198        17.78
    2252.799     0.950000         7245        20.00
    2320.383     0.956250         7293        22.86
    2387.967     0.962500         7343        26.67
    2471.935     0.968750         7389        32.00
    2510.847     0.971875         7412        35.56
    2555.903     0.975000         7436        40.00
    2627.583     0.978125         7460        45.71
    2703.359     0.981250         7484        53.33
    2797.567     0.984375         7508        64.00
    2838.527     0.985938         7519        71.11
    2902.015     0.987500         7531        80.00
    3010.559     0.989062         7543        91.43
    3135.487     0.990625         7555       106.67
    3266.559     0.992188         7568       128.00
    3299.327     0.992969         7573       142.22
    3397.631     0.993750         7579       160.00
    3450.879     0.994531         7585       182.86
    3524.607     0.995313         7591       213.33
    3635.199     0.996094         7597       256.00
    3706.879     0.996484         7600       284.44
    3803.135     0.996875         7603       320.00
    3893.247     0.997266         7606       365.71
    4081.663     0.997656         7609       426.67
    4190.207     0.998047         7612       512.00
    4247.551     0.998242         7613       568.89
    4407.295     0.998437         7615       640.00
    4411.391     0.998633         7616       731.43
    4632.575     0.998828         7618       853.33
    4718.591     0.999023         7619      1024.00
    4800.511     0.999121         7620      1137.78
    4816.895     0.999219         7621      1280.00
    4816.895     0.999316         7621      1462.86
    4841.471     0.999414         7622      1706.67
    4980.735     0.999512         7623      2048.00
    4980.735     0.999561         7623      2275.56
    5017.599     0.999609         7624      2560.00
    5017.599     0.999658         7624      2925.71
    5017.599     0.999707         7624      3413.33
    5029.887     0.999756         7625      4096.00
    5029.887     0.999780         7625      4551.11
    5029.887     0.999805         7625      5120.00
    5029.887     0.999829         7625      5851.43
    5029.887     0.999854         7625      6826.67
    5091.327     0.999878         7626      8192.00
    5091.327     1.000000         7626          inf
#[Mean    =      918.196, StdDeviation   =      714.730]
#[Max     =     5087.232, Total count    =         7626]
#[Buckets =           27, SubBuckets     =         2048]
----------------------------------------------------------
  7627 requests in 10.00s, 2.63MB read
  Non-2xx or 3xx responses: 7627
Requests/sec:    762.58
Transfer/sec:    269.58KB
Running 10s test @ http://localhost:8080/wrk2-api/review/compose
  1 threads and 100 connections
  Thread Stats   Avg      Stdev     99%   +/- Stdev
    Latency     1.33s     1.01s    4.21s    66.81%
    Req/Sec       -nan      -nan   0.00      0.00%
  Latency Distribution (HdrHistogram - Recorded Latency)
 50.000%    1.12s 
 75.000%    2.01s 
 90.000%    2.73s 
 99.000%    4.21s 
 99.900%    5.53s 
 99.990%    6.02s 
 99.999%    6.15s 
100.000%    6.15s 

  Detailed Percentile spectrum:
       Value   Percentile   TotalCount 1/(1-Percentile)

       5.183     0.000000            1         1.00
     205.951     0.100000          724         1.11
     401.663     0.200000         1445         1.25
     594.431     0.300000         2167         1.43
     835.071     0.400000         2891         1.67
    1117.183     0.500000         3614         2.00
    1277.951     0.550000         3978         2.22
    1430.527     0.600000         4335         2.50
    1605.631     0.650000         4695         2.86
    1774.591     0.700000         5060         3.33
    2008.063     0.750000         5418         4.00
    2127.871     0.775000         5600         4.44
    2226.175     0.800000         5782         5.00
    2332.671     0.825000         5961         5.71
    2467.839     0.850000         6141         6.67
    2582.527     0.875000         6322         8.00
    2650.111     0.887500         6415         8.89
    2729.983     0.900000         6501        10.00
    2811.903     0.912500         6594        11.43
    2920.447     0.925000         6682        13.33
    3037.183     0.937500         6772        16.00
    3112.959     0.943750         6818        17.78
    3172.351     0.950000         6862        20.00
    3252.223     0.956250         6908        22.86
    3325.951     0.962500         6953        26.67
    3469.311     0.968750         6998        32.00
    3557.375     0.971875         7020        35.56
    3667.967     0.975000         7044        40.00
    3737.599     0.978125         7065        45.71
    3823.615     0.981250         7088        53.33
    3946.495     0.984375         7111        64.00
    4018.175     0.985938         7122        71.11
    4061.183     0.987500         7133        80.00
    4139.007     0.989062         7144        91.43
    4263.935     0.990625         7156       106.67
    4390.911     0.992188         7167       128.00
    4431.871     0.992969         7173       142.22
    4472.831     0.993750         7179       160.00
    4521.983     0.994531         7184       182.86
    4644.863     0.995313         7190       213.33
    4677.631     0.996094         7195       256.00
    4694.015     0.996484         7198       284.44
    4784.127     0.996875         7201       320.00
    4829.183     0.997266         7204       365.71
    4952.063     0.997656         7207       426.67
    5066.751     0.998047         7209       512.00
    5091.327     0.998242         7211       568.89
    5226.495     0.998437         7212       640.00
    5419.007     0.998633         7214       731.43
    5431.295     0.998828         7215       853.33
    5529.599     0.999023         7216      1024.00
    5730.303     0.999121         7217      1137.78
    5738.495     0.999219         7218      1280.00
    5828.607     0.999316         7219      1462.86
    5828.607     0.999414         7219      1706.67
    5967.871     0.999512         7220      2048.00
    5967.871     0.999561         7220      2275.56
    5971.967     0.999609         7221      2560.00
    5971.967     0.999658         7221      2925.71
    5971.967     0.999707         7221      3413.33
    6021.119     0.999756         7222      4096.00
    6021.119     0.999780         7222      4551.11
    6021.119     0.999805         7222      5120.00
    6021.119     0.999829         7222      5851.43
    6021.119     0.999854         7222      6826.67
    6152.191     0.999878         7223      8192.00
    6152.191     1.000000         7223          inf
#[Mean    =     1330.212, StdDeviation   =     1006.887]
#[Max     =     6148.096, Total count    =         7223]
#[Buckets =           27, SubBuckets     =         2048]
----------------------------------------------------------
  7224 requests in 10.00s, 2.49MB read
  Non-2xx or 3xx responses: 7224
Requests/sec:    722.42
Transfer/sec:    255.39KB
Running 10s test @ http://localhost:8080/wrk2-api/review/compose
  1 threads and 100 connections
  Thread Stats   Avg      Stdev     99%   +/- Stdev
    Latency     1.91s     1.34s    5.14s    62.56%
    Req/Sec       -nan      -nan   0.00      0.00%
  Latency Distribution (HdrHistogram - Recorded Latency)
 50.000%    1.69s 
 75.000%    2.90s 
 90.000%    3.83s 
 99.000%    5.14s 
 99.900%    6.19s 
 99.990%    6.37s 
 99.999%    6.37s 
100.000%    6.37s 

  Detailed Percentile spectrum:
       Value   Percentile   TotalCount 1/(1-Percentile)

       4.059     0.000000            1         1.00
     319.487     0.100000          632         1.11
     606.207     0.200000         1261         1.25
     924.671     0.300000         1888         1.43
    1261.567     0.400000         2517         1.67
    1688.575     0.500000         3147         2.00
    1919.999     0.550000         3461         2.22
    2168.831     0.600000         3776         2.50
    2398.207     0.650000         4093         2.86
    2627.583     0.700000         4406         3.33
    2897.919     0.750000         4720         4.00
    3022.847     0.775000         4879         4.44
    3155.967     0.800000         5034         5.00
    3309.567     0.825000         5192         5.71
    3473.407     0.850000         5349         6.67
    3645.439     0.875000         5508         8.00
    3729.407     0.887500         5585         8.89
    3827.711     0.900000         5664        10.00
    3942.399     0.912500         5742        11.43
    4077.567     0.925000         5821        13.33
    4214.783     0.937500         5900        16.00
    4296.703     0.943750         5943        17.78
    4370.431     0.950000         5981        20.00
    4456.447     0.956250         6018        22.86
    4550.655     0.962500         6057        26.67
    4640.767     0.968750         6099        32.00
    4669.439     0.971875         6116        35.56
    4714.495     0.975000         6135        40.00
    4775.935     0.978125         6158        45.71
    4825.087     0.981250         6175        53.33
    4923.391     0.984375         6194        64.00
    4972.543     0.985938         6204        71.11
    5025.791     0.987500         6215        80.00
    5091.327     0.989062         6224        91.43
    5165.055     0.990625         6235       106.67
    5197.823     0.992188         6244       128.00
    5230.591     0.992969         6249       142.22
    5234.687     0.993750         6253       160.00
    5283.839     0.994531         6258       182.86
    5386.239     0.995313         6263       213.33
    5476.351     0.996094         6269       256.00
    5492.735     0.996484         6270       284.44
    5644.287     0.996875         6273       320.00
    5713.919     0.997266         6275       365.71
    5828.607     0.997656         6278       426.67
    5885.951     0.998047         6280       512.00
    5906.431     0.998242         6281       568.89
    6070.271     0.998437         6283       640.00
    6098.943     0.998633         6284       731.43
    6176.767     0.998828         6285       853.33
    6189.055     0.999023         6286      1024.00
    6328.319     0.999121         6287      1137.78
    6332.415     0.999219         6288      1280.00
    6332.415     0.999316         6288      1462.86
    6336.511     0.999414         6289      1706.67
    6336.511     0.999512         6289      2048.00
    6340.607     0.999561         6290      2275.56
    6340.607     0.999609         6290      2560.00
    6340.607     0.999658         6290      2925.71
    6373.375     0.999707         6292      3413.33
    6373.375     1.000000         6292          inf
#[Mean    =     1910.155, StdDeviation   =     1336.509]
#[Max     =     6369.280, Total count    =         6292]
#[Buckets =           27, SubBuckets     =         2048]
----------------------------------------------------------
  6293 requests in 10.00s, 2.17MB read
  Non-2xx or 3xx responses: 6293
Requests/sec:    629.32
Transfer/sec:    222.47KB
Running 10s test @ http://localhost:8080/wrk2-api/review/compose
  1 threads and 100 connections
  Thread Stats   Avg      Stdev     99%   +/- Stdev
    Latency     2.44s     1.48s    5.62s    60.36%
    Req/Sec       -nan      -nan   0.00      0.00%
  Latency Distribution (HdrHistogram - Recorded Latency)
 50.000%    2.40s 
 75.000%    3.57s 
 90.000%    4.47s 
 99.000%    5.62s 
 99.900%    6.11s 
 99.990%    6.38s 
 99.999%    6.42s 
100.000%    6.42s 

  Detailed Percentile spectrum:
       Value   Percentile   TotalCount 1/(1-Percentile)

       7.475     0.000000            1         1.00
     447.487     0.100000          626         1.11
     877.055     0.200000         1252         1.25
    1421.311     0.300000         1878         1.43
    1915.903     0.400000         2503         1.67
    2404.351     0.500000         3131         2.00
    2641.919     0.550000         3442         2.22
    2893.823     0.600000         3758         2.50
    3127.295     0.650000         4071         2.86
    3340.287     0.700000         4382         3.33
    3569.663     0.750000         4694         4.00
    3698.687     0.775000         4851         4.44
    3837.951     0.800000         5006         5.00
    3981.311     0.825000         5164         5.71
    4130.815     0.850000         5321         6.67
    4292.607     0.875000         5478         8.00
    4374.527     0.887500         5556         8.89
    4472.831     0.900000         5633        10.00
    4571.135     0.912500         5712        11.43
    4677.631     0.925000         5789        13.33
    4800.511     0.937500         5868        16.00
    4882.431     0.943750         5909        17.78
    4968.447     0.950000         5945        20.00
    5066.751     0.956250         5984        22.86
    5136.383     0.962500         6024        26.67
    5201.919     0.968750         6062        32.00
    5238.783     0.971875         6084        35.56
    5283.839     0.975000         6104        40.00
    5332.991     0.978125         6121        45.71
    5398.527     0.981250         6140        53.33
    5468.159     0.984375         6162        64.00
    5505.023     0.985938         6171        71.11
    5525.503     0.987500         6179        80.00
    5586.943     0.989062         6190        91.43
    5644.287     0.990625         6199       106.67
    5672.959     0.992188         6210       128.00
    5693.439     0.992969         6214       142.22
    5705.727     0.993750         6218       160.00
    5730.303     0.994531         6223       182.86
    5795.839     0.995313         6229       213.33
    5832.703     0.996094         6233       256.00
    5881.855     0.996484         6237       284.44
    5894.143     0.996875         6238       320.00
    5922.815     0.997266         6240       365.71
    6012.927     0.997656         6243       426.67
    6029.311     0.998047         6245       512.00
    6041.599     0.998242         6247       568.89
    6082.559     0.998437         6248       640.00
    6086.655     0.998633         6249       731.43
    6103.039     0.998828         6250       853.33
    6107.135     0.999023         6251      1024.00
    6127.615     0.999121         6252      1137.78
    6201.343     0.999219         6253      1280.00
    6201.343     0.999316         6253      1462.86
    6205.439     0.999414         6254      1706.67
    6205.439     0.999512         6254      2048.00
    6365.183     0.999561         6255      2275.56
    6365.183     0.999609         6255      2560.00
    6365.183     0.999658         6255      2925.71
    6377.471     0.999707         6256      3413.33
    6377.471     0.999756         6256      4096.00
    6377.471     0.999780         6256      4551.11
    6377.471     0.999805         6256      5120.00
    6377.471     0.999829         6256      5851.43
    6422.527     0.999854         6257      6826.67
    6422.527     1.000000         6257          inf
#[Mean    =     2439.043, StdDeviation   =     1482.204]
#[Max     =     6418.432, Total count    =         6257]
#[Buckets =           27, SubBuckets     =         2048]
----------------------------------------------------------
  6258 requests in 10.00s, 2.16MB read
  Non-2xx or 3xx responses: 6258
Requests/sec:    625.79
Transfer/sec:    221.23KB
Running 10s test @ http://localhost:8080/wrk2-api/review/compose
  1 threads and 100 connections
  Thread Stats   Avg      Stdev     99%   +/- Stdev
    Latency     2.61s     1.38s    5.50s    62.31%
    Req/Sec       -nan      -nan   0.00      0.00%
  Latency Distribution (HdrHistogram - Recorded Latency)
 50.000%    2.58s 
 75.000%    3.68s 
 90.000%    4.49s 
 99.000%    5.50s 
 99.900%    6.10s 
 99.990%    6.32s 
 99.999%    6.42s 
100.000%    6.42s 

  Detailed Percentile spectrum:
       Value   Percentile   TotalCount 1/(1-Percentile)

      29.439     0.000000            1         1.00
     743.423     0.100000          537         1.11
    1244.159     0.200000         1074         1.25
    1763.327     0.300000         1611         1.43
    2228.223     0.400000         2153         1.67
    2582.527     0.500000         2685         2.00
    2760.703     0.550000         2955         2.22
    2957.311     0.600000         3221         2.50
    3201.023     0.650000         3490         2.86
    3436.543     0.700000         3759         3.33
    3676.159     0.750000         4027         4.00
    3768.319     0.775000         4164         4.44
    3876.863     0.800000         4296         5.00
    4018.175     0.825000         4430         5.71
    4177.919     0.850000         4564         6.67
    4341.759     0.875000         4699         8.00
    4407.295     0.887500         4768         8.89
    4493.311     0.900000         4834        10.00
    4587.519     0.912500         4901        11.43
    4694.015     0.925000         4967        13.33
    4816.895     0.937500         5034        16.00
    4870.143     0.943750         5067        17.78
    4927.487     0.950000         5103        20.00
    4988.927     0.956250         5134        22.86
    5038.079     0.962500         5168        26.67
    5115.903     0.968750         5202        32.00
    5152.767     0.971875         5218        35.56
    5189.631     0.975000         5237        40.00
    5242.879     0.978125         5253        45.71
    5287.935     0.981250         5269        53.33
    5345.279     0.984375         5285        64.00
    5373.951     0.985938         5294        71.11
    5423.103     0.987500         5301        80.00
    5480.447     0.989062         5311        91.43
    5521.407     0.990625         5319       106.67
    5599.231     0.992188         5327       128.00
    5631.999     0.992969         5332       142.22
    5664.767     0.993750         5335       160.00
    5693.439     0.994531         5339       182.86
    5738.495     0.995313         5343       213.33
    5799.935     0.996094         5348       256.00
    5832.703     0.996484         5350       284.44
    5873.663     0.996875         5352       320.00
    5885.951     0.997266         5354       365.71
    5947.391     0.997656         5356       426.67
    5996.543     0.998047         5358       512.00
    6008.831     0.998242         5359       568.89
    6033.407     0.998437         5360       640.00
    6041.599     0.998633         5361       731.43
    6049.791     0.998828         5362       853.33
    6103.039     0.999023         5363      1024.00
    6201.343     0.999121         5364      1137.78
    6201.343     0.999219         5364      1280.00
    6283.263     0.999316         5365      1462.86
    6283.263     0.999414         5365      1706.67
    6303.743     0.999512         5366      2048.00
    6303.743     0.999561         5366      2275.56
    6303.743     0.999609         5366      2560.00
    6316.031     0.999658         5367      2925.71
    6316.031     0.999707         5367      3413.33
    6316.031     0.999756         5367      4096.00
    6316.031     0.999780         5367      4551.11
    6316.031     0.999805         5367      5120.00
    6418.431     0.999829         5368      5851.43
    6418.431     1.000000         5368          inf
#[Mean    =     2610.070, StdDeviation   =     1379.921]
#[Max     =     6414.336, Total count    =         5368]
#[Buckets =           27, SubBuckets     =         2048]
----------------------------------------------------------
  5369 requests in 10.00s, 1.85MB read
  Non-2xx or 3xx responses: 5369
Requests/sec:    536.67
Transfer/sec:    189.72KB
Running 10s test @ http://localhost:8080/wrk2-api/review/compose
  1 threads and 100 connections
  Thread Stats   Avg      Stdev     99%   +/- Stdev
    Latency     2.54s     1.58s    5.94s    60.05%
    Req/Sec       -nan      -nan   0.00      0.00%
  Latency Distribution (HdrHistogram - Recorded Latency)
 50.000%    2.43s 
 75.000%    3.79s 
 90.000%    4.77s 
 99.000%    5.94s 
 99.900%    6.55s 
 99.990%    6.79s 
 99.999%    6.99s 
100.000%    6.99s 

  Detailed Percentile spectrum:
       Value   Percentile   TotalCount 1/(1-Percentile)

       6.667     0.000000            1         1.00
     473.087     0.100000          661         1.11
     932.863     0.200000         1323         1.25
    1381.375     0.300000         1983         1.43
    1890.303     0.400000         2643         1.67
    2433.023     0.500000         3305         2.00
    2699.263     0.550000         3636         2.22
    2979.839     0.600000         3966         2.50
    3248.127     0.650000         4298         2.86
    3518.463     0.700000         4627         3.33
    3790.847     0.750000         4956         4.00
    3919.871     0.775000         5122         4.44
    4085.759     0.800000         5286         5.00
    4243.455     0.825000         5452         5.71
    4403.199     0.850000         5617         6.67
    4562.943     0.875000         5782         8.00
    4665.343     0.887500         5866         8.89
    4771.839     0.900000         5950        10.00
    4870.143     0.912500         6033        11.43
    4964.351     0.925000         6115        13.33
    5079.039     0.937500         6194        16.00
    5152.767     0.943750         6238        17.78
    5206.015     0.950000         6277        20.00
    5283.839     0.956250         6318        22.86
    5365.759     0.962500         6360        26.67
    5468.159     0.968750         6401        32.00
    5509.119     0.971875         6421        35.56
    5562.367     0.975000         6441        40.00
    5615.615     0.978125         6464        45.71
    5685.247     0.981250         6483        53.33
    5742.591     0.984375         6503        64.00
    5791.743     0.985938         6515        71.11
    5840.895     0.987500         6524        80.00
    5914.623     0.989062         6537        91.43
    5951.487     0.990625         6545       106.67
    5988.351     0.992188         6555       128.00
    6008.831     0.992969         6560       142.22
    6037.503     0.993750         6565       160.00
    6053.887     0.994531         6570       182.86
    6107.135     0.995313         6576       213.33
    6209.535     0.996094         6582       256.00
    6221.823     0.996484         6584       284.44
    6230.015     0.996875         6586       320.00
    6279.167     0.997266         6588       365.71
    6324.223     0.997656         6591       426.67
    6373.375     0.998047         6594       512.00
    6447.103     0.998242         6595       568.89
    6463.487     0.998437         6596       640.00
    6471.679     0.998633         6598       731.43
    6553.599     0.998828         6599       853.33
    6598.655     0.999023         6600      1024.00
    6602.751     0.999121         6601      1137.78
    6602.751     0.999219         6601      1280.00
    6643.711     0.999316         6602      1462.86
    6668.287     0.999414         6603      1706.67
    6668.287     0.999512         6603      2048.00
    6705.151     0.999561         6604      2275.56
    6705.151     0.999609         6604      2560.00
    6705.151     0.999658         6604      2925.71
    6791.167     0.999707         6605      3413.33
    6791.167     0.999756         6605      4096.00
    6791.167     0.999780         6605      4551.11
    6791.167     0.999805         6605      5120.00
    6791.167     0.999829         6605      5851.43
    6987.775     0.999854         6606      6826.67
    6987.775     1.000000         6606          inf
#[Mean    =     2535.774, StdDeviation   =     1583.343]
#[Max     =     6983.680, Total count    =         6606]
#[Buckets =           27, SubBuckets     =         2048]
----------------------------------------------------------
  6609 requests in 10.00s, 2.28MB read
  Non-2xx or 3xx responses: 6609
Requests/sec:    660.95
Transfer/sec:    233.66KB
Running 10s test @ http://localhost:8080/wrk2-api/review/compose
  1 threads and 100 connections
  Thread Stats   Avg      Stdev     99%   +/- Stdev
    Latency     2.62s     1.69s    6.46s    60.83%
    Req/Sec       -nan      -nan   0.00      0.00%
  Latency Distribution (HdrHistogram - Recorded Latency)
 50.000%    2.38s 
 75.000%    3.88s 
 90.000%    5.05s 
 99.000%    6.46s 
 99.900%    7.00s 
 99.990%    7.35s 
 99.999%    7.36s 
100.000%    7.36s 

  Detailed Percentile spectrum:
       Value   Percentile   TotalCount 1/(1-Percentile)

       8.823     0.000000            1         1.00
     504.319     0.100000          676         1.11
     950.271     0.200000         1352         1.25
    1422.335     0.300000         2028         1.43
    1940.479     0.400000         2704         1.67
    2377.727     0.500000         3380         2.00
    2637.823     0.550000         3720         2.22
    2936.831     0.600000         4056         2.50
    3287.039     0.650000         4395         2.86
    3563.519     0.700000         4732         3.33
    3876.863     0.750000         5073         4.00
    4085.759     0.775000         5239         4.44
    4280.319     0.800000         5409         5.00
    4501.503     0.825000         5577         5.71
    4677.631     0.850000         5747         6.67
    4861.951     0.875000         5916         8.00
    4956.159     0.887500         6002         8.89
    5054.463     0.900000         6087        10.00
    5173.247     0.912500         6169        11.43
    5300.223     0.925000         6256        13.33
    5431.295     0.937500         6339        16.00
    5521.407     0.943750         6382        17.78
    5611.519     0.950000         6422        20.00
    5718.015     0.956250         6467        22.86
    5812.223     0.962500         6507        26.67
    5939.199     0.968750         6550        32.00
    5996.543     0.971875         6570        35.56
    6090.751     0.975000         6591        40.00
    6143.999     0.978125         6614        45.71
    6217.727     0.981250         6634        53.33
    6295.551     0.984375         6656        64.00
    6336.511     0.985938         6665        71.11
    6397.951     0.987500         6676        80.00
    6447.103     0.989062         6687        91.43
    6471.679     0.990625         6697       106.67
    6545.407     0.992188         6708       128.00
    6594.559     0.992969         6713       142.22
    6619.135     0.993750         6718       160.00
    6651.903     0.994531         6724       182.86
    6680.575     0.995313         6729       213.33
    6737.919     0.996094         6734       256.00
    6754.303     0.996484         6737       284.44
    6766.591     0.996875         6739       320.00
    6782.975     0.997266         6742       365.71
    6873.087     0.997656         6745       426.67
    6885.375     0.998047         6747       512.00
    6897.663     0.998242         6749       568.89
    6934.527     0.998437         6750       640.00
    6959.103     0.998633         6751       731.43
    7004.159     0.998828         6753       853.33
    7061.503     0.999023         6754      1024.00
    7147.519     0.999121         6755      1137.78
    7147.519     0.999219         6755      1280.00
    7151.615     0.999316         6756      1462.86
    7229.439     0.999414         6757      1706.67
    7229.439     0.999512         6757      2048.00
    7307.263     0.999561         6758      2275.56
    7307.263     0.999609         6758      2560.00
    7307.263     0.999658         6758      2925.71
    7352.319     0.999707         6759      3413.33
    7352.319     0.999756         6759      4096.00
    7352.319     0.999780         6759      4551.11
    7352.319     0.999805         6759      5120.00
    7352.319     0.999829         6759      5851.43
    7360.511     0.999854         6760      6826.67
    7360.511     1.000000         6760          inf
#[Mean    =     2623.534, StdDeviation   =     1689.790]
#[Max     =     7356.416, Total count    =         6760]
#[Buckets =           27, SubBuckets     =         2048]
----------------------------------------------------------
  6761 requests in 10.00s, 2.33MB read
  Non-2xx or 3xx responses: 6761
Requests/sec:    676.11
Transfer/sec:    239.01KB
