Running 5s test @ http://127.0.0.1:8080
  1 threads and 50 connections
  Thread Stats   Avg      Stdev     99%   +/- Stdev
    Latency   190.93us   58.41us 316.00us   89.14%
    Req/Sec       -nan      -nan   0.00      0.00%
  Latency Distribution (HdrHistogram - Recorded Latency)
 50.000%  175.00us
 75.000%  207.00us
 90.000%  253.00us
 99.000%  316.00us
 99.900%  725.00us
 99.990%    1.50ms
 99.999%    1.50ms
100.000%    1.50ms

  Detailed Percentile spectrum:
       Value   Percentile   TotalCount 1/(1-Percentile)

       0.129     0.000000            1         1.00
       0.151     0.100000          257         1.11
       0.156     0.200000          529         1.25
       0.161     0.300000          771         1.43
       0.168     0.400000          983         1.67
       0.175     0.500000         1227         2.00
       0.179     0.550000         1362         2.22
       0.184     0.600000         1481         2.50
       0.190     0.650000         1606         2.86
       0.197     0.700000         1716         3.33
       0.207     0.750000         1845         4.00
       0.213     0.775000         1902         4.44
       0.222     0.800000         1965         5.00
       0.231     0.825000         2025         5.71
       0.238     0.850000         2089         6.67
       0.244     0.875000         2144         8.00
       0.248     0.887500         2177         8.89
       0.253     0.900000         2209        10.00
       0.258     0.912500         2241        11.43
       0.263     0.925000         2270        13.33
       0.269     0.937500         2303        16.00
       0.272     0.943750         2313        17.78
       0.274     0.950000         2328        20.00
       0.278     0.956250         2346        22.86
       0.281     0.962500         2362        26.67
       0.286     0.968750         2374        32.00
       0.289     0.971875         2382        35.56
       0.292     0.975000         2392        40.00
       0.296     0.978125         2399        45.71
       0.303     0.981250         2408        53.33
       0.306     0.984375         2412        64.00
       0.308     0.985938         2416        71.11
       0.311     0.987500         2420        80.00
       0.315     0.989062         2424        91.43
       0.319     0.990625         2428       106.67
       0.329     0.992188         2431       128.00
       0.343     0.992969         2433       142.22
       0.365     0.993750         2435       160.00
       0.435     0.994531         2437       182.86
       0.443     0.995313         2439       213.33
       0.487     0.996094         2441       256.00
       0.515     0.996484         2442       284.44
       0.523     0.996875         2443       320.00
       0.564     0.997266         2444       365.71
       0.590     0.997656         2445       426.67
       0.612     0.998047         2446       512.00
       0.612     0.998242         2446       568.89
       0.688     0.998437         2447       640.00
       0.688     0.998633         2447       731.43
       0.725     0.998828         2448       853.33
       0.725     0.999023         2448      1024.00
       0.725     0.999121         2448      1137.78
       1.269     0.999219         2449      1280.00
       1.269     0.999316         2449      1462.86
       1.269     0.999414         2449      1706.67
       1.269     0.999512         2449      2048.00
       1.269     0.999561         2449      2275.56
       1.499     0.999609         2450      2560.00
       1.499     1.000000         2450          inf
#[Mean    =        0.191, StdDeviation   =        0.058]
#[Max     =        1.499, Total count    =         2450]
#[Buckets =           27, SubBuckets     =         2048]
----------------------------------------------------------
  2451 requests in 5.00s, 2.09MB read
Requests/sec:    489.74
Transfer/sec:    428.52KB
Running 5s test @ http://127.0.0.1:8080
  1 threads and 50 connections
  Thread Stats   Avg      Stdev     99%   +/- Stdev
    Latency   713.85us  284.79us   1.32ms   79.22%
    Req/Sec       -nan      -nan   0.00      0.00%
  Latency Distribution (HdrHistogram - Recorded Latency)
 50.000%  697.00us
 75.000%    0.86ms
 90.000%    1.00ms
 99.000%    1.32ms
 99.900%    3.71ms
 99.990%    9.08ms
 99.999%   10.38ms
100.000%   10.38ms

  Detailed Percentile spectrum:
       Value   Percentile   TotalCount 1/(1-Percentile)

       0.156     0.000000            1         1.00
       0.422     0.100000         4974         1.11
       0.496     0.200000         9986         1.25
       0.565     0.300000        14914         1.43
       0.634     0.400000        19915         1.67
       0.697     0.500000        24851         2.00
       0.729     0.550000        27333         2.22
       0.761     0.600000        29833         2.50
       0.793     0.650000        32337         2.86
       0.825     0.700000        34781         3.33
       0.859     0.750000        37257         4.00
       0.878     0.775000        38505         4.44
       0.898     0.800000        39758         5.00
       0.921     0.825000        41019         5.71
       0.944     0.850000        42210         6.67
       0.970     0.875000        43465         8.00
       0.984     0.887500        44082         8.89
       1.000     0.900000        44694        10.00
       1.019     0.912500        45312        11.43
       1.040     0.925000        45941        13.33
       1.066     0.937500        46571        16.00
       1.080     0.943750        46862        17.78
       1.095     0.950000        47174        20.00
       1.116     0.956250        47499        22.86
       1.136     0.962500        47794        26.67
       1.158     0.968750        48106        32.00
       1.173     0.971875        48264        35.56
       1.188     0.975000        48416        40.00
       1.205     0.978125        48573        45.71
       1.223     0.981250        48724        53.33
       1.250     0.984375        48882        64.00
       1.264     0.985938        48957        71.11
       1.281     0.987500        49037        80.00
       1.304     0.989062        49112        91.43
       1.328     0.990625        49190       106.67
       1.365     0.992188        49268       128.00
       1.390     0.992969        49307       142.22
       1.408     0.993750        49345       160.00
       1.438     0.994531        49384       182.86
       1.490     0.995313        49423       213.33
       1.607     0.996094        49463       256.00
       1.652     0.996484        49481       284.44
       1.703     0.996875        49500       320.00
       1.792     0.997266        49521       365.71
       2.027     0.997656        49539       426.67
       2.197     0.998047        49559       512.00
       2.221     0.998242        49568       568.89
       2.291     0.998437        49578       640.00
       2.353     0.998633        49588       731.43
       2.603     0.998828        49597       853.33
       3.731     0.999023        49608      1024.00
       3.753     0.999121        49612      1137.78
       3.817     0.999219        49617      1280.00
       3.859     0.999316        49622      1462.86
       4.843     0.999414        49627      1706.67
       4.863     0.999512        49632      2048.00
       4.915     0.999561        49634      2275.56
       4.919     0.999609        49636      2560.00
       4.947     0.999658        49639      2925.71
       6.199     0.999707        49641      3413.33
       6.319     0.999756        49643      4096.00
       6.375     0.999780        49645      4551.11
       6.379     0.999805        49646      5120.00
       6.383     0.999829        49647      5851.43
       6.387     0.999854        49648      6826.67
       9.063     0.999878        49649      8192.00
       9.079     0.999890        49650      9102.22
       9.103     0.999902        49651     10240.00
       9.103     0.999915        49651     11702.86
      10.263     0.999927        49652     13653.33
      10.263     0.999939        49652     16384.00
      10.271     0.999945        49653     18204.44
      10.271     0.999951        49653     20480.00
      10.271     0.999957        49653     23405.71
      10.319     0.999963        49654     27306.67
      10.319     0.999969        49654     32768.00
      10.319     0.999973        49654     36408.89
      10.319     0.999976        49654     40960.00
      10.319     0.999979        49654     46811.43
      10.375     0.999982        49655     54613.33
      10.375     1.000000        49655          inf
#[Mean    =        0.714, StdDeviation   =        0.285]
#[Max     =       10.368, Total count    =        49655]
#[Buckets =           27, SubBuckets     =         2048]
----------------------------------------------------------
  49673 requests in 5.00s, 42.45MB read
Requests/sec:   9934.66
Transfer/sec:      8.49MB
Running 5s test @ http://127.0.0.1:8080
  1 threads and 50 connections
  Thread Stats   Avg      Stdev     99%   +/- Stdev
    Latency     0.97ms  336.75us   1.87ms   69.09%
    Req/Sec       -nan      -nan   0.00      0.00%
  Latency Distribution (HdrHistogram - Recorded Latency)
 50.000%    0.91ms
 75.000%    1.20ms
 90.000%    1.40ms
 99.000%    1.87ms
 99.900%    2.72ms
 99.990%    3.88ms
 99.999%    4.73ms
100.000%    4.78ms

  Detailed Percentile spectrum:
       Value   Percentile   TotalCount 1/(1-Percentile)

       0.170     0.000000            1         1.00
       0.588     0.100000         7456         1.11
       0.670     0.200000        14985         1.25
       0.740     0.300000        22446         1.43
       0.814     0.400000        29837         1.67
       0.908     0.500000        37325         2.00
       0.967     0.550000        41051         2.22
       1.032     0.600000        44769         2.50
       1.091     0.650000        48445         2.86
       1.148     0.700000        52179         3.33
       1.204     0.750000        55954         4.00
       1.232     0.775000        57799         4.44
       1.263     0.800000        59672         5.00
       1.292     0.825000        61516         5.71
       1.324     0.850000        63369         6.67
       1.360     0.875000        65269         8.00
       1.379     0.887500        66150         8.89
       1.402     0.900000        67115        10.00
       1.425     0.912500        68012        11.43
       1.451     0.925000        68953        13.33
       1.479     0.937500        69881        16.00
       1.495     0.943750        70338        17.78
       1.513     0.950000        70808        20.00
       1.537     0.956250        71289        22.86
       1.564     0.962500        71738        26.67
       1.603     0.968750        72212        32.00
       1.627     0.971875        72439        35.56
       1.654     0.975000        72670        40.00
       1.686     0.978125        72904        45.71
       1.725     0.981250        73135        53.33
       1.776     0.984375        73372        64.00
       1.803     0.985938        73482        71.11
       1.828     0.987500        73599        80.00
       1.854     0.989062        73716        91.43
       1.883     0.990625        73835       106.67
       1.914     0.992188        73950       128.00
       1.934     0.992969        74007       142.22
       1.956     0.993750        74066       160.00
       1.978     0.994531        74124       182.86
       2.010     0.995313        74181       213.33
       2.053     0.996094        74240       256.00
       2.079     0.996484        74269       284.44
       2.115     0.996875        74298       320.00
       2.151     0.997266        74327       365.71
       2.239     0.997656        74356       426.67
       2.377     0.998047        74385       512.00
       2.427     0.998242        74399       568.89
       2.529     0.998437        74415       640.00
       2.567     0.998633        74429       731.43
       2.647     0.998828        74443       853.33
       2.731     0.999023        74458      1024.00
       2.753     0.999121        74465      1137.78
       2.829     0.999219        74472      1280.00
       2.943     0.999316        74480      1462.86
       3.033     0.999414        74487      1706.67
       3.167     0.999512        74494      2048.00
       3.181     0.999561        74498      2275.56
       3.295     0.999609        74501      2560.00
       3.307     0.999658        74505      2925.71
       3.357     0.999707        74509      3413.33
       3.391     0.999756        74513      4096.00
       3.423     0.999780        74514      4551.11
       3.607     0.999805        74516      5120.00
       3.663     0.999829        74518      5851.43
       3.867     0.999854        74520      6826.67
       3.869     0.999878        74521      8192.00
       3.871     0.999890        74522      9102.22
       3.875     0.999902        74523     10240.00
       3.887     0.999915        74525     11702.86
       3.887     0.999927        74525     13653.33
       3.897     0.999939        74526     16384.00
       3.897     0.999945        74526     18204.44
       3.909     0.999951        74527     20480.00
       3.909     0.999957        74527     23405.71
       4.707     0.999963        74528     27306.67
       4.707     0.999969        74528     32768.00
       4.707     0.999973        74528     36408.89
       4.731     0.999976        74529     40960.00
       4.731     0.999979        74529     46811.43
       4.731     0.999982        74529     54613.33
       4.731     0.999985        74529     65536.00
       4.731     0.999986        74529     72817.78
       4.783     0.999988        74530     81920.00
       4.783     1.000000        74530          inf
#[Mean    =        0.965, StdDeviation   =        0.337]
#[Max     =        4.780, Total count    =        74530]
#[Buckets =           27, SubBuckets     =         2048]
----------------------------------------------------------
  74533 requests in 5.00s, 63.69MB read
Requests/sec:  14906.71
Transfer/sec:     12.74MB
Running 5s test @ http://127.0.0.1:8080
  1 threads and 50 connections
  Thread Stats   Avg      Stdev     99%   +/- Stdev
    Latency     1.20ms  453.58us   2.52ms   70.62%
    Req/Sec       -nan      -nan   0.00      0.00%
  Latency Distribution (HdrHistogram - Recorded Latency)
 50.000%    1.09ms
 75.000%    1.48ms
 90.000%    1.81ms
 99.000%    2.52ms
 99.900%    3.30ms
 99.990%    4.59ms
 99.999%    4.69ms
100.000%    4.70ms

  Detailed Percentile spectrum:
       Value   Percentile   TotalCount 1/(1-Percentile)

       0.189     0.000000            1         1.00
       0.707     0.100000         9965         1.11
       0.810     0.200000        19957         1.25
       0.899     0.300000        29859         1.43
       0.992     0.400000        39826         1.67
       1.093     0.500000        49767         2.00
       1.154     0.550000        54713         2.22
       1.226     0.600000        59690         2.50
       1.305     0.650000        64656         2.86
       1.394     0.700000        69601         3.33
       1.484     0.750000        74553         4.00
       1.530     0.775000        77070         4.44
       1.577     0.800000        79533         5.00
       1.627     0.825000        81991         5.71
       1.679     0.850000        84501         6.67
       1.740     0.875000        87004         8.00
       1.773     0.887500        88233         8.89
       1.812     0.900000        89451        10.00
       1.852     0.912500        90710        11.43
       1.905     0.925000        91932        13.33
       1.957     0.937500        93180        16.00
       1.989     0.943750        93809        17.78
       2.025     0.950000        94417        20.00
       2.065     0.956250        95051        22.86
       2.113     0.962500        95661        26.67
       2.175     0.968750        96296        32.00
       2.211     0.971875        96598        35.56
       2.251     0.975000        96898        40.00
       2.291     0.978125        97209        45.71
       2.339     0.981250        97532        53.33
       2.383     0.984375        97829        64.00
       2.417     0.985938        97991        71.11
       2.451     0.987500        98139        80.00
       2.491     0.989062        98295        91.43
       2.539     0.990625        98450       106.67
       2.593     0.992188        98605       128.00
       2.629     0.992969        98683       142.22
       2.657     0.993750        98764       160.00
       2.701     0.994531        98840       182.86
       2.753     0.995313        98916       213.33
       2.811     0.996094        98993       256.00
       2.847     0.996484        99035       284.44
       2.885     0.996875        99072       320.00
       2.967     0.997266        99112       365.71
       3.023     0.997656        99149       426.67
       3.061     0.998047        99187       512.00
       3.099     0.998242        99209       568.89
       3.117     0.998437        99227       640.00
       3.159     0.998633        99247       731.43
       3.239     0.998828        99266       853.33
       3.299     0.999023        99284      1024.00
       3.327     0.999121        99294      1137.78
       3.383     0.999219        99305      1280.00
       3.409     0.999316        99314      1462.86
       3.451     0.999414        99324      1706.67
       3.529     0.999512        99333      2048.00
       3.651     0.999561        99338      2275.56
       4.379     0.999609        99343      2560.00
       4.427     0.999658        99348      2925.71
       4.463     0.999707        99352      3413.33
       4.519     0.999756        99357      4096.00
       4.551     0.999780        99361      4551.11
       4.555     0.999805        99362      5120.00
       4.559     0.999829        99365      5851.43
       4.567     0.999854        99368      6826.67
       4.575     0.999878        99369      8192.00
       4.595     0.999890        99371      9102.22
       4.607     0.999902        99372     10240.00
       4.619     0.999915        99373     11702.86
       4.627     0.999927        99375     13653.33
       4.627     0.999939        99375     16384.00
       4.643     0.999945        99376     18204.44
       4.667     0.999951        99377     20480.00
       4.667     0.999957        99377     23405.71
       4.679     0.999963        99379     27306.67
       4.679     0.999969        99379     32768.00
       4.679     0.999973        99379     36408.89
       4.679     0.999976        99379     40960.00
       4.679     0.999979        99379     46811.43
       4.687     0.999982        99380     54613.33
       4.687     0.999985        99380     65536.00
       4.687     0.999986        99380     72817.78
       4.687     0.999988        99380     81920.00
       4.687     0.999989        99380     93622.86
       4.699     0.999991        99381    109226.67
       4.699     1.000000        99381          inf
#[Mean    =        1.197, StdDeviation   =        0.454]
#[Max     =        4.696, Total count    =        99381]
#[Buckets =           27, SubBuckets     =         2048]
----------------------------------------------------------
  99400 requests in 5.00s, 84.94MB read
Requests/sec:  19879.78
Transfer/sec:     16.99MB
Running 5s test @ http://127.0.0.1:8080
  1 threads and 50 connections
  Thread Stats   Avg      Stdev     99%   +/- Stdev
    Latency     2.38ms    0.99ms   5.52ms   74.96%
    Req/Sec       -nan      -nan   0.00      0.00%
  Latency Distribution (HdrHistogram - Recorded Latency)
 50.000%    2.18ms
 75.000%    2.82ms
 90.000%    3.67ms
 99.000%    5.52ms
 99.900%    9.05ms
 99.990%   10.75ms
 99.999%   10.90ms
100.000%   10.90ms

  Detailed Percentile spectrum:
       Value   Percentile   TotalCount 1/(1-Percentile)

       0.213     0.000000            1         1.00
       1.379     0.100000        12450         1.11
       1.630     0.200000        24897         1.25
       1.817     0.300000        37280         1.43
       1.998     0.400000        49734         1.67
       2.177     0.500000        62109         2.00
       2.273     0.550000        68304         2.22
       2.381     0.600000        74514         2.50
       2.505     0.650000        80792         2.86
       2.653     0.700000        86958         3.33
       2.821     0.750000        93165         4.00
       2.929     0.775000        96279         4.44
       3.049     0.800000        99363         5.00
       3.185     0.825000       102465         5.71
       3.337     0.850000       105559         6.67
       3.507     0.875000       108686         8.00
       3.585     0.887500       110225         8.89
       3.673     0.900000       111788        10.00
       3.763     0.912500       113325        11.43
       3.865     0.925000       114881        13.33
       4.007     0.937500       116431        16.00
       4.089     0.943750       117206        17.78
       4.183     0.950000       117999        20.00
       4.303     0.956250       118761        22.86
       4.451     0.962500       119543        26.67
       4.623     0.968750       120330        32.00
       4.703     0.971875       120702        35.56
       4.811     0.975000       121097        40.00
       4.919     0.978125       121473        45.71
       5.047     0.981250       121869        53.33
       5.175     0.984375       122252        64.00
       5.251     0.985938       122441        71.11
       5.351     0.987500       122638        80.00
       5.455     0.989062       122828        91.43
       5.579     0.990625       123022       106.67
       5.727     0.992188       123223       128.00
       5.835     0.992969       123318       142.22
       5.947     0.993750       123411       160.00
       6.055     0.994531       123509       182.86
       6.195     0.995313       123606       213.33
       6.407     0.996094       123701       256.00
       6.651     0.996484       123750       284.44
       6.803     0.996875       123799       320.00
       7.079     0.997266       123847       365.71
       7.287     0.997656       123895       426.67
       7.563     0.998047       123944       512.00
       7.699     0.998242       123968       568.89
       7.879     0.998437       123992       640.00
       8.095     0.998633       124017       731.43
       8.463     0.998828       124041       853.33
       9.055     0.999023       124066      1024.00
       9.199     0.999121       124077      1137.78
       9.319     0.999219       124090      1280.00
       9.383     0.999316       124102      1462.86
       9.559     0.999414       124114      1706.67
       9.663     0.999512       124127      2048.00
       9.791     0.999561       124132      2275.56
       9.951     0.999609       124139      2560.00
      10.007     0.999658       124144      2925.71
      10.087     0.999707       124150      3413.33
      10.159     0.999756       124158      4096.00
      10.191     0.999780       124159      4551.11
      10.631     0.999805       124163      5120.00
      10.679     0.999829       124165      5851.43
      10.703     0.999854       124168      6826.67
      10.743     0.999878       124172      8192.00
      10.751     0.999890       124174      9102.22
      10.751     0.999902       124174     10240.00
      10.791     0.999915       124177     11702.86
      10.791     0.999927       124177     13653.33
      10.815     0.999939       124181     16384.00
      10.815     0.999945       124181     18204.44
      10.815     0.999951       124181     20480.00
      10.815     0.999957       124181     23405.71
      10.823     0.999963       124182     27306.67
      10.863     0.999969       124183     32768.00
      10.863     0.999973       124183     36408.89
      10.863     0.999976       124183     40960.00
      10.887     0.999979       124184     46811.43
      10.887     0.999982       124184     54613.33
      10.895     0.999985       124185     65536.00
      10.895     0.999986       124185     72817.78
      10.895     0.999988       124185     81920.00
      10.895     0.999989       124185     93622.86
      10.895     0.999991       124185    109226.67
      10.903     0.999992       124186    131072.00
      10.903     1.000000       124186          inf
#[Mean    =        2.383, StdDeviation   =        0.986]
#[Max     =       10.896, Total count    =       124186]
#[Buckets =           27, SubBuckets     =         2048]
----------------------------------------------------------
  124246 requests in 5.00s, 106.17MB read
Requests/sec:  24843.78
Transfer/sec:     21.23MB
Running 5s test @ http://127.0.0.1:8080
  1 threads and 50 connections
  Thread Stats   Avg      Stdev     99%   +/- Stdev
    Latency     3.51ms    1.30ms   7.43ms   72.65%
    Req/Sec       -nan      -nan   0.00      0.00%
  Latency Distribution (HdrHistogram - Recorded Latency)
 50.000%    3.17ms
 75.000%    4.34ms
 90.000%    5.24ms
 99.000%    7.43ms
 99.900%   10.17ms
 99.990%   11.53ms
 99.999%   12.62ms
100.000%   12.68ms

  Detailed Percentile spectrum:
       Value   Percentile   TotalCount 1/(1-Percentile)

       0.228     0.000000            1         1.00
       2.153     0.100000        14923         1.11
       2.489     0.200000        29859         1.25
       2.717     0.300000        44819         1.43
       2.927     0.400000        59701         1.67
       3.169     0.500000        74534         2.00
       3.323     0.550000        82035         2.22
       3.517     0.600000        89481         2.50
       3.783     0.650000        96924         2.86
       4.069     0.700000       104336         3.33
       4.339     0.750000       111787         4.00
       4.467     0.775000       115537         4.44
       4.603     0.800000       119338         5.00
       4.747     0.825000       123021         5.71
       4.887     0.850000       126730         6.67
       5.063     0.875000       130456         8.00
       5.147     0.887500       132320         8.89
       5.243     0.900000       134159        10.00
       5.359     0.912500       136049        11.43
       5.487     0.925000       137902        13.33
       5.635     0.937500       139758        16.00
       5.735     0.943750       140669        17.78
       5.851     0.950000       141613        20.00
       5.987     0.956250       142557        22.86
       6.143     0.962500       143475        26.67
       6.331     0.968750       144411        32.00
       6.423     0.971875       144862        35.56
       6.523     0.975000       145321        40.00
       6.651     0.978125       145794        45.71
       6.787     0.981250       146257        53.33
       7.003     0.984375       146735        64.00
       7.127     0.985938       146953        71.11
       7.263     0.987500       147187        80.00
       7.383     0.989062       147423        91.43
       7.491     0.990625       147652       106.67
       7.687     0.992188       147887       128.00
       7.803     0.992969       148001       142.22
       7.927     0.993750       148118       160.00
       8.007     0.994531       148237       182.86
       8.183     0.995313       148352       213.33
       8.343     0.996094       148467       256.00
       8.551     0.996484       148527       284.44
       8.735     0.996875       148583       320.00
       8.991     0.997266       148642       365.71
       9.135     0.997656       148698       426.67
       9.255     0.998047       148757       512.00
       9.391     0.998242       148787       568.89
       9.487     0.998437       148815       640.00
       9.607     0.998633       148846       731.43
       9.815     0.998828       148874       853.33
      10.223     0.999023       148902      1024.00
      10.351     0.999121       148917      1137.78
      10.567     0.999219       148932      1280.00
      10.631     0.999316       148946      1462.86
      10.711     0.999414       148963      1706.67
      10.751     0.999512       148976      2048.00
      10.767     0.999561       148982      2275.56
      10.815     0.999609       148989      2560.00
      10.903     0.999658       148997      2925.71
      11.039     0.999707       149008      3413.33
      11.071     0.999756       149011      4096.00
      11.223     0.999780       149015      4551.11
      11.271     0.999805       149019      5120.00
      11.327     0.999829       149023      5851.43
      11.343     0.999854       149026      6826.67
      11.415     0.999878       149030      8192.00
      11.423     0.999890       149031      9102.22
      11.535     0.999902       149033     10240.00
      11.631     0.999915       149035     11702.86
      11.663     0.999927       149037     13653.33
      11.695     0.999939       149038     16384.00
      11.911     0.999945       149039     18204.44
      11.919     0.999951       149040     20480.00
      11.959     0.999957       149041     23405.71
      12.119     0.999963       149042     27306.67
      12.127     0.999969       149043     32768.00
      12.127     0.999973       149043     36408.89
      12.239     0.999976       149044     40960.00
      12.239     0.999979       149044     46811.43
      12.247     0.999982       149045     54613.33
      12.247     0.999985       149045     65536.00
      12.247     0.999986       149045     72817.78
      12.623     0.999988       149046     81920.00
      12.623     0.999989       149046     93622.86
      12.623     0.999991       149046    109226.67
      12.623     0.999992       149046    131072.00
      12.623     0.999993       149046    145635.56
      12.679     0.999994       149047    163840.00
      12.679     1.000000       149047          inf
#[Mean    =        3.510, StdDeviation   =        1.304]
#[Max     =       12.672, Total count    =       149047]
#[Buckets =           27, SubBuckets     =         2048]
----------------------------------------------------------
  149139 requests in 5.00s, 127.44MB read
Requests/sec:  29822.94
Transfer/sec:     25.48MB
Running 5s test @ http://127.0.0.1:8080
  1 threads and 50 connections
  Thread Stats   Avg      Stdev     99%   +/- Stdev
    Latency     5.11ms    2.23ms  13.82ms   76.88%
    Req/Sec       -nan      -nan   0.00      0.00%
  Latency Distribution (HdrHistogram - Recorded Latency)
 50.000%    4.81ms
 75.000%    6.06ms
 90.000%    7.64ms
 99.000%   13.82ms
 99.900%   18.59ms
 99.990%   20.42ms
 99.999%   22.13ms
100.000%   24.30ms

  Detailed Percentile spectrum:
       Value   Percentile   TotalCount 1/(1-Percentile)

       0.242     0.000000            1         1.00
       2.791     0.100000        17422         1.11
       3.345     0.200000        34813         1.25
       3.799     0.300000        52244         1.43
       4.275     0.400000        69684         1.67
       4.807     0.500000        86981         2.00
       5.091     0.550000        95761         2.22
       5.339     0.600000       104381         2.50
       5.571     0.650000       113129         2.86
       5.799     0.700000       121889         3.33
       6.063     0.750000       130526         4.00
       6.223     0.775000       134868         4.44
       6.403     0.800000       139200         5.00
       6.611     0.825000       143494         5.71
       6.871     0.850000       147888         6.67
       7.219     0.875000       152187         8.00
       7.407     0.887500       154412         8.89
       7.635     0.900000       156560        10.00
       7.899     0.912500       158722        11.43
       8.239     0.925000       160915        13.33
       8.599     0.937500       163053        16.00
       8.807     0.943750       164145        17.78
       9.039     0.950000       165246        20.00
       9.295     0.956250       166331        22.86
       9.615     0.962500       167412        26.67
      10.239     0.968750       168506        32.00
      10.575     0.971875       169031        35.56
      10.935     0.975000       169575        40.00
      11.255     0.978125       170123        45.71
      11.679     0.981250       170662        53.33
      12.399     0.984375       171203        64.00
      12.711     0.985938       171482        71.11
      13.119     0.987500       171746        80.00
      13.639     0.989062       172018        91.43
      13.911     0.990625       172291       106.67
      14.135     0.992188       172563       128.00
      14.231     0.992969       172700       142.22
      14.319     0.993750       172836       160.00
      14.471     0.994531       172970       182.86
      14.615     0.995313       173106       213.33
      15.015     0.996094       173244       256.00
      15.255     0.996484       173310       284.44
      15.439     0.996875       173382       320.00
      15.599     0.997266       173446       365.71
      15.839     0.997656       173513       426.67
      16.151     0.998047       173581       512.00
      16.495     0.998242       173616       568.89
      17.103     0.998437       173649       640.00
      17.759     0.998633       173683       731.43
      18.383     0.998828       173717       853.33
      18.607     0.999023       173754      1024.00
      18.719     0.999121       173770      1137.78
      18.815     0.999219       173788      1280.00
      19.055     0.999316       173803      1462.86
      19.343     0.999414       173820      1706.67
      19.535     0.999512       173837      2048.00
      19.647     0.999561       173846      2275.56
      19.711     0.999609       173854      2560.00
      19.951     0.999658       173862      2925.71
      20.031     0.999707       173870      3413.33
      20.143     0.999756       173878      4096.00
      20.191     0.999780       173887      4551.11
      20.191     0.999805       173887      5120.00
      20.271     0.999829       173891      5851.43
      20.335     0.999854       173897      6826.67
      20.367     0.999878       173901      8192.00
      20.367     0.999890       173901      9102.22
      20.431     0.999902       173904     10240.00
      20.735     0.999915       173907     11702.86
      21.007     0.999927       173908     13653.33
      21.071     0.999939       173910     16384.00
      21.487     0.999945       173911     18204.44
      21.615     0.999951       173912     20480.00
      21.871     0.999957       173913     23405.71
      22.079     0.999963       173915     27306.67
      22.079     0.999969       173915     32768.00
      22.127     0.999973       173918     36408.89
      22.127     0.999976       173918     40960.00
      22.127     0.999979       173918     46811.43
      22.127     0.999982       173918     54613.33
      22.127     0.999985       173918     65536.00
      22.127     0.999986       173918     72817.78
      22.127     0.999988       173918     81920.00
      22.687     0.999989       173919     93622.86
      22.687     0.999991       173919    109226.67
      22.687     0.999992       173919    131072.00
      22.687     0.999993       173919    145635.56
      22.687     0.999994       173919    163840.00
      24.303     0.999995       173920    187245.71
      24.303     1.000000       173920          inf
#[Mean    =        5.106, StdDeviation   =        2.229]
#[Max     =       24.288, Total count    =       173920]
#[Buckets =           27, SubBuckets     =         2048]
----------------------------------------------------------
  173933 requests in 5.00s, 148.63MB read
Requests/sec:  34763.85
Transfer/sec:     29.71MB
Running 5s test @ http://127.0.0.1:8080
  1 threads and 50 connections
  Thread Stats   Avg      Stdev     99%   +/- Stdev
    Latency     9.22ms    6.11ms  30.40ms   82.29%
    Req/Sec       -nan      -nan   0.00      0.00%
  Latency Distribution (HdrHistogram - Recorded Latency)
 50.000%    7.45ms
 75.000%   10.83ms
 90.000%   17.84ms
 99.000%   30.40ms
 99.900%   35.58ms
 99.990%   40.51ms
 99.999%   43.52ms
100.000%   43.68ms

  Detailed Percentile spectrum:
       Value   Percentile   TotalCount 1/(1-Percentile)

       0.206     0.000000            2         1.00
       3.837     0.100000        19877         1.11
       4.731     0.200000        39764         1.25
       5.679     0.300000        59587         1.43
       6.623     0.400000        79441         1.67
       7.451     0.500000        99290         2.00
       7.859     0.550000       109235         2.22
       8.375     0.600000       119155         2.50
       8.935     0.650000       129105         2.86
       9.727     0.700000       138957         3.33
      10.831     0.750000       148874         4.00
      11.495     0.775000       153844         4.44
      12.295     0.800000       158783         5.00
      13.247     0.825000       163736         5.71
      14.439     0.850000       168707         6.67
      15.887     0.875000       173655         8.00
      16.751     0.887500       176131         8.89
      17.839     0.900000       178627        10.00
      18.991     0.912500       181088        11.43
      20.415     0.925000       183616        13.33
      21.871     0.937500       186050        16.00
      22.799     0.943750       187297        17.78
      23.583     0.950000       188527        20.00
      24.255     0.956250       189766        22.86
      25.119     0.962500       191013        26.67
      26.319     0.968750       192256        32.00
      26.879     0.971875       192870        35.56
      27.359     0.975000       193485        40.00
      27.775     0.978125       194111        45.71
      28.303     0.981250       194736        53.33
      28.879     0.984375       195365        64.00
      29.327     0.985938       195659        71.11
      29.823     0.987500       195972        80.00
      30.191     0.989062       196280        91.43
      30.559     0.990625       196595       106.67
      30.911     0.992188       196904       128.00
      31.119     0.992969       197054       142.22
      31.439     0.993750       197212       160.00
      31.791     0.994531       197371       182.86
      32.287     0.995313       197518       213.33
      32.831     0.996094       197675       256.00
      33.151     0.996484       197753       284.44
      33.439     0.996875       197830       320.00
      33.759     0.997266       197916       365.71
      34.079     0.997656       197982       426.67
      34.559     0.998047       198064       512.00
      34.719     0.998242       198098       568.89
      34.911     0.998437       198136       640.00
      35.199     0.998633       198179       731.43
      35.391     0.998828       198215       853.33
      35.615     0.999023       198254      1024.00
      35.839     0.999121       198277      1137.78
      36.127     0.999219       198296      1280.00
      36.319     0.999316       198312      1462.86
      36.607     0.999414       198333      1706.67
      36.863     0.999512       198351      2048.00
      38.111     0.999561       198359      2275.56
      38.335     0.999609       198370      2560.00
      38.879     0.999658       198380      2925.71
      39.263     0.999707       198388      3413.33
      40.095     0.999756       198399      4096.00
      40.127     0.999780       198404      4551.11
      40.287     0.999805       198408      5120.00
      40.383     0.999829       198416      5851.43
      40.415     0.999854       198421      6826.67
      40.447     0.999878       198423      8192.00
      40.511     0.999890       198426      9102.22
      40.575     0.999902       198427     10240.00
      40.735     0.999915       198433     11702.86
      40.735     0.999927       198433     13653.33
      40.767     0.999939       198435     16384.00
      40.799     0.999945       198437     18204.44
      40.799     0.999951       198437     20480.00
      40.831     0.999957       198438     23405.71
      40.895     0.999963       198439     27306.67
      43.295     0.999969       198441     32768.00
      43.295     0.999973       198441     36408.89
      43.327     0.999976       198443     40960.00
      43.327     0.999979       198443     46811.43
      43.327     0.999982       198443     54613.33
      43.327     0.999985       198443     65536.00
      43.519     0.999986       198444     72817.78
      43.519     0.999988       198444     81920.00
      43.519     0.999989       198444     93622.86
      43.583     0.999991       198445    109226.67
      43.583     0.999992       198445    131072.00
      43.583     0.999993       198445    145635.56
      43.583     0.999994       198445    163840.00
      43.583     0.999995       198445    187245.71
      43.679     0.999995       198446    218453.33
      43.679     1.000000       198446          inf
#[Mean    =        9.224, StdDeviation   =        6.106]
#[Max     =       43.648, Total count    =       198446]
#[Buckets =           27, SubBuckets     =         2048]
----------------------------------------------------------
  198563 requests in 5.00s, 169.68MB read
Requests/sec:  39686.86
Transfer/sec:     33.91MB
Running 5s test @ http://127.0.0.1:8080
  1 threads and 50 connections
  Thread Stats   Avg      Stdev     99%   +/- Stdev
    Latency    53.87ms   54.93ms 240.13ms   82.25%
    Req/Sec       -nan      -nan   0.00      0.00%
  Latency Distribution (HdrHistogram - Recorded Latency)
 50.000%   28.54ms
 75.000%   93.25ms
 90.000%  133.63ms
 99.000%  240.13ms
 99.900%  246.91ms
 99.990%  251.65ms
 99.999%  256.38ms
100.000%  256.64ms

  Detailed Percentile spectrum:
       Value   Percentile   TotalCount 1/(1-Percentile)

       0.255     0.000000            2         1.00
       5.895     0.100000        21916         1.11
       7.807     0.200000        43847         1.25
      10.095     0.300000        65740         1.43
      15.855     0.400000        87633         1.67
      28.543     0.500000       109527         2.00
      38.399     0.550000       120505         2.22
      49.535     0.600000       131452         2.50
      67.711     0.650000       142382         2.86
      82.047     0.700000       153359         3.33
      93.247     0.750000       164289         4.00
      97.791     0.775000       169766         4.44
     102.719     0.800000       175300         5.00
     109.567     0.825000       180746         5.71
     117.951     0.850000       186215         6.67
     123.327     0.875000       191703         8.00
     126.719     0.887500       194417         8.89
     133.631     0.900000       197191        10.00
     138.879     0.912500       199909        11.43
     144.639     0.925000       202637        13.33
     151.039     0.937500       205358        16.00
     154.111     0.943750       206769        17.78
     156.927     0.950000       208119        20.00
     160.511     0.956250       209470        22.86
     164.479     0.962500       210861        26.67
     169.855     0.968750       212208        32.00
     172.927     0.971875       212904        35.56
     175.999     0.975000       213579        40.00
     183.551     0.978125       214265        45.71
     206.079     0.981250       214941        53.33
     216.959     0.984375       215629        64.00
     225.407     0.985938       215968        71.11
     235.263     0.987500       216310        80.00
     238.207     0.989062       216664        91.43
     240.895     0.990625       217018       106.67
     242.047     0.992188       217402       128.00
     242.431     0.992969       217554       142.22
     242.943     0.993750       217706       160.00
     243.583     0.994531       217897       182.86
     243.967     0.995313       218027       213.33
     244.863     0.996094       218198       256.00
     245.119     0.996484       218288       284.44
     245.375     0.996875       218365       320.00
     245.631     0.997266       218450       365.71
     245.887     0.997656       218569       426.67
     246.015     0.998047       218624       512.00
     246.143     0.998242       218664       568.89
     246.527     0.998437       218736       640.00
     246.655     0.998633       218772       731.43
     246.783     0.998828       218792       853.33
     247.039     0.999023       218839      1024.00
     247.167     0.999121       218861      1137.78
     247.551     0.999219       218884      1280.00
     248.191     0.999316       218909      1462.86
     248.447     0.999414       218921      1706.67
     249.343     0.999512       218944      2048.00
     249.855     0.999561       218956      2275.56
     250.111     0.999609       218966      2560.00
     250.495     0.999658       218978      2925.71
     250.623     0.999707       218985      3413.33
     250.879     0.999756       219000      4096.00
     250.879     0.999780       219000      4551.11
     251.007     0.999805       219007      5120.00
     251.135     0.999829       219013      5851.43
     251.263     0.999854       219018      6826.67
     251.519     0.999878       219023      8192.00
     251.647     0.999890       219026      9102.22
     251.775     0.999902       219027     10240.00
     252.031     0.999915       219032     11702.86
     252.031     0.999927       219032     13653.33
     255.615     0.999939       219036     16384.00
     255.615     0.999945       219036     18204.44
     255.999     0.999951       219040     20480.00
     255.999     0.999957       219040     23405.71
     255.999     0.999963       219040     27306.67
     256.255     0.999969       219043     32768.00
     256.255     0.999973       219043     36408.89
     256.255     0.999976       219043     40960.00
     256.383     0.999979       219047     46811.43
     256.383     0.999982       219047     54613.33
     256.383     0.999985       219047     65536.00
     256.383     0.999986       219047     72817.78
     256.383     0.999988       219047     81920.00
     256.383     0.999989       219047     93622.86
     256.383     0.999991       219047    109226.67
     256.383     0.999992       219047    131072.00
     256.383     0.999993       219047    145635.56
     256.383     0.999994       219047    163840.00
     256.383     0.999995       219047    187245.71
     256.383     0.999995       219047    218453.33
     256.639     0.999996       219048    262144.00
     256.639     1.000000       219048          inf
#[Mean    =       53.874, StdDeviation   =       54.925]
#[Max     =      256.512, Total count    =       219048]
#[Buckets =           27, SubBuckets     =         2048]
----------------------------------------------------------
  219157 requests in 5.00s, 187.29MB read
Requests/sec:  43804.91
Transfer/sec:     37.44MB
Running 5s test @ http://127.0.0.1:8080
  1 threads and 50 connections
  Thread Stats   Avg      Stdev     99%   +/- Stdev
    Latency   328.64ms  452.68ms   1.40s    80.42%
    Req/Sec       -nan      -nan   0.00      0.00%
  Latency Distribution (HdrHistogram - Recorded Latency)
 50.000%   44.22ms
 75.000%  600.06ms
 90.000%    1.13s 
 99.000%    1.40s 
 99.900%    1.40s 
 99.990%    1.41s 
 99.999%    1.41s 
100.000%    1.41s 

  Detailed Percentile spectrum:
       Value   Percentile   TotalCount 1/(1-Percentile)

       0.271     0.000000            1         1.00
       5.023     0.100000        20996         1.11
       7.111     0.200000        42010         1.25
       9.223     0.300000        63030         1.43
      14.967     0.400000        83969         1.67
      44.223     0.500000       104956         2.00
     103.103     0.550000       115453         2.22
     131.583     0.600000       125982         2.50
     208.895     0.650000       136464         2.86
     395.007     0.700000       146954         3.33
     600.063     0.750000       157720         4.00
     617.471     0.775000       162679         4.44
     735.743     0.800000       167953         5.00
     985.087     0.825000       173173         5.71
    1063.935     0.850000       178643         6.67
    1082.367     0.875000       184007         8.00
    1088.511     0.887500       186451         8.89
    1127.423     0.900000       188971        10.00
    1160.191     0.912500       191590        11.43
    1189.887     0.925000       194201        13.33
    1268.735     0.937500       196791        16.00
    1281.023     0.943750       198230        17.78
    1306.623     0.950000       199448        20.00
    1318.911     0.956250       200923        22.86
    1321.983     0.962500       202344        26.67
    1326.079     0.968750       203454        32.00
    1330.175     0.971875       204239        35.56
    1333.247     0.975000       204733        40.00
    1360.895     0.978125       205330        45.71
    1376.255     0.981250       206037        53.33
    1388.543     0.984375       206649        64.00
    1392.639     0.985938       206963        71.11
    1394.687     0.987500       207327        80.00
    1395.711     0.989062       207632        91.43
    1397.759     0.990625       208199       106.67
    1398.783     0.992188       208654       128.00
    1398.783     0.992969       208654       142.22
    1398.783     0.993750       208654       160.00
    1399.807     0.994531       208858       182.86
    1400.831     0.995313       209070       213.33
    1401.855     0.996094       209347       256.00
    1401.855     0.996484       209347       284.44
    1401.855     0.996875       209347       320.00
    1401.855     0.997266       209347       365.71
    1402.879     0.997656       209552       426.67
    1402.879     0.998047       209552       512.00
    1402.879     0.998242       209552       568.89
    1403.903     0.998437       209624       640.00
    1403.903     0.998633       209624       731.43
    1404.927     0.998828       209730       853.33
    1404.927     0.999023       209730      1024.00
    1404.927     0.999121       209730      1137.78
    1405.951     0.999219       209825      1280.00
    1405.951     0.999316       209825      1462.86
    1405.951     0.999414       209825      1706.67
    1405.951     0.999512       209825      2048.00
    1405.951     0.999561       209825      2275.56
    1405.951     0.999609       209825      2560.00
    1406.975     0.999658       209867      2925.71
    1406.975     0.999707       209867      3413.33
    1406.975     0.999756       209867      4096.00
    1406.975     0.999780       209867      4551.11
    1406.975     0.999805       209867      5120.00
    1407.999     0.999829       209876      5851.43
    1407.999     0.999854       209876      6826.67
    1409.023     0.999878       209905      8192.00
    1409.023     1.000000       209905          inf
#[Mean    =      328.639, StdDeviation   =      452.684]
#[Max     =     1408.000, Total count    =       209905]
#[Buckets =           27, SubBuckets     =         2048]
----------------------------------------------------------
  209924 requests in 5.00s, 179.40MB read
Requests/sec:  41953.19
Transfer/sec:     35.85MB
