Running 10s test @ http://localhost:8080/wrk2-api/review/compose
  1 threads and 100 connections
  Thread Stats   Avg      Stdev     99%   +/- Stdev
    Latency     5.40ms    2.09ms  13.67ms   86.26%
    Req/Sec       -nan      -nan   0.00      0.00%
  Latency Distribution (HdrHistogram - Recorded Latency)
 50.000%    4.72ms
 75.000%    6.02ms
 90.000%    7.90ms
 99.000%   13.67ms
 99.900%   18.50ms
 99.990%   20.50ms
 99.999%   20.50ms
100.000%   20.50ms

  Detailed Percentile spectrum:
       Value   Percentile   TotalCount 1/(1-Percentile)

       3.087     0.000000            1         1.00
       3.709     0.100000          200         1.11
       3.933     0.200000          399         1.25
       4.163     0.300000          598         1.43
       4.415     0.400000          795         1.67
       4.723     0.500000          995         2.00
       4.891     0.550000         1097         2.22
       5.111     0.600000         1193         2.50
       5.371     0.650000         1292         2.86
       5.647     0.700000         1392         3.33
       6.039     0.750000         1492         4.00
       6.235     0.775000         1540         4.44
       6.467     0.800000         1590         5.00
       6.739     0.825000         1640         5.71
       7.103     0.850000         1690         6.67
       7.507     0.875000         1739         8.00
       7.727     0.887500         1764         8.89
       7.907     0.900000         1789        10.00
       8.111     0.912500         1814        11.43
       8.535     0.925000         1838        13.33
       8.871     0.937500         1863        16.00
       9.183     0.943750         1876        17.78
       9.527     0.950000         1888        20.00
       9.799     0.956250         1902        22.86
      10.231     0.962500         1913        26.67
      10.599     0.968750         1925        32.00
      10.839     0.971875         1932        35.56
      11.135     0.975000         1938        40.00
      11.679     0.978125         1945        45.71
      11.919     0.981250         1950        53.33
      12.199     0.984375         1956        64.00
      12.583     0.985938         1960        71.11
      12.959     0.987500         1963        80.00
      13.295     0.989062         1966        91.43
      14.023     0.990625         1969       106.67
      14.831     0.992188         1972       128.00
      15.207     0.992969         1974       142.22
      15.519     0.993750         1975       160.00
      15.719     0.994531         1977       182.86
      15.783     0.995313         1978       213.33
      16.479     0.996094         1980       256.00
      16.767     0.996484         1981       284.44
      16.767     0.996875         1981       320.00
      16.815     0.997266         1982       365.71
      17.359     0.997656         1983       426.67
      17.679     0.998047         1984       512.00
      17.679     0.998242         1984       568.89
      17.679     0.998437         1984       640.00
      18.495     0.998633         1985       731.43
      18.495     0.998828         1985       853.33
      20.143     0.999023         1986      1024.00
      20.143     0.999121         1986      1137.78
      20.143     0.999219         1986      1280.00
      20.143     0.999316         1986      1462.86
      20.143     0.999414         1986      1706.67
      20.495     0.999512         1987      2048.00
      20.495     1.000000         1987          inf
#[Mean    =        5.396, StdDeviation   =        2.093]
#[Max     =       20.480, Total count    =         1987]
#[Buckets =           27, SubBuckets     =         2048]
----------------------------------------------------------
  1988 requests in 10.00s, 702.79KB read
  Socket errors: connect 0, read 0, write 0, timeout 5
  Non-2xx or 3xx responses: 1988
Requests/sec:    198.73
Transfer/sec:     70.25KB
Running 10s test @ http://localhost:8080/wrk2-api/review/compose
  1 threads and 100 connections
  Thread Stats   Avg      Stdev     99%   +/- Stdev
    Latency     5.91ms    2.38ms  14.01ms   83.41%
    Req/Sec       -nan      -nan   0.00      0.00%
  Latency Distribution (HdrHistogram - Recorded Latency)
 50.000%    5.11ms
 75.000%    6.88ms
 90.000%    9.06ms
 99.000%   14.01ms
 99.900%   19.15ms
 99.990%   23.14ms
 99.999%   23.14ms
100.000%   23.14ms

  Detailed Percentile spectrum:
       Value   Percentile   TotalCount 1/(1-Percentile)

       3.123     0.000000            1         1.00
       3.803     0.100000          301         1.11
       4.103     0.200000          598         1.25
       4.387     0.300000          895         1.43
       4.719     0.400000         1195         1.67
       5.115     0.500000         1489         2.00
       5.403     0.550000         1642         2.22
       5.707     0.600000         1788         2.50
       6.067     0.650000         1936         2.86
       6.455     0.700000         2085         3.33
       6.875     0.750000         2236         4.00
       7.115     0.775000         2308         4.44
       7.411     0.800000         2383         5.00
       7.747     0.825000         2457         5.71
       8.143     0.850000         2532         6.67
       8.503     0.875000         2607         8.00
       8.759     0.887500         2643         8.89
       9.063     0.900000         2682        10.00
       9.415     0.912500         2718        11.43
       9.759     0.925000         2755        13.33
      10.199     0.937500         2792        16.00
      10.383     0.943750         2811        17.78
      10.695     0.950000         2830        20.00
      11.023     0.956250         2848        22.86
      11.407     0.962500         2867        26.67
      11.919     0.968750         2886        32.00
      12.143     0.971875         2895        35.56
      12.287     0.975000         2904        40.00
      12.503     0.978125         2913        45.71
      12.855     0.981250         2923        53.33
      13.127     0.984375         2932        64.00
      13.295     0.985938         2937        71.11
      13.743     0.987500         2941        80.00
      13.935     0.989062         2946        91.43
      14.239     0.990625         2951       106.67
      14.527     0.992188         2955       128.00
      14.839     0.992969         2958       142.22
      14.999     0.993750         2960       160.00
      15.119     0.994531         2962       182.86
      15.831     0.995313         2965       213.33
      16.111     0.996094         2967       256.00
      16.575     0.996484         2968       284.44
      17.743     0.996875         2969       320.00
      18.127     0.997266         2970       365.71
      18.431     0.997656         2972       426.67
      18.879     0.998047         2973       512.00
      18.879     0.998242         2973       568.89
      18.943     0.998437         2974       640.00
      18.943     0.998633         2974       731.43
      19.151     0.998828         2975       853.33
      21.087     0.999023         2976      1024.00
      21.087     0.999121         2976      1137.78
      21.087     0.999219         2976      1280.00
      21.087     0.999316         2976      1462.86
      23.103     0.999414         2977      1706.67
      23.103     0.999512         2977      2048.00
      23.103     0.999561         2977      2275.56
      23.103     0.999609         2977      2560.00
      23.103     0.999658         2977      2925.71
      23.135     0.999707         2978      3413.33
      23.135     1.000000         2978          inf
#[Mean    =        5.912, StdDeviation   =        2.379]
#[Max     =       23.120, Total count    =         2978]
#[Buckets =           27, SubBuckets     =         2048]
----------------------------------------------------------
  2979 requests in 10.00s, 1.03MB read
  Socket errors: connect 0, read 0, write 0, timeout 1
  Non-2xx or 3xx responses: 2979
Requests/sec:    297.92
Transfer/sec:    105.32KB
Running 10s test @ http://localhost:8080/wrk2-api/review/compose
  1 threads and 100 connections
  Thread Stats   Avg      Stdev     99%   +/- Stdev
    Latency     7.18ms    3.80ms  21.90ms   87.55%
    Req/Sec       -nan      -nan   0.00      0.00%
  Latency Distribution (HdrHistogram - Recorded Latency)
 50.000%    6.11ms
 75.000%    8.51ms
 90.000%   11.56ms
 99.000%   21.90ms
 99.900%   34.40ms
 99.990%   38.94ms
 99.999%   38.94ms
100.000%   38.94ms

  Detailed Percentile spectrum:
       Value   Percentile   TotalCount 1/(1-Percentile)

       2.971     0.000000            1         1.00
       3.993     0.100000          397         1.11
       4.439     0.200000          796         1.25
       4.867     0.300000         1196         1.43
       5.371     0.400000         1591         1.67
       6.111     0.500000         1985         2.00
       6.487     0.550000         2183         2.22
       6.879     0.600000         2382         2.50
       7.319     0.650000         2581         2.86
       7.847     0.700000         2780         3.33
       8.511     0.750000         2978         4.00
       8.823     0.775000         3076         4.44
       9.215     0.800000         3176         5.00
       9.647     0.825000         3276         5.71
      10.151     0.850000         3374         6.67
      10.711     0.875000         3473         8.00
      11.111     0.887500         3523         8.89
      11.567     0.900000         3574        10.00
      12.079     0.912500         3622        11.43
      12.719     0.925000         3672        13.33
      13.295     0.937500         3721        16.00
      13.695     0.943750         3747        17.78
      14.103     0.950000         3771        20.00
      14.623     0.956250         3796        22.86
      15.311     0.962500         3821        26.67
      16.055     0.968750         3845        32.00
      16.375     0.971875         3858        35.56
      16.767     0.975000         3870        40.00
      17.455     0.978125         3884        45.71
      18.559     0.981250         3895        53.33
      19.551     0.984375         3907        64.00
      20.095     0.985938         3914        71.11
      20.591     0.987500         3920        80.00
      21.343     0.989062         3926        91.43
      22.527     0.990625         3932       106.67
      23.359     0.992188         3938       128.00
      23.839     0.992969         3943       142.22
      24.159     0.993750         3945       160.00
      26.239     0.994531         3948       182.86
      27.839     0.995313         3951       213.33
      28.959     0.996094         3954       256.00
      29.503     0.996484         3956       284.44
      30.015     0.996875         3957       320.00
      30.447     0.997266         3959       365.71
      30.639     0.997656         3960       426.67
      31.311     0.998047         3962       512.00
      32.063     0.998242         3963       568.89
      32.063     0.998437         3963       640.00
      33.311     0.998633         3964       731.43
      34.399     0.998828         3965       853.33
      35.487     0.999023         3966      1024.00
      35.487     0.999121         3966      1137.78
      35.487     0.999219         3966      1280.00
      38.527     0.999316         3967      1462.86
      38.527     0.999414         3967      1706.67
      38.815     0.999512         3968      2048.00
      38.815     0.999561         3968      2275.56
      38.815     0.999609         3968      2560.00
      38.815     0.999658         3968      2925.71
      38.815     0.999707         3968      3413.33
      38.943     0.999756         3969      4096.00
      38.943     1.000000         3969          inf
#[Mean    =        7.179, StdDeviation   =        3.799]
#[Max     =       38.912, Total count    =         3969]
#[Buckets =           27, SubBuckets     =         2048]
----------------------------------------------------------
  3972 requests in 10.00s, 1.37MB read
  Non-2xx or 3xx responses: 3972
Requests/sec:    397.09
Transfer/sec:    140.38KB
Running 10s test @ http://localhost:8080/wrk2-api/review/compose
  1 threads and 100 connections
  Thread Stats   Avg      Stdev     99%   +/- Stdev
    Latency     7.66ms    3.39ms  19.15ms   75.83%
    Req/Sec       -nan      -nan   0.00      0.00%
  Latency Distribution (HdrHistogram - Recorded Latency)
 50.000%    6.86ms
 75.000%    9.34ms
 90.000%   12.10ms
 99.000%   19.15ms
 99.900%   24.75ms
 99.990%   28.96ms
 99.999%   28.96ms
100.000%   28.96ms

  Detailed Percentile spectrum:
       Value   Percentile   TotalCount 1/(1-Percentile)

       3.033     0.000000            1         1.00
       4.267     0.100000          496         1.11
       4.799     0.200000          993         1.25
       5.387     0.300000         1488         1.43
       6.131     0.400000         1981         1.67
       6.859     0.500000         2475         2.00
       7.279     0.550000         2722         2.22
       7.711     0.600000         2970         2.50
       8.191     0.650000         3219         2.86
       8.735     0.700000         3468         3.33
       9.343     0.750000         3711         4.00
       9.615     0.775000         3836         4.44
       9.991     0.800000         3962         5.00
      10.375     0.825000         4084         5.71
      10.855     0.850000         4208         6.67
      11.423     0.875000         4330         8.00
      11.783     0.887500         4393         8.89
      12.119     0.900000         4455        10.00
      12.559     0.912500         4516        11.43
      12.959     0.925000         4577        13.33
      13.647     0.937500         4639        16.00
      13.927     0.943750         4672        17.78
      14.375     0.950000         4701        20.00
      14.855     0.956250         4732        22.86
      15.191     0.962500         4763        26.67
      15.655     0.968750         4795        32.00
      15.895     0.971875         4809        35.56
      16.231     0.975000         4825        40.00
      16.575     0.978125         4840        45.71
      17.231     0.981250         4856        53.33
      17.871     0.984375         4871        64.00
      18.143     0.985938         4880        71.11
      18.575     0.987500         4888        80.00
      18.767     0.989062         4894        91.43
      19.295     0.990625         4902       106.67
      19.631     0.992188         4910       128.00
      19.983     0.992969         4915       142.22
      20.287     0.993750         4918       160.00
      20.895     0.994531         4921       182.86
      21.263     0.995313         4925       213.33
      21.839     0.996094         4929       256.00
      22.543     0.996484         4931       284.44
      22.751     0.996875         4933       320.00
      22.879     0.997266         4935       365.71
      23.599     0.997656         4937       426.67
      23.775     0.998047         4939       512.00
      24.543     0.998242         4940       568.89
      24.591     0.998437         4941       640.00
      24.719     0.998633         4942       731.43
      24.751     0.998828         4943       853.33
      25.071     0.999023         4944      1024.00
      25.071     0.999121         4944      1137.78
      25.871     0.999219         4945      1280.00
      25.871     0.999316         4945      1462.86
      27.359     0.999414         4946      1706.67
      27.359     0.999512         4946      2048.00
      27.359     0.999561         4946      2275.56
      28.079     0.999609         4947      2560.00
      28.079     0.999658         4947      2925.71
      28.079     0.999707         4947      3413.33
      28.079     0.999756         4947      4096.00
      28.079     0.999780         4947      4551.11
      28.959     0.999805         4948      5120.00
      28.959     1.000000         4948          inf
#[Mean    =        7.660, StdDeviation   =        3.389]
#[Max     =       28.944, Total count    =         4948]
#[Buckets =           27, SubBuckets     =         2048]
----------------------------------------------------------
  4949 requests in 10.00s, 1.71MB read
  Non-2xx or 3xx responses: 4949
Requests/sec:    494.73
Transfer/sec:    174.89KB
Running 10s test @ http://localhost:8080/wrk2-api/review/compose
  1 threads and 100 connections
  Thread Stats   Avg      Stdev     99%   +/- Stdev
    Latency     9.15ms    4.59ms  25.89ms   78.38%
    Req/Sec       -nan      -nan   0.00      0.00%
  Latency Distribution (HdrHistogram - Recorded Latency)
 50.000%    8.07ms
 75.000%   11.03ms
 90.000%   14.93ms
 99.000%   25.89ms
 99.900%   37.60ms
 99.990%   43.81ms
 99.999%   47.62ms
100.000%   47.62ms

  Detailed Percentile spectrum:
       Value   Percentile   TotalCount 1/(1-Percentile)

       3.161     0.000000            1         1.00
       4.691     0.100000          597         1.11
       5.427     0.200000         1190         1.25
       6.303     0.300000         1783         1.43
       7.199     0.400000         2379         1.67
       8.075     0.500000         2973         2.00
       8.527     0.550000         3269         2.22
       9.103     0.600000         3566         2.50
       9.679     0.650000         3866         2.86
      10.311     0.700000         4161         3.33
      11.031     0.750000         4458         4.00
      11.519     0.775000         4608         4.44
      11.975     0.800000         4757         5.00
      12.583     0.825000         4903         5.71
      13.175     0.850000         5052         6.67
      14.007     0.875000         5201         8.00
      14.463     0.887500         5275         8.89
      14.927     0.900000         5349        10.00
      15.463     0.912500         5423        11.43
      16.135     0.925000         5499        13.33
      16.895     0.937500         5573        16.00
      17.279     0.943750         5610        17.78
      17.839     0.950000         5648        20.00
      18.351     0.956250         5683        22.86
      18.895     0.962500         5721        26.67
      19.519     0.968750         5758        32.00
      20.191     0.971875         5776        35.56
      20.879     0.975000         5795        40.00
      21.391     0.978125         5813        45.71
      22.463     0.981250         5833        53.33
      23.215     0.984375         5851        64.00
      23.551     0.985938         5860        71.11
      24.639     0.987500         5869        80.00
      25.471     0.989062         5878        91.43
      26.255     0.990625         5888       106.67
      27.247     0.992188         5897       128.00
      27.855     0.992969         5902       142.22
      28.287     0.993750         5906       160.00
      28.591     0.994531         5911       182.86
      29.487     0.995313         5916       213.33
      29.855     0.996094         5920       256.00
      30.367     0.996484         5923       284.44
      31.231     0.996875         5925       320.00
      32.015     0.997266         5927       365.71
      33.055     0.997656         5930       426.67
      33.279     0.998047         5932       512.00
      33.695     0.998242         5933       568.89
      33.919     0.998437         5934       640.00
      34.303     0.998633         5935       731.43
      37.599     0.998828         5937       853.33
      38.719     0.999023         5938      1024.00
      38.719     0.999121         5938      1137.78
      39.103     0.999219         5939      1280.00
      39.103     0.999316         5939      1462.86
      43.103     0.999414         5940      1706.67
      43.647     0.999512         5941      2048.00
      43.647     0.999561         5941      2275.56
      43.647     0.999609         5941      2560.00
      43.647     0.999658         5941      2925.71
      43.807     0.999707         5942      3413.33
      43.807     0.999756         5942      4096.00
      43.807     0.999780         5942      4551.11
      43.807     0.999805         5942      5120.00
      43.807     0.999829         5942      5851.43
      47.615     0.999854         5943      6826.67
      47.615     1.000000         5943          inf
#[Mean    =        9.150, StdDeviation   =        4.587]
#[Max     =       47.584, Total count    =         5943]
#[Buckets =           27, SubBuckets     =         2048]
----------------------------------------------------------
  5944 requests in 10.00s, 2.05MB read
  Non-2xx or 3xx responses: 5944
Requests/sec:    594.32
Transfer/sec:    210.10KB
Running 10s test @ http://localhost:8080/wrk2-api/review/compose
  1 threads and 100 connections
  Thread Stats   Avg      Stdev     99%   +/- Stdev
    Latency    11.73ms    6.64ms  35.42ms   79.76%
    Req/Sec       -nan      -nan   0.00      0.00%
  Latency Distribution (HdrHistogram - Recorded Latency)
 50.000%    9.95ms
 75.000%   14.15ms
 90.000%   20.01ms
 99.000%   35.42ms
 99.900%   54.88ms
 99.990%   61.69ms
 99.999%   69.44ms
100.000%   69.44ms

  Detailed Percentile spectrum:
       Value   Percentile   TotalCount 1/(1-Percentile)

       3.331     0.000000            1         1.00
       5.463     0.100000          693         1.11
       6.791     0.200000         1385         1.25
       7.843     0.300000         2076         1.43
       8.871     0.400000         2768         1.67
       9.951     0.500000         3456         2.00
      10.567     0.550000         3802         2.22
      11.311     0.600000         4148         2.50
      12.087     0.650000         4496         2.86
      13.007     0.700000         4838         3.33
      14.159     0.750000         5188         4.00
      14.807     0.775000         5357         4.44
      15.487     0.800000         5529         5.00
      16.351     0.825000         5702         5.71
      17.471     0.850000         5876         6.67
      18.607     0.875000         6050         8.00
      19.215     0.887500         6138         8.89
      20.015     0.900000         6220        10.00
      20.879     0.912500         6307        11.43
      21.807     0.925000         6394        13.33
      23.263     0.937500         6481        16.00
      23.967     0.943750         6523        17.78
      24.911     0.950000         6566        20.00
      25.823     0.956250         6609        22.86
      26.879     0.962500         6652        26.67
      28.047     0.968750         6697        32.00
      28.495     0.971875         6717        35.56
      29.439     0.975000         6739        40.00
      30.735     0.978125         6760        45.71
      31.695     0.981250         6782        53.33
      32.991     0.984375         6804        64.00
      33.823     0.985938         6814        71.11
      34.431     0.987500         6825        80.00
      34.815     0.989062         6836        91.43
      36.607     0.990625         6847       106.67
      37.695     0.992188         6858       128.00
      38.463     0.992969         6863       142.22
      39.807     0.993750         6868       160.00
      40.735     0.994531         6874       182.86
      41.727     0.995313         6879       213.33
      42.783     0.996094         6885       256.00
      43.071     0.996484         6887       284.44
      43.871     0.996875         6890       320.00
      45.343     0.997266         6893       365.71
      45.823     0.997656         6895       426.67
      46.655     0.998047         6898       512.00
      48.607     0.998242         6899       568.89
      50.559     0.998437         6901       640.00
      51.391     0.998633         6902       731.43
      52.383     0.998828         6903       853.33
      55.935     0.999023         6905      1024.00
      55.935     0.999121         6905      1137.78
      56.223     0.999219         6906      1280.00
      56.735     0.999316         6907      1462.86
      56.735     0.999414         6907      1706.67
      57.599     0.999512         6908      2048.00
      57.599     0.999561         6908      2275.56
      58.303     0.999609         6909      2560.00
      58.303     0.999658         6909      2925.71
      58.303     0.999707         6909      3413.33
      61.695     0.999756         6910      4096.00
      61.695     0.999780         6910      4551.11
      61.695     0.999805         6910      5120.00
      61.695     0.999829         6910      5851.43
      61.695     0.999854         6910      6826.67
      69.439     0.999878         6911      8192.00
      69.439     1.000000         6911          inf
#[Mean    =       11.731, StdDeviation   =        6.639]
#[Max     =       69.376, Total count    =         6911]
#[Buckets =           27, SubBuckets     =         2048]
----------------------------------------------------------
  6912 requests in 10.00s, 2.39MB read
  Non-2xx or 3xx responses: 6912
Requests/sec:    691.04
Transfer/sec:    244.29KB
Running 10s test @ http://localhost:8080/wrk2-api/review/compose
  1 threads and 100 connections
  Thread Stats   Avg      Stdev     99%   +/- Stdev
    Latency    15.49ms    9.18ms  50.08ms   79.40%
    Req/Sec       -nan      -nan   0.00      0.00%
  Latency Distribution (HdrHistogram - Recorded Latency)
 50.000%   12.98ms
 75.000%   18.99ms
 90.000%   27.36ms
 99.000%   50.08ms
 99.900%   64.93ms
 99.990%   75.20ms
 99.999%   81.15ms
100.000%   81.15ms

  Detailed Percentile spectrum:
       Value   Percentile   TotalCount 1/(1-Percentile)

       3.081     0.000000            1         1.00
       6.987     0.100000          792         1.11
       8.599     0.200000         1588         1.25
       9.911     0.300000         2377         1.43
      11.383     0.400000         3167         1.67
      12.983     0.500000         3958         2.00
      13.879     0.550000         4356         2.22
      14.847     0.600000         4749         2.50
      16.007     0.650000         5146         2.86
      17.263     0.700000         5540         3.33
      18.991     0.750000         5936         4.00
      20.031     0.775000         6135         4.44
      21.023     0.800000         6336         5.00
      22.351     0.825000         6532         5.71
      23.807     0.850000         6727         6.67
      25.439     0.875000         6925         8.00
      26.255     0.887500         7025         8.89
      27.359     0.900000         7123        10.00
      28.655     0.912500         7222        11.43
      30.159     0.925000         7321        13.33
      31.535     0.937500         7420        16.00
      32.223     0.943750         7469        17.78
      33.375     0.950000         7520        20.00
      34.751     0.956250         7569        22.86
      36.223     0.962500         7618        26.67
      38.111     0.968750         7668        32.00
      38.975     0.971875         7692        35.56
      39.935     0.975000         7717        40.00
      41.311     0.978125         7741        45.71
      43.391     0.981250         7766        53.33
      45.183     0.984375         7792        64.00
      46.015     0.985938         7804        71.11
      47.647     0.987500         7816        80.00
      49.375     0.989062         7828        91.43
      50.463     0.990625         7840       106.67
      51.967     0.992188         7853       128.00
      52.415     0.992969         7859       142.22
      53.311     0.993750         7865       160.00
      54.079     0.994531         7871       182.86
      55.999     0.995313         7877       213.33
      58.847     0.996094         7884       256.00
      59.615     0.996484         7887       284.44
      60.863     0.996875         7890       320.00
      61.151     0.997266         7893       365.71
      61.663     0.997656         7896       426.67
      62.399     0.998047         7899       512.00
      63.039     0.998242         7901       568.89
      63.327     0.998437         7902       640.00
      64.127     0.998633         7904       731.43
      64.639     0.998828         7905       853.33
      65.215     0.999023         7907      1024.00
      65.983     0.999121         7908      1137.78
      65.983     0.999219         7908      1280.00
      66.495     0.999316         7909      1462.86
      66.751     0.999414         7910      1706.67
      67.967     0.999512         7911      2048.00
      67.967     0.999561         7911      2275.56
      67.967     0.999609         7911      2560.00
      68.543     0.999658         7912      2925.71
      68.543     0.999707         7912      3413.33
      75.199     0.999756         7913      4096.00
      75.199     0.999780         7913      4551.11
      75.199     0.999805         7913      5120.00
      75.199     0.999829         7913      5851.43
      75.199     0.999854         7913      6826.67
      81.151     0.999878         7914      8192.00
      81.151     1.000000         7914          inf
#[Mean    =       15.492, StdDeviation   =        9.179]
#[Max     =       81.088, Total count    =         7914]
#[Buckets =           27, SubBuckets     =         2048]
----------------------------------------------------------
  7915 requests in 10.00s, 2.73MB read
  Non-2xx or 3xx responses: 7915
Requests/sec:    791.58
Transfer/sec:    279.84KB
Running 10s test @ http://localhost:8080/wrk2-api/review/compose
  1 threads and 100 connections
  Thread Stats   Avg      Stdev     99%   +/- Stdev
    Latency    32.72ms   28.04ms 147.97ms   88.83%
    Req/Sec       -nan      -nan   0.00      0.00%
  Latency Distribution (HdrHistogram - Recorded Latency)
 50.000%   24.38ms
 75.000%   39.36ms
 90.000%   63.58ms
 99.000%  147.97ms
 99.900%  223.74ms
 99.990%  268.03ms
 99.999%  282.88ms
100.000%  282.88ms

  Detailed Percentile spectrum:
       Value   Percentile   TotalCount 1/(1-Percentile)

       3.705     0.000000            1         1.00
      10.655     0.100000          892         1.11
      13.895     0.200000         1781         1.25
      17.007     0.300000         2675         1.43
      20.463     0.400000         3564         1.67
      24.383     0.500000         4452         2.00
      26.607     0.550000         4898         2.22
      29.199     0.600000         5344         2.50
      31.887     0.650000         5789         2.86
      35.231     0.700000         6233         3.33
      39.359     0.750000         6678         4.00
      41.727     0.775000         6901         4.44
      44.447     0.800000         7127         5.00
      47.807     0.825000         7346         5.71
      52.063     0.850000         7570         6.67
      57.407     0.875000         7791         8.00
      60.319     0.887500         7904         8.89
      63.583     0.900000         8014        10.00
      67.391     0.912500         8125        11.43
      72.639     0.925000         8239        13.33
      79.167     0.937500         8349        16.00
      82.239     0.943750         8404        17.78
      86.463     0.950000         8459        20.00
      91.711     0.956250         8515        22.86
      97.343     0.962500         8571        26.67
     105.727     0.968750         8626        32.00
     111.743     0.971875         8655        35.56
     115.263     0.975000         8682        40.00
     120.639     0.978125         8710        45.71
     125.631     0.981250         8738        53.33
     129.471     0.984375         8765        64.00
     134.655     0.985938         8779        71.11
     137.983     0.987500         8794        80.00
     143.231     0.989062         8807        91.43
     150.015     0.990625         8821       106.67
     158.463     0.992188         8835       128.00
     166.783     0.992969         8842       142.22
     170.495     0.993750         8849       160.00
     173.567     0.994531         8856       182.86
     179.455     0.995313         8863       213.33
     186.879     0.996094         8870       256.00
     195.199     0.996484         8873       284.44
     196.991     0.996875         8877       320.00
     202.751     0.997266         8880       365.71
     205.311     0.997656         8884       426.67
     207.231     0.998047         8887       512.00
     207.871     0.998242         8889       568.89
     213.119     0.998437         8891       640.00
     214.399     0.998633         8892       731.43
     223.359     0.998828         8894       853.33
     225.151     0.999023         8896      1024.00
     226.303     0.999121         8897      1137.78
     233.727     0.999219         8898      1280.00
     233.727     0.999316         8898      1462.86
     234.367     0.999414         8899      1706.67
     236.031     0.999512         8900      2048.00
     238.719     0.999561         8901      2275.56
     238.719     0.999609         8901      2560.00
     238.719     0.999658         8901      2925.71
     253.311     0.999707         8902      3413.33
     253.311     0.999756         8902      4096.00
     268.031     0.999780         8903      4551.11
     268.031     0.999805         8903      5120.00
     268.031     0.999829         8903      5851.43
     268.031     0.999854         8903      6826.67
     268.031     0.999878         8903      8192.00
     282.879     0.999890         8904      9102.22
     282.879     1.000000         8904          inf
#[Mean    =       32.719, StdDeviation   =       28.044]
#[Max     =      282.624, Total count    =         8904]
#[Buckets =           27, SubBuckets     =         2048]
----------------------------------------------------------
  8905 requests in 10.00s, 3.07MB read
  Non-2xx or 3xx responses: 8905
Requests/sec:    890.55
Transfer/sec:    314.82KB
Running 10s test @ http://localhost:8080/wrk2-api/review/compose
  1 threads and 100 connections
  Thread Stats   Avg      Stdev     99%   +/- Stdev
    Latency    94.89ms  101.17ms 527.87ms   89.72%
    Req/Sec       -nan      -nan   0.00      0.00%
  Latency Distribution (HdrHistogram - Recorded Latency)
 50.000%   62.21ms
 75.000%  111.17ms
 90.000%  199.68ms
 99.000%  527.87ms
 99.900%  821.76ms
 99.990%    1.04s 
 99.999%    1.09s 
100.000%    1.09s 

  Detailed Percentile spectrum:
       Value   Percentile   TotalCount 1/(1-Percentile)

       3.865     0.000000            1         1.00
      23.327     0.100000          969         1.11
      33.119     0.200000         1941         1.25
      41.471     0.300000         2906         1.43
      50.943     0.400000         3874         1.67
      62.207     0.500000         4843         2.00
      68.927     0.550000         5327         2.22
      76.671     0.600000         5811         2.50
      85.951     0.650000         6295         2.86
      97.471     0.700000         6783         3.33
     111.295     0.750000         7265         4.00
     120.127     0.775000         7506         4.44
     130.495     0.800000         7747         5.00
     141.439     0.825000         7990         5.71
     154.239     0.850000         8234         6.67
     172.415     0.875000         8474         8.00
     185.855     0.887500         8595         8.89
     199.679     0.900000         8715        10.00
     216.063     0.912500         8836        11.43
     236.159     0.925000         8957        13.33
     263.935     0.937500         9079        16.00
     278.527     0.943750         9139        17.78
     296.959     0.950000         9199        20.00
     313.855     0.956250         9263        22.86
     333.311     0.962500         9321        26.67
     357.375     0.968750         9381        32.00
     368.895     0.971875         9411        35.56
     386.303     0.975000         9442        40.00
     405.247     0.978125         9472        45.71
     424.447     0.981250         9502        53.33
     451.583     0.984375         9532        64.00
     466.943     0.985938         9548        71.11
     491.775     0.987500         9562        80.00
     515.327     0.989062         9578        91.43
     542.207     0.990625         9593       106.67
     580.607     0.992188         9608       128.00
     589.311     0.992969         9616       142.22
     612.351     0.993750         9623       160.00
     633.855     0.994531         9631       182.86
     647.167     0.995313         9638       213.33
     678.911     0.996094         9646       256.00
     687.103     0.996484         9649       284.44
     713.727     0.996875         9653       320.00
     726.015     0.997266         9657       365.71
     737.791     0.997656         9661       426.67
     759.807     0.998047         9665       512.00
     767.999     0.998242         9666       568.89
     774.655     0.998437         9668       640.00
     802.303     0.998633         9670       731.43
     814.591     0.998828         9672       853.33
     867.839     0.999023         9674      1024.00
     891.903     0.999121         9675      1137.78
     916.479     0.999219         9676      1280.00
     923.135     0.999316         9677      1462.86
     939.519     0.999414         9678      1706.67
     950.271     0.999512         9679      2048.00
     950.271     0.999561         9679      2275.56
     957.951     0.999609         9680      2560.00
     957.951     0.999658         9680      2925.71
    1005.055     0.999707         9681      3413.33
    1005.055     0.999756         9681      4096.00
    1005.055     0.999780         9681      4551.11
    1035.263     0.999805         9682      5120.00
    1035.263     0.999829         9682      5851.43
    1035.263     0.999854         9682      6826.67
    1035.263     0.999878         9682      8192.00
    1035.263     0.999890         9682      9102.22
    1087.487     0.999902         9683     10240.00
    1087.487     1.000000         9683          inf
#[Mean    =       94.886, StdDeviation   =      101.170]
#[Max     =     1086.464, Total count    =         9683]
#[Buckets =           27, SubBuckets     =         2048]
----------------------------------------------------------
  9684 requests in 10.00s, 3.34MB read
  Non-2xx or 3xx responses: 9684
Requests/sec:    968.49
Transfer/sec:    342.38KB
Running 10s test @ http://localhost:8080/wrk2-api/review/compose
  1 threads and 100 connections
  Thread Stats   Avg      Stdev     99%   +/- Stdev
    Latency   580.32ms  543.20ms   2.40s    82.08%
    Req/Sec       -nan      -nan   0.00      0.00%
  Latency Distribution (HdrHistogram - Recorded Latency)
 50.000%  397.57ms
 75.000%  817.15ms
 90.000%    1.35s 
 99.000%    2.40s 
 99.900%    3.04s 
 99.990%    3.29s 
 99.999%    3.34s 
100.000%    3.34s 

  Detailed Percentile spectrum:
       Value   Percentile   TotalCount 1/(1-Percentile)

       3.665     0.000000            1         1.00
      86.591     0.100000          946         1.11
     139.647     0.200000         1892         1.25
     213.375     0.300000         2836         1.43
     297.727     0.400000         3785         1.67
     397.567     0.500000         4729         2.00
     462.591     0.550000         5200         2.22
     538.623     0.600000         5674         2.50
     624.639     0.650000         6145         2.86
     712.191     0.700000         6618         3.33
     817.151     0.750000         7090         4.00
     880.127     0.775000         7327         4.44
     946.687     0.800000         7565         5.00
    1030.143     0.825000         7799         5.71
    1122.303     0.850000         8036         6.67
    1238.015     0.875000         8273         8.00
    1296.383     0.887500         8390         8.89
    1351.679     0.900000         8511        10.00
    1403.903     0.912500         8626        11.43
    1478.655     0.925000         8746        13.33
    1592.319     0.937500         8863        16.00
    1652.735     0.943750         8922        17.78
    1718.271     0.950000         8982        20.00
    1790.975     0.956250         9040        22.86
    1875.967     0.962500         9099        26.67
    1980.415     0.968750         9158        32.00
    2018.303     0.971875         9188        35.56
    2074.623     0.975000         9217        40.00
    2129.919     0.978125         9247        45.71
    2174.975     0.981250         9277        53.33
    2248.703     0.984375         9306        64.00
    2271.231     0.985938         9321        71.11
    2322.431     0.987500         9335        80.00
    2377.727     0.989062         9350        91.43
    2424.831     0.990625         9365       106.67
    2521.087     0.992188         9380       128.00
    2553.855     0.992969         9387       142.22
    2588.671     0.993750         9394       160.00
    2650.111     0.994531         9402       182.86
    2703.359     0.995313         9409       213.33
    2744.319     0.996094         9417       256.00
    2752.511     0.996484         9420       284.44
    2777.087     0.996875         9425       320.00
    2807.807     0.997266         9428       365.71
    2838.527     0.997656         9431       426.67
    2906.111     0.998047         9435       512.00
    2926.591     0.998242         9437       568.89
    2934.783     0.998437         9439       640.00
    2971.647     0.998633         9441       731.43
    3002.367     0.998828         9442       853.33
    3037.183     0.999023         9444      1024.00
    3080.191     0.999121         9445      1137.78
    3108.863     0.999219         9446      1280.00
    3125.247     0.999316         9447      1462.86
    3135.487     0.999414         9448      1706.67
    3196.927     0.999512         9449      2048.00
    3196.927     0.999561         9449      2275.56
    3229.695     0.999609         9450      2560.00
    3229.695     0.999658         9450      2925.71
    3258.367     0.999707         9451      3413.33
    3258.367     0.999756         9451      4096.00
    3258.367     0.999780         9451      4551.11
    3289.087     0.999805         9452      5120.00
    3289.087     0.999829         9452      5851.43
    3289.087     0.999854         9452      6826.67
    3289.087     0.999878         9452      8192.00
    3289.087     0.999890         9452      9102.22
    3336.191     0.999902         9453     10240.00
    3336.191     1.000000         9453          inf
#[Mean    =      580.318, StdDeviation   =      543.195]
#[Max     =     3334.144, Total count    =         9453]
#[Buckets =           27, SubBuckets     =         2048]
----------------------------------------------------------
  9454 requests in 10.00s, 3.26MB read
  Non-2xx or 3xx responses: 9454
Requests/sec:    945.48
Transfer/sec:    334.24KB
