Running 10s test @ http://localhost:8080/wrk2-api/review/compose
  1 threads and 100 connections
  Thread Stats   Avg      Stdev     99%   +/- Stdev
    Latency     5.41ms    2.13ms  13.33ms   87.22%
    Req/Sec       -nan      -nan   0.00      0.00%
  Latency Distribution (HdrHistogram - Recorded Latency)
 50.000%    4.73ms
 75.000%    6.01ms
 90.000%    7.92ms
 99.000%   13.33ms
 99.900%   19.42ms
 99.990%   22.03ms
 99.999%   22.03ms
100.000%   22.03ms

  Detailed Percentile spectrum:
       Value   Percentile   TotalCount 1/(1-Percentile)

       3.191     0.000000            1         1.00
       3.677     0.100000          201         1.11
       3.937     0.200000          398         1.25
       4.183     0.300000          597         1.43
       4.459     0.400000          795         1.67
       4.731     0.500000          996         2.00
       4.867     0.550000         1093         2.22
       5.103     0.600000         1194         2.50
       5.303     0.650000         1293         2.86
       5.635     0.700000         1391         3.33
       6.015     0.750000         1491         4.00
       6.275     0.775000         1541         4.44
       6.483     0.800000         1590         5.00
       6.783     0.825000         1640         5.71
       7.143     0.850000         1689         6.67
       7.471     0.875000         1739         8.00
       7.679     0.887500         1764         8.89
       7.923     0.900000         1789        10.00
       8.175     0.912500         1814        11.43
       8.455     0.925000         1838        13.33
       9.047     0.937500         1863        16.00
       9.407     0.943750         1876        17.78
       9.823     0.950000         1888        20.00
      10.103     0.956250         1901        22.86
      10.447     0.962500         1913        26.67
      11.031     0.968750         1925        32.00
      11.399     0.971875         1932        35.56
      11.647     0.975000         1938        40.00
      11.991     0.978125         1944        45.71
      12.463     0.981250         1950        53.33
      12.743     0.984375         1956        64.00
      12.991     0.985938         1960        71.11
      13.191     0.987500         1963        80.00
      13.311     0.989062         1966        91.43
      13.535     0.990625         1969       106.67
      14.159     0.992188         1972       128.00
      14.263     0.992969         1974       142.22
      14.615     0.993750         1975       160.00
      15.143     0.994531         1977       182.86
      15.295     0.995313         1978       213.33
      15.327     0.996094         1980       256.00
      15.567     0.996484         1981       284.44
      15.567     0.996875         1981       320.00
      17.791     0.997266         1982       365.71
      17.887     0.997656         1983       426.67
      18.351     0.998047         1984       512.00
      18.351     0.998242         1984       568.89
      18.351     0.998437         1984       640.00
      19.423     0.998633         1985       731.43
      19.423     0.998828         1985       853.33
      19.519     0.999023         1986      1024.00
      19.519     0.999121         1986      1137.78
      19.519     0.999219         1986      1280.00
      19.519     0.999316         1986      1462.86
      19.519     0.999414         1986      1706.67
      22.031     0.999512         1987      2048.00
      22.031     1.000000         1987          inf
#[Mean    =        5.414, StdDeviation   =        2.126]
#[Max     =       22.016, Total count    =         1987]
#[Buckets =           27, SubBuckets     =         2048]
----------------------------------------------------------
  1988 requests in 10.00s, 702.79KB read
  Socket errors: connect 0, read 0, write 0, timeout 5
  Non-2xx or 3xx responses: 1988
Requests/sec:    198.70
Transfer/sec:     70.24KB
Running 10s test @ http://localhost:8080/wrk2-api/review/compose
  1 threads and 100 connections
  Thread Stats   Avg      Stdev     99%   +/- Stdev
    Latency     5.75ms    2.32ms  13.60ms   85.39%
    Req/Sec       -nan      -nan   0.00      0.00%
  Latency Distribution (HdrHistogram - Recorded Latency)
 50.000%    4.99ms
 75.000%    6.57ms
 90.000%    8.84ms
 99.000%   13.60ms
 99.900%   20.94ms
 99.990%   28.46ms
 99.999%   28.46ms
100.000%   28.46ms

  Detailed Percentile spectrum:
       Value   Percentile   TotalCount 1/(1-Percentile)

       3.087     0.000000            1         1.00
       3.777     0.100000          298         1.11
       4.069     0.200000          599         1.25
       4.347     0.300000          898         1.43
       4.647     0.400000         1193         1.67
       4.991     0.500000         1491         2.00
       5.215     0.550000         1638         2.22
       5.479     0.600000         1791         2.50
       5.767     0.650000         1936         2.86
       6.135     0.700000         2085         3.33
       6.571     0.750000         2234         4.00
       6.779     0.775000         2308         4.44
       7.075     0.800000         2383         5.00
       7.391     0.825000         2457         5.71
       7.687     0.850000         2532         6.67
       8.143     0.875000         2606         8.00
       8.439     0.887500         2644         8.89
       8.847     0.900000         2681        10.00
       9.111     0.912500         2718        11.43
       9.471     0.925000         2755        13.33
       9.887     0.937500         2792        16.00
      10.159     0.943750         2811        17.78
      10.407     0.950000         2831        20.00
      10.647     0.956250         2848        22.86
      11.055     0.962500         2867        26.67
      11.431     0.968750         2885        32.00
      11.663     0.971875         2895        35.56
      11.871     0.975000         2904        40.00
      11.991     0.978125         2913        45.71
      12.231     0.981250         2923        53.33
      12.807     0.984375         2933        64.00
      13.063     0.985938         2937        71.11
      13.271     0.987500         2941        80.00
      13.391     0.989062         2946        91.43
      13.807     0.990625         2951       106.67
      14.743     0.992188         2955       128.00
      15.039     0.992969         2958       142.22
      15.079     0.993750         2960       160.00
      15.167     0.994531         2962       182.86
      16.367     0.995313         2965       213.33
      17.599     0.996094         2967       256.00
      17.823     0.996484         2968       284.44
      17.871     0.996875         2969       320.00
      18.175     0.997266         2970       365.71
      18.863     0.997656         2972       426.67
      19.103     0.998047         2973       512.00
      19.103     0.998242         2973       568.89
      20.495     0.998437         2974       640.00
      20.495     0.998633         2974       731.43
      20.943     0.998828         2975       853.33
      21.855     0.999023         2976      1024.00
      21.855     0.999121         2976      1137.78
      21.855     0.999219         2976      1280.00
      21.855     0.999316         2976      1462.86
      26.415     0.999414         2977      1706.67
      26.415     0.999512         2977      2048.00
      26.415     0.999561         2977      2275.56
      26.415     0.999609         2977      2560.00
      26.415     0.999658         2977      2925.71
      28.463     0.999707         2978      3413.33
      28.463     1.000000         2978          inf
#[Mean    =        5.750, StdDeviation   =        2.324]
#[Max     =       28.448, Total count    =         2978]
#[Buckets =           27, SubBuckets     =         2048]
----------------------------------------------------------
  2979 requests in 10.00s, 1.03MB read
  Socket errors: connect 0, read 0, write 0, timeout 1
  Non-2xx or 3xx responses: 2979
Requests/sec:    297.80
Transfer/sec:    105.28KB
Running 10s test @ http://localhost:8080/wrk2-api/review/compose
  1 threads and 100 connections
  Thread Stats   Avg      Stdev     99%   +/- Stdev
    Latency     6.92ms    3.45ms  19.38ms   86.09%
    Req/Sec       -nan      -nan   0.00      0.00%
  Latency Distribution (HdrHistogram - Recorded Latency)
 50.000%    5.97ms
 75.000%    8.07ms
 90.000%   11.09ms
 99.000%   19.38ms
 99.900%   31.98ms
 99.990%   44.90ms
 99.999%   44.90ms
100.000%   44.90ms

  Detailed Percentile spectrum:
       Value   Percentile   TotalCount 1/(1-Percentile)

       2.885     0.000000            1         1.00
       3.959     0.100000          397         1.11
       4.407     0.200000          797         1.25
       4.787     0.300000         1194         1.43
       5.279     0.400000         1588         1.67
       5.967     0.500000         1984         2.00
       6.335     0.550000         2183         2.22
       6.703     0.600000         2381         2.50
       7.111     0.650000         2582         2.86
       7.583     0.700000         2781         3.33
       8.067     0.750000         2976         4.00
       8.399     0.775000         3076         4.44
       8.727     0.800000         3176         5.00
       9.263     0.825000         3274         5.71
       9.687     0.850000         3375         6.67
      10.343     0.875000         3475         8.00
      10.695     0.887500         3523         8.89
      11.095     0.900000         3572        10.00
      11.463     0.912500         3621        11.43
      11.983     0.925000         3671        13.33
      12.455     0.937500         3720        16.00
      12.887     0.943750         3745        17.78
      13.487     0.950000         3770        20.00
      13.975     0.956250         3796        22.86
      14.543     0.962500         3820        26.67
      15.351     0.968750         3844        32.00
      15.639     0.971875         3858        35.56
      16.055     0.975000         3869        40.00
      16.655     0.978125         3882        45.71
      17.311     0.981250         3895        53.33
      18.319     0.984375         3906        64.00
      18.703     0.985938         3914        71.11
      18.815     0.987500         3919        80.00
      19.167     0.989062         3925        91.43
      19.551     0.990625         3931       106.67
      20.079     0.992188         3937       128.00
      20.543     0.992969         3942       142.22
      20.719     0.993750         3944       160.00
      20.879     0.994531         3947       182.86
      21.887     0.995313         3950       213.33
      22.863     0.996094         3953       256.00
      24.687     0.996484         3955       284.44
      25.103     0.996875         3956       320.00
      25.327     0.997266         3958       365.71
      25.439     0.997656         3959       426.67
      27.439     0.998047         3961       512.00
      28.847     0.998242         3962       568.89
      28.847     0.998437         3962       640.00
      28.927     0.998633         3963       731.43
      31.983     0.998828         3964       853.33
      34.559     0.999023         3965      1024.00
      34.559     0.999121         3965      1137.78
      34.559     0.999219         3965      1280.00
      38.431     0.999316         3966      1462.86
      38.431     0.999414         3966      1706.67
      39.839     0.999512         3967      2048.00
      39.839     0.999561         3967      2275.56
      39.839     0.999609         3967      2560.00
      39.839     0.999658         3967      2925.71
      39.839     0.999707         3967      3413.33
      44.895     0.999756         3968      4096.00
      44.895     1.000000         3968          inf
#[Mean    =        6.921, StdDeviation   =        3.448]
#[Max     =       44.864, Total count    =         3968]
#[Buckets =           27, SubBuckets     =         2048]
----------------------------------------------------------
  3969 requests in 10.00s, 1.37MB read
  Non-2xx or 3xx responses: 3969
Requests/sec:    396.71
Transfer/sec:    140.24KB
Running 10s test @ http://localhost:8080/wrk2-api/review/compose
  1 threads and 100 connections
  Thread Stats   Avg      Stdev     99%   +/- Stdev
    Latency     7.46ms    3.40ms  19.82ms   79.49%
    Req/Sec       -nan      -nan   0.00      0.00%
  Latency Distribution (HdrHistogram - Recorded Latency)
 50.000%    6.57ms
 75.000%    8.87ms
 90.000%   11.89ms
 99.000%   19.82ms
 99.900%   27.65ms
 99.990%   30.50ms
 99.999%   30.50ms
100.000%   30.50ms

  Detailed Percentile spectrum:
       Value   Percentile   TotalCount 1/(1-Percentile)

       3.187     0.000000            1         1.00
       4.267     0.100000          502         1.11
       4.751     0.200000          993         1.25
       5.283     0.300000         1485         1.43
       5.943     0.400000         1983         1.67
       6.575     0.500000         2476         2.00
       6.915     0.550000         2724         2.22
       7.339     0.600000         2970         2.50
       7.739     0.650000         3218         2.86
       8.271     0.700000         3465         3.33
       8.871     0.750000         3713         4.00
       9.263     0.775000         3838         4.44
       9.655     0.800000         3960         5.00
      10.095     0.825000         4088         5.71
      10.559     0.850000         4208         6.67
      11.183     0.875000         4330         8.00
      11.551     0.887500         4392         8.89
      11.887     0.900000         4457        10.00
      12.319     0.912500         4516        11.43
      12.735     0.925000         4578        13.33
      13.359     0.937500         4639        16.00
      13.719     0.943750         4670        17.78
      13.959     0.950000         4701        20.00
      14.407     0.956250         4733        22.86
      14.839     0.962500         4763        26.67
      15.487     0.968750         4794        32.00
      15.935     0.971875         4809        35.56
      16.319     0.975000         4825        40.00
      16.783     0.978125         4840        45.71
      17.343     0.981250         4856        53.33
      18.303     0.984375         4871        64.00
      18.703     0.985938         4880        71.11
      19.135     0.987500         4887        80.00
      19.583     0.989062         4894        91.43
      19.935     0.990625         4904       106.67
      20.607     0.992188         4910       128.00
      20.863     0.992969         4914       142.22
      21.215     0.993750         4918       160.00
      21.711     0.994531         4921       182.86
      22.351     0.995313         4925       213.33
      22.703     0.996094         4929       256.00
      22.975     0.996484         4931       284.44
      23.327     0.996875         4933       320.00
      23.487     0.997266         4935       365.71
      23.647     0.997656         4937       426.67
      24.095     0.998047         4939       512.00
      25.695     0.998242         4940       568.89
      25.727     0.998437         4941       640.00
      27.391     0.998633         4942       731.43
      27.647     0.998828         4943       853.33
      27.919     0.999023         4944      1024.00
      27.919     0.999121         4944      1137.78
      28.239     0.999219         4945      1280.00
      28.239     0.999316         4945      1462.86
      29.503     0.999414         4946      1706.67
      29.503     0.999512         4946      2048.00
      29.503     0.999561         4946      2275.56
      30.463     0.999609         4947      2560.00
      30.463     0.999658         4947      2925.71
      30.463     0.999707         4947      3413.33
      30.463     0.999756         4947      4096.00
      30.463     0.999780         4947      4551.11
      30.495     0.999805         4948      5120.00
      30.495     1.000000         4948          inf
#[Mean    =        7.463, StdDeviation   =        3.396]
#[Max     =       30.480, Total count    =         4948]
#[Buckets =           27, SubBuckets     =         2048]
----------------------------------------------------------
  4949 requests in 10.00s, 1.71MB read
  Non-2xx or 3xx responses: 4949
Requests/sec:    494.94
Transfer/sec:    174.97KB
Running 10s test @ http://localhost:8080/wrk2-api/review/compose
  1 threads and 100 connections
  Thread Stats   Avg      Stdev     99%   +/- Stdev
    Latency     9.46ms    4.85ms  26.78ms   78.60%
    Req/Sec       -nan      -nan   0.00      0.00%
  Latency Distribution (HdrHistogram - Recorded Latency)
 50.000%    8.30ms
 75.000%   11.45ms
 90.000%   15.59ms
 99.000%   26.78ms
 99.900%   36.03ms
 99.990%   51.55ms
 99.999%   60.32ms
100.000%   60.32ms

  Detailed Percentile spectrum:
       Value   Percentile   TotalCount 1/(1-Percentile)

       3.191     0.000000            1         1.00
       4.747     0.100000          599         1.11
       5.571     0.200000         1190         1.25
       6.483     0.300000         1784         1.43
       7.339     0.400000         2379         1.67
       8.303     0.500000         2972         2.00
       8.831     0.550000         3274         2.22
       9.367     0.600000         3573         2.50
       9.999     0.650000         3865         2.86
      10.711     0.700000         4163         3.33
      11.455     0.750000         4458         4.00
      11.919     0.775000         4607         4.44
      12.463     0.800000         4756         5.00
      12.991     0.825000         4905         5.71
      13.655     0.850000         5053         6.67
      14.519     0.875000         5202         8.00
      15.039     0.887500         5276         8.89
      15.591     0.900000         5350        10.00
      16.079     0.912500         5424        11.43
      16.879     0.925000         5500        13.33
      17.759     0.937500         5573        16.00
      18.191     0.943750         5611        17.78
      18.799     0.950000         5648        20.00
      19.375     0.956250         5684        22.86
      20.255     0.962500         5722        26.67
      21.023     0.968750         5759        32.00
      21.487     0.971875         5778        35.56
      22.367     0.975000         5796        40.00
      23.103     0.978125         5814        45.71
      23.807     0.981250         5834        53.33
      24.495     0.984375         5852        64.00
      24.975     0.985938         5861        71.11
      25.679     0.987500         5871        80.00
      26.447     0.989062         5879        91.43
      27.119     0.990625         5889       106.67
      27.935     0.992188         5898       128.00
      28.223     0.992969         5903       142.22
      28.575     0.993750         5907       160.00
      29.439     0.994531         5912       182.86
      30.287     0.995313         5917       213.33
      30.991     0.996094         5921       256.00
      31.679     0.996484         5924       284.44
      31.999     0.996875         5926       320.00
      32.095     0.997266         5928       365.71
      32.447     0.997656         5931       426.67
      32.895     0.998047         5933       512.00
      33.375     0.998242         5934       568.89
      33.983     0.998437         5935       640.00
      35.007     0.998633         5936       731.43
      36.031     0.998828         5938       853.33
      37.183     0.999023         5939      1024.00
      37.183     0.999121         5939      1137.78
      41.983     0.999219         5940      1280.00
      41.983     0.999316         5940      1462.86
      42.175     0.999414         5941      1706.67
      42.367     0.999512         5942      2048.00
      42.367     0.999561         5942      2275.56
      42.367     0.999609         5942      2560.00
      42.367     0.999658         5942      2925.71
      51.551     0.999707         5943      3413.33
      51.551     0.999756         5943      4096.00
      51.551     0.999780         5943      4551.11
      51.551     0.999805         5943      5120.00
      51.551     0.999829         5943      5851.43
      60.319     0.999854         5944      6826.67
      60.319     1.000000         5944          inf
#[Mean    =        9.462, StdDeviation   =        4.848]
#[Max     =       60.288, Total count    =         5944]
#[Buckets =           27, SubBuckets     =         2048]
----------------------------------------------------------
  5945 requests in 10.00s, 2.05MB read
  Non-2xx or 3xx responses: 5945
Requests/sec:    594.57
Transfer/sec:    210.19KB
Running 10s test @ http://localhost:8080/wrk2-api/review/compose
  1 threads and 100 connections
  Thread Stats   Avg      Stdev     99%   +/- Stdev
    Latency    10.96ms    5.58ms  29.84ms   76.39%
    Req/Sec       -nan      -nan   0.00      0.00%
  Latency Distribution (HdrHistogram - Recorded Latency)
 50.000%    9.68ms
 75.000%   13.36ms
 90.000%   17.98ms
 99.000%   29.84ms
 99.900%   46.30ms
 99.990%   55.71ms
 99.999%   55.71ms
100.000%   55.71ms

  Detailed Percentile spectrum:
       Value   Percentile   TotalCount 1/(1-Percentile)

       3.369     0.000000            1         1.00
       5.351     0.100000          693         1.11
       6.583     0.200000         1383         1.25
       7.567     0.300000         2075         1.43
       8.599     0.400000         2772         1.67
       9.679     0.500000         3459         2.00
      10.255     0.550000         3805         2.22
      10.895     0.600000         4150         2.50
      11.599     0.650000         4494         2.86
      12.431     0.700000         4841         3.33
      13.359     0.750000         5187         4.00
      13.879     0.775000         5358         4.44
      14.471     0.800000         5535         5.00
      15.119     0.825000         5704         5.71
      15.927     0.850000         5877         6.67
      16.943     0.875000         6050         8.00
      17.423     0.887500         6137         8.89
      17.983     0.900000         6226        10.00
      18.623     0.912500         6310        11.43
      19.455     0.925000         6395        13.33
      20.415     0.937500         6481        16.00
      21.007     0.943750         6526        17.78
      21.487     0.950000         6568        20.00
      22.223     0.956250         6612        22.86
      22.943     0.962500         6654        26.67
      23.935     0.968750         6697        32.00
      24.767     0.971875         6720        35.56
      25.359     0.975000         6741        40.00
      25.839     0.978125         6762        45.71
      26.671     0.981250         6784        53.33
      27.503     0.984375         6806        64.00
      27.951     0.985938         6816        71.11
      28.655     0.987500         6827        80.00
      29.567     0.989062         6838        91.43
      30.095     0.990625         6850       106.67
      30.895     0.992188         6859       128.00
      31.999     0.992969         6866       142.22
      33.375     0.993750         6870       160.00
      34.655     0.994531         6876       182.86
      35.551     0.995313         6881       213.33
      36.511     0.996094         6887       256.00
      36.991     0.996484         6889       284.44
      38.719     0.996875         6892       320.00
      40.639     0.997266         6895       365.71
      40.703     0.997656         6897       426.67
      41.087     0.998047         6900       512.00
      41.439     0.998242         6901       568.89
      43.519     0.998437         6903       640.00
      44.575     0.998633         6904       731.43
      45.695     0.998828         6905       853.33
      46.879     0.999023         6907      1024.00
      46.879     0.999121         6907      1137.78
      48.639     0.999219         6908      1280.00
      50.815     0.999316         6909      1462.86
      50.815     0.999414         6909      1706.67
      51.743     0.999512         6910      2048.00
      51.743     0.999561         6910      2275.56
      52.223     0.999609         6911      2560.00
      52.223     0.999658         6911      2925.71
      52.223     0.999707         6911      3413.33
      55.711     0.999756         6913      4096.00
      55.711     1.000000         6913          inf
#[Mean    =       10.957, StdDeviation   =        5.578]
#[Max     =       55.680, Total count    =         6913]
#[Buckets =           27, SubBuckets     =         2048]
----------------------------------------------------------
  6914 requests in 10.00s, 2.39MB read
  Non-2xx or 3xx responses: 6914
Requests/sec:    691.42
Transfer/sec:    244.43KB
Running 10s test @ http://localhost:8080/wrk2-api/review/compose
  1 threads and 100 connections
  Thread Stats   Avg      Stdev     99%   +/- Stdev
    Latency    14.86ms    8.06ms  42.69ms   77.91%
    Req/Sec       -nan      -nan   0.00      0.00%
  Latency Distribution (HdrHistogram - Recorded Latency)
 50.000%   13.10ms
 75.000%   18.48ms
 90.000%   24.58ms
 99.000%   42.69ms
 99.900%   63.84ms
 99.990%   76.99ms
 99.999%   92.03ms
100.000%   92.03ms

  Detailed Percentile spectrum:
       Value   Percentile   TotalCount 1/(1-Percentile)

       3.067     0.000000            1         1.00
       6.955     0.100000          793         1.11
       8.583     0.200000         1583         1.25
      10.023     0.300000         2373         1.43
      11.511     0.400000         3164         1.67
      13.095     0.500000         3956         2.00
      13.935     0.550000         4350         2.22
      14.791     0.600000         4746         2.50
      15.847     0.650000         5140         2.86
      17.039     0.700000         5536         3.33
      18.479     0.750000         5932         4.00
      19.183     0.775000         6130         4.44
      20.047     0.800000         6328         5.00
      20.879     0.825000         6527         5.71
      21.855     0.850000         6722         6.67
      23.007     0.875000         6921         8.00
      23.759     0.887500         7019         8.89
      24.591     0.900000         7117        10.00
      25.551     0.912500         7216        11.43
      26.623     0.925000         7315        13.33
      28.207     0.937500         7413        16.00
      29.007     0.943750         7464        17.78
      29.711     0.950000         7513        20.00
      30.735     0.956250         7562        22.86
      32.127     0.962500         7611        26.67
      33.823     0.968750         7660        32.00
      34.687     0.971875         7686        35.56
      35.615     0.975000         7710        40.00
      36.511     0.978125         7736        45.71
      37.823     0.981250         7759        53.33
      38.879     0.984375         7785        64.00
      39.999     0.985938         7796        71.11
      41.247     0.987500         7809        80.00
      42.207     0.989062         7821        91.43
      42.943     0.990625         7833       106.67
      45.663     0.992188         7846       128.00
      46.367     0.992969         7852       142.22
      48.351     0.993750         7859       160.00
      48.607     0.994531         7864       182.86
      51.391     0.995313         7870       213.33
      53.471     0.996094         7877       256.00
      55.071     0.996484         7880       284.44
      56.671     0.996875         7883       320.00
      56.831     0.997266         7886       365.71
      58.783     0.997656         7889       426.67
      59.743     0.998047         7892       512.00
      61.791     0.998242         7894       568.89
      61.887     0.998437         7895       640.00
      63.103     0.998633         7897       731.43
      63.263     0.998828         7898       853.33
      68.031     0.999023         7900      1024.00
      68.159     0.999121         7901      1137.78
      68.159     0.999219         7901      1280.00
      70.527     0.999316         7902      1462.86
      71.423     0.999414         7903      1706.67
      72.575     0.999512         7904      2048.00
      72.575     0.999561         7904      2275.56
      72.575     0.999609         7904      2560.00
      74.239     0.999658         7905      2925.71
      74.239     0.999707         7905      3413.33
      76.991     0.999756         7906      4096.00
      76.991     0.999780         7906      4551.11
      76.991     0.999805         7906      5120.00
      76.991     0.999829         7906      5851.43
      76.991     0.999854         7906      6826.67
      92.031     0.999878         7907      8192.00
      92.031     1.000000         7907          inf
#[Mean    =       14.862, StdDeviation   =        8.057]
#[Max     =       91.968, Total count    =         7907]
#[Buckets =           27, SubBuckets     =         2048]
----------------------------------------------------------
  7908 requests in 10.00s, 2.73MB read
  Non-2xx or 3xx responses: 7908
Requests/sec:    790.77
Transfer/sec:    279.55KB
Running 10s test @ http://localhost:8080/wrk2-api/review/compose
  1 threads and 100 connections
  Thread Stats   Avg      Stdev     99%   +/- Stdev
    Latency    24.14ms   13.72ms  75.20ms   78.67%
    Req/Sec       -nan      -nan   0.00      0.00%
  Latency Distribution (HdrHistogram - Recorded Latency)
 50.000%   21.23ms
 75.000%   29.53ms
 90.000%   40.74ms
 99.000%   75.20ms
 99.900%  108.42ms
 99.990%  154.88ms
 99.999%  178.56ms
100.000%  178.56ms

  Detailed Percentile spectrum:
       Value   Percentile   TotalCount 1/(1-Percentile)

       3.995     0.000000            1         1.00
      10.767     0.100000          891         1.11
      13.679     0.200000         1783         1.25
      16.255     0.300000         2674         1.43
      18.719     0.400000         3565         1.67
      21.231     0.500000         4453         2.00
      22.495     0.550000         4902         2.22
      24.063     0.600000         5350         2.50
      25.567     0.650000         5789         2.86
      27.359     0.700000         6238         3.33
      29.535     0.750000         6681         4.00
      30.783     0.775000         6901         4.44
      32.127     0.800000         7124         5.00
      33.727     0.825000         7353         5.71
      35.679     0.850000         7570         6.67
      37.759     0.875000         7791         8.00
      39.103     0.887500         7905         8.89
      40.735     0.900000         8014        10.00
      42.399     0.912500         8125        11.43
      44.415     0.925000         8237        13.33
      46.719     0.937500         8348        16.00
      48.095     0.943750         8407        17.78
      49.631     0.950000         8459        20.00
      51.327     0.956250         8515        22.86
      53.503     0.962500         8571        26.67
      56.031     0.968750         8626        32.00
      56.799     0.971875         8654        35.56
      58.431     0.975000         8683        40.00
      60.543     0.978125         8710        45.71
      63.519     0.981250         8738        53.33
      66.047     0.984375         8765        64.00
      67.199     0.985938         8779        71.11
      71.103     0.987500         8793        80.00
      73.855     0.989062         8807        91.43
      76.799     0.990625         8821       106.67
      79.039     0.992188         8835       128.00
      81.215     0.992969         8842       142.22
      82.815     0.993750         8849       160.00
      84.351     0.994531         8856       182.86
      85.951     0.995313         8863       213.33
      88.703     0.996094         8870       256.00
      89.919     0.996484         8873       284.44
      91.903     0.996875         8877       320.00
      92.351     0.997266         8880       365.71
      96.127     0.997656         8884       426.67
      98.367     0.998047         8887       512.00
     101.503     0.998242         8890       568.89
     103.807     0.998437         8891       640.00
     104.639     0.998633         8892       731.43
     108.159     0.998828         8894       853.33
     108.607     0.999023         8896      1024.00
     110.975     0.999121         8897      1137.78
     122.431     0.999219         8898      1280.00
     122.431     0.999316         8898      1462.86
     126.719     0.999414         8899      1706.67
     127.423     0.999512         8900      2048.00
     131.583     0.999561         8901      2275.56
     131.583     0.999609         8901      2560.00
     131.583     0.999658         8901      2925.71
     134.783     0.999707         8902      3413.33
     134.783     0.999756         8902      4096.00
     154.879     0.999780         8903      4551.11
     154.879     0.999805         8903      5120.00
     154.879     0.999829         8903      5851.43
     154.879     0.999854         8903      6826.67
     154.879     0.999878         8903      8192.00
     178.559     0.999890         8904      9102.22
     178.559     1.000000         8904          inf
#[Mean    =       24.143, StdDeviation   =       13.716]
#[Max     =      178.432, Total count    =         8904]
#[Buckets =           27, SubBuckets     =         2048]
----------------------------------------------------------
  8905 requests in 10.00s, 3.07MB read
  Non-2xx or 3xx responses: 8905
Requests/sec:    890.45
Transfer/sec:    314.79KB
Running 10s test @ http://localhost:8080/wrk2-api/review/compose
  1 threads and 100 connections
  Thread Stats   Avg      Stdev     99%   +/- Stdev
    Latency    50.65ms   31.71ms 168.83ms   81.97%
    Req/Sec       -nan      -nan   0.00      0.00%
  Latency Distribution (HdrHistogram - Recorded Latency)
 50.000%   42.65ms
 75.000%   61.06ms
 90.000%   89.21ms
 99.000%  168.83ms
 99.900%  256.38ms
 99.990%  308.48ms
 99.999%  337.66ms
100.000%  337.66ms

  Detailed Percentile spectrum:
       Value   Percentile   TotalCount 1/(1-Percentile)

       3.303     0.000000            1         1.00
      22.255     0.100000          984         1.11
      27.663     0.200000         1959         1.25
      32.431     0.300000         2940         1.43
      37.183     0.400000         3922         1.67
      42.655     0.500000         4905         2.00
      45.311     0.550000         5391         2.22
      48.415     0.600000         5880         2.50
      52.255     0.650000         6370         2.86
      56.191     0.700000         6859         3.33
      61.087     0.750000         7347         4.00
      64.127     0.775000         7592         4.44
      67.519     0.800000         7839         5.00
      71.743     0.825000         8082         5.71
      76.543     0.850000         8328         6.67
      81.855     0.875000         8574         8.00
      84.991     0.887500         8694         8.89
      89.215     0.900000         8818        10.00
      92.991     0.912500         8939        11.43
      98.751     0.925000         9062        13.33
     104.767     0.937500         9183        16.00
     107.711     0.943750         9245        17.78
     111.743     0.950000         9306        20.00
     117.311     0.956250         9368        22.86
     121.215     0.962500         9428        26.67
     127.551     0.968750         9490        32.00
     131.583     0.971875         9520        35.56
     136.575     0.975000         9554        40.00
     139.775     0.978125         9581        45.71
     147.583     0.981250         9612        53.33
     154.367     0.984375         9643        64.00
     158.463     0.985938         9658        71.11
     161.663     0.987500         9673        80.00
     165.887     0.989062         9689        91.43
     175.615     0.990625         9704       106.67
     180.607     0.992188         9720       128.00
     185.087     0.992969         9727       142.22
     188.159     0.993750         9734       160.00
     192.639     0.994531         9742       182.86
     201.343     0.995313         9750       213.33
     204.671     0.996094         9757       256.00
     212.479     0.996484         9761       284.44
     215.679     0.996875         9765       320.00
     219.519     0.997266         9769       365.71
     222.079     0.997656         9773       426.67
     230.399     0.998047         9776       512.00
     232.191     0.998242         9778       568.89
     243.839     0.998437         9780       640.00
     245.631     0.998633         9782       731.43
     253.055     0.998828         9784       853.33
     262.655     0.999023         9786      1024.00
     266.751     0.999121         9787      1137.78
     267.263     0.999219         9788      1280.00
     273.919     0.999316         9789      1462.86
     274.943     0.999414         9790      1706.67
     276.223     0.999512         9791      2048.00
     276.223     0.999561         9791      2275.56
     276.991     0.999609         9792      2560.00
     276.991     0.999658         9792      2925.71
     277.759     0.999707         9793      3413.33
     277.759     0.999756         9793      4096.00
     277.759     0.999780         9793      4551.11
     308.479     0.999805         9794      5120.00
     308.479     0.999829         9794      5851.43
     308.479     0.999854         9794      6826.67
     308.479     0.999878         9794      8192.00
     308.479     0.999890         9794      9102.22
     337.663     0.999902         9795     10240.00
     337.663     1.000000         9795          inf
#[Mean    =       50.646, StdDeviation   =       31.709]
#[Max     =      337.408, Total count    =         9795]
#[Buckets =           27, SubBuckets     =         2048]
----------------------------------------------------------
  9796 requests in 10.00s, 3.38MB read
  Non-2xx or 3xx responses: 9796
Requests/sec:    979.72
Transfer/sec:    346.35KB
Running 10s test @ http://localhost:8080/wrk2-api/review/compose
  1 threads and 100 connections
  Thread Stats   Avg      Stdev     99%   +/- Stdev
    Latency   762.99ms  681.15ms   2.74s    75.75%
    Req/Sec       -nan      -nan   0.00      0.00%
  Latency Distribution (HdrHistogram - Recorded Latency)
 50.000%  541.70ms
 75.000%    1.16s 
 90.000%    1.79s 
 99.000%    2.74s 
 99.900%    3.28s 
 99.990%    3.49s 
 99.999%    3.54s 
100.000%    3.54s 

  Detailed Percentile spectrum:
       Value   Percentile   TotalCount 1/(1-Percentile)

       3.815     0.000000            1         1.00
      96.191     0.100000          906         1.11
     167.039     0.200000         1810         1.25
     258.687     0.300000         2715         1.43
     382.207     0.400000         3620         1.67
     541.695     0.500000         4524         2.00
     628.223     0.550000         4978         2.22
     732.671     0.600000         5431         2.50
     865.791     0.650000         5882         2.86
    1012.735     0.700000         6334         3.33
    1160.191     0.750000         6787         4.00
    1232.895     0.775000         7014         4.44
    1323.007     0.800000         7240         5.00
    1433.599     0.825000         7469         5.71
    1537.023     0.850000         7693         6.67
    1650.687     0.875000         7918         8.00
    1719.295     0.887500         8032         8.89
    1787.903     0.900000         8144        10.00
    1864.703     0.912500         8257        11.43
    1963.007     0.925000         8370        13.33
    2066.431     0.937500         8485        16.00
    2117.631     0.943750         8542        17.78
    2179.071     0.950000         8598        20.00
    2238.463     0.956250         8655        22.86
    2297.855     0.962500         8709        26.67
    2377.727     0.968750         8767        32.00
    2420.735     0.971875         8794        35.56
    2467.839     0.975000         8822        40.00
    2531.327     0.978125         8852        45.71
    2572.287     0.981250         8880        53.33
    2623.487     0.984375         8907        64.00
    2654.207     0.985938         8921        71.11
    2674.687     0.987500         8935        80.00
    2732.031     0.989062         8951        91.43
    2760.703     0.990625         8965       106.67
    2797.567     0.992188         8978       128.00
    2822.143     0.992969         8987       142.22
    2832.383     0.993750         8992       160.00
    2865.151     0.994531         8999       182.86
    2932.735     0.995313         9006       213.33
    2965.503     0.996094         9013       256.00
    2990.079     0.996484         9017       284.44
    3016.703     0.996875         9020       320.00
    3057.663     0.997266         9024       365.71
    3096.575     0.997656         9028       426.67
    3158.015     0.998047         9031       512.00
    3198.975     0.998242         9033       568.89
    3217.407     0.998437         9034       640.00
    3233.791     0.998633         9036       731.43
    3272.703     0.998828         9038       853.33
    3317.759     0.999023         9040      1024.00
    3327.999     0.999121         9041      1137.78
    3327.999     0.999219         9041      1280.00
    3334.143     0.999316         9042      1462.86
    3385.343     0.999414         9043      1706.67
    3389.439     0.999512         9044      2048.00
    3391.487     0.999561         9045      2275.56
    3391.487     0.999609         9045      2560.00
    3391.487     0.999658         9045      2925.71
    3407.871     0.999707         9046      3413.33
    3407.871     0.999756         9046      4096.00
    3491.839     0.999780         9047      4551.11
    3491.839     0.999805         9047      5120.00
    3491.839     0.999829         9047      5851.43
    3491.839     0.999854         9047      6826.67
    3491.839     0.999878         9047      8192.00
    3538.943     0.999890         9048      9102.22
    3538.943     1.000000         9048          inf
#[Mean    =      762.995, StdDeviation   =      681.145]
#[Max     =     3536.896, Total count    =         9048]
#[Buckets =           27, SubBuckets     =         2048]
----------------------------------------------------------
  9049 requests in 10.00s, 3.12MB read
  Non-2xx or 3xx responses: 9049
Requests/sec:    904.73
Transfer/sec:    319.83KB
