Running 5s test @ http://127.0.0.1:8080
  1 threads and 50 connections
  Thread Stats   Avg      Stdev     99%   +/- Stdev
    Latency   188.01us   46.20us 335.00us   82.49%
    Req/Sec       -nan      -nan   0.00      0.00%
  Latency Distribution (HdrHistogram - Recorded Latency)
 50.000%  170.00us
 75.000%  211.00us
 90.000%  249.00us
 99.000%  335.00us
 99.900%  544.00us
 99.990%  767.00us
 99.999%  767.00us
100.000%  767.00us

  Detailed Percentile spectrum:
       Value   Percentile   TotalCount 1/(1-Percentile)

       0.127     0.000000            1         1.00
       0.151     0.100000          257         1.11
       0.155     0.200000          522         1.25
       0.158     0.300000          747         1.43
       0.163     0.400000         1010         1.67
       0.170     0.500000         1234         2.00
       0.175     0.550000         1374         2.22
       0.180     0.600000         1472         2.50
       0.186     0.650000         1597         2.86
       0.195     0.700000         1715         3.33
       0.211     0.750000         1844         4.00
       0.219     0.775000         1901         4.44
       0.227     0.800000         1967         5.00
       0.232     0.825000         2027         5.71
       0.239     0.850000         2091         6.67
       0.244     0.875000         2153         8.00
       0.246     0.887500         2180         8.89
       0.249     0.900000         2209        10.00
       0.253     0.912500         2244        11.43
       0.256     0.925000         2268        13.33
       0.262     0.937500         2304        16.00
       0.264     0.943750         2313        17.78
       0.268     0.950000         2328        20.00
       0.272     0.956250         2344        22.86
       0.280     0.962500         2359        26.67
       0.288     0.968750         2374        32.00
       0.294     0.971875         2382        35.56
       0.297     0.975000         2392        40.00
       0.307     0.978125         2398        45.71
       0.313     0.981250         2406        53.33
       0.321     0.984375         2413        64.00
       0.325     0.985938         2417        71.11
       0.329     0.987500         2420        80.00
       0.333     0.989062         2425        91.43
       0.336     0.990625         2428       106.67
       0.342     0.992188         2431       128.00
       0.346     0.992969         2433       142.22
       0.351     0.993750         2435       160.00
       0.354     0.994531         2437       182.86
       0.371     0.995313         2439       213.33
       0.377     0.996094         2441       256.00
       0.390     0.996484         2442       284.44
       0.396     0.996875         2443       320.00
       0.403     0.997266         2444       365.71
       0.422     0.997656         2445       426.67
       0.453     0.998047         2446       512.00
       0.453     0.998242         2446       568.89
       0.461     0.998437         2447       640.00
       0.461     0.998633         2447       731.43
       0.544     0.998828         2448       853.33
       0.544     0.999023         2448      1024.00
       0.544     0.999121         2448      1137.78
       0.632     0.999219         2449      1280.00
       0.632     0.999316         2449      1462.86
       0.632     0.999414         2449      1706.67
       0.632     0.999512         2449      2048.00
       0.632     0.999561         2449      2275.56
       0.767     0.999609         2450      2560.00
       0.767     1.000000         2450          inf
#[Mean    =        0.188, StdDeviation   =        0.046]
#[Max     =        0.767, Total count    =         2450]
#[Buckets =           27, SubBuckets     =         2048]
----------------------------------------------------------
  2451 requests in 5.00s, 2.09MB read
Requests/sec:    489.79
Transfer/sec:    428.57KB
Running 5s test @ http://127.0.0.1:8080
  1 threads and 50 connections
  Thread Stats   Avg      Stdev     99%   +/- Stdev
    Latency   703.43us  228.15us   1.33ms   70.46%
    Req/Sec       -nan      -nan   0.00      0.00%
  Latency Distribution (HdrHistogram - Recorded Latency)
 50.000%  685.00us
 75.000%  842.00us
 90.000%    0.98ms
 99.000%    1.33ms
 99.900%    2.11ms
 99.990%    2.79ms
 99.999%    3.53ms
100.000%    3.53ms

  Detailed Percentile spectrum:
       Value   Percentile   TotalCount 1/(1-Percentile)

       0.155     0.000000            1         1.00
       0.435     0.100000         5007         1.11
       0.505     0.200000         9937         1.25
       0.570     0.300000        14975         1.43
       0.628     0.400000        19928         1.67
       0.685     0.500000        24893         2.00
       0.713     0.550000        27324         2.22
       0.743     0.600000        29827         2.50
       0.774     0.650000        32310         2.86
       0.806     0.700000        34778         3.33
       0.842     0.750000        37263         4.00
       0.860     0.775000        38500         4.44
       0.880     0.800000        39774         5.00
       0.901     0.825000        40985         5.71
       0.924     0.850000        42241         6.67
       0.951     0.875000        43486         8.00
       0.966     0.887500        44099         8.89
       0.982     0.900000        44716        10.00
       1.001     0.912500        45351        11.43
       1.022     0.925000        45971        13.33
       1.046     0.937500        46577        16.00
       1.062     0.943750        46895        17.78
       1.077     0.950000        47200        20.00
       1.095     0.956250        47514        22.86
       1.119     0.962500        47822        26.67
       1.148     0.968750        48128        32.00
       1.165     0.971875        48282        35.56
       1.184     0.975000        48438        40.00
       1.210     0.978125        48592        45.71
       1.241     0.981250        48748        53.33
       1.268     0.984375        48900        64.00
       1.286     0.985938        48979        71.11
       1.300     0.987500        49057        80.00
       1.317     0.989062        49137        91.43
       1.336     0.990625        49212       106.67
       1.362     0.992188        49290       128.00
       1.382     0.992969        49328       142.22
       1.406     0.993750        49366       160.00
       1.436     0.994531        49406       182.86
       1.487     0.995313        49445       213.33
       1.557     0.996094        49482       256.00
       1.590     0.996484        49502       284.44
       1.630     0.996875        49521       320.00
       1.666     0.997266        49541       365.71
       1.695     0.997656        49562       426.67
       1.730     0.998047        49580       512.00
       1.745     0.998242        49589       568.89
       1.766     0.998437        49601       640.00
       1.792     0.998633        49609       731.43
       1.840     0.998828        49618       853.33
       2.117     0.999023        49628      1024.00
       2.175     0.999121        49633      1137.78
       2.311     0.999219        49638      1280.00
       2.481     0.999316        49643      1462.86
       2.543     0.999414        49647      1706.67
       2.633     0.999512        49652      2048.00
       2.643     0.999561        49655      2275.56
       2.655     0.999609        49657      2560.00
       2.679     0.999658        49660      2925.71
       2.691     0.999707        49662      3413.33
       2.699     0.999756        49664      4096.00
       2.715     0.999780        49666      4551.11
       2.717     0.999805        49667      5120.00
       2.725     0.999829        49668      5851.43
       2.733     0.999854        49669      6826.67
       2.737     0.999878        49670      8192.00
       2.785     0.999890        49671      9102.22
       2.801     0.999902        49672     10240.00
       2.801     0.999915        49672     11702.86
       2.829     0.999927        49673     13653.33
       2.829     0.999939        49673     16384.00
       2.841     0.999945        49674     18204.44
       2.841     0.999951        49674     20480.00
       2.841     0.999957        49674     23405.71
       3.507     0.999963        49675     27306.67
       3.507     0.999969        49675     32768.00
       3.507     0.999973        49675     36408.89
       3.507     0.999976        49675     40960.00
       3.507     0.999979        49675     46811.43
       3.525     0.999982        49676     54613.33
       3.525     1.000000        49676          inf
#[Mean    =        0.703, StdDeviation   =        0.228]
#[Max     =        3.524, Total count    =        49676]
#[Buckets =           27, SubBuckets     =         2048]
----------------------------------------------------------
  49687 requests in 5.00s, 42.46MB read
Requests/sec:   9937.18
Transfer/sec:      8.49MB
Running 5s test @ http://127.0.0.1:8080
  1 threads and 50 connections
  Thread Stats   Avg      Stdev     99%   +/- Stdev
    Latency     0.95ms  343.56us   1.88ms   68.94%
    Req/Sec       -nan      -nan   0.00      0.00%
  Latency Distribution (HdrHistogram - Recorded Latency)
 50.000%    0.89ms
 75.000%    1.18ms
 90.000%    1.39ms
 99.000%    1.88ms
 99.900%    2.71ms
 99.990%    3.86ms
 99.999%    4.46ms
100.000%    4.47ms

  Detailed Percentile spectrum:
       Value   Percentile   TotalCount 1/(1-Percentile)

       0.156     0.000000            1         1.00
       0.557     0.100000         7516         1.11
       0.642     0.200000        14943         1.25
       0.717     0.300000        22422         1.43
       0.797     0.400000        29912         1.67
       0.895     0.500000        37331         2.00
       0.953     0.550000        41043         2.22
       1.009     0.600000        44742         2.50
       1.066     0.650000        48512         2.86
       1.124     0.700000        52241         3.33
       1.180     0.750000        55933         4.00
       1.211     0.775000        57830         4.44
       1.240     0.800000        59691         5.00
       1.272     0.825000        61504         5.71
       1.307     0.850000        63397         6.67
       1.346     0.875000        65236         8.00
       1.368     0.887500        66206         8.89
       1.392     0.900000        67112        10.00
       1.417     0.912500        68034        11.43
       1.447     0.925000        68975        13.33
       1.482     0.937500        69904        16.00
       1.502     0.943750        70381        17.78
       1.520     0.950000        70829        20.00
       1.542     0.956250        71303        22.86
       1.569     0.962500        71761        26.67
       1.599     0.968750        72230        32.00
       1.619     0.971875        72458        35.56
       1.640     0.975000        72690        40.00
       1.664     0.978125        72927        45.71
       1.690     0.981250        73155        53.33
       1.730     0.984375        73388        64.00
       1.753     0.985938        73502        71.11
       1.793     0.987500        73619        80.00
       1.845     0.989062        73735        91.43
       1.908     0.990625        73852       106.67
       1.968     0.992188        73971       128.00
       2.003     0.992969        74028       142.22
       2.051     0.993750        74085       160.00
       2.101     0.994531        74144       182.86
       2.157     0.995313        74203       213.33
       2.219     0.996094        74259       256.00
       2.265     0.996484        74289       284.44
       2.303     0.996875        74319       320.00
       2.361     0.997266        74347       365.71
       2.437     0.997656        74376       426.67
       2.497     0.998047        74405       512.00
       2.517     0.998242        74420       568.89
       2.555     0.998437        74435       640.00
       2.597     0.998633        74449       731.43
       2.663     0.998828        74463       853.33
       2.709     0.999023        74478      1024.00
       2.761     0.999121        74485      1137.78
       2.827     0.999219        74492      1280.00
       2.895     0.999316        74500      1462.86
       2.905     0.999414        74507      1706.67
       2.937     0.999512        74514      2048.00
       2.947     0.999561        74518      2275.56
       2.961     0.999609        74521      2560.00
       2.989     0.999658        74525      2925.71
       3.631     0.999707        74529      3413.33
       3.677     0.999756        74532      4096.00
       3.695     0.999780        74534      4551.11
       3.719     0.999805        74536      5120.00
       3.723     0.999829        74538      5851.43
       3.765     0.999854        74540      6826.67
       3.773     0.999878        74541      8192.00
       3.819     0.999890        74542      9102.22
       3.861     0.999902        74543     10240.00
       3.865     0.999915        74544     11702.86
       3.869     0.999927        74545     13653.33
       3.907     0.999939        74546     16384.00
       3.907     0.999945        74546     18204.44
       3.911     0.999951        74547     20480.00
       3.911     0.999957        74547     23405.71
       4.419     0.999963        74548     27306.67
       4.419     0.999969        74548     32768.00
       4.419     0.999973        74548     36408.89
       4.463     0.999976        74549     40960.00
       4.463     0.999979        74549     46811.43
       4.463     0.999982        74549     54613.33
       4.463     0.999985        74549     65536.00
       4.463     0.999986        74549     72817.78
       4.467     0.999988        74550     81920.00
       4.467     1.000000        74550          inf
#[Mean    =        0.946, StdDeviation   =        0.344]
#[Max     =        4.464, Total count    =        74550]
#[Buckets =           27, SubBuckets     =         2048]
----------------------------------------------------------
  74566 requests in 5.00s, 63.72MB read
Requests/sec:  14907.94
Transfer/sec:     12.74MB
Running 5s test @ http://127.0.0.1:8080
  1 threads and 50 connections
  Thread Stats   Avg      Stdev     99%   +/- Stdev
    Latency     1.36ms    0.87ms   5.00ms   91.03%
    Req/Sec       -nan      -nan   0.00      0.00%
  Latency Distribution (HdrHistogram - Recorded Latency)
 50.000%    1.14ms
 75.000%    1.55ms
 90.000%    2.10ms
 99.000%    5.00ms
 99.900%    8.13ms
 99.990%   14.63ms
 99.999%   14.90ms
100.000%   14.98ms

  Detailed Percentile spectrum:
       Value   Percentile   TotalCount 1/(1-Percentile)

       0.185     0.000000            1         1.00
       0.739     0.100000         9952         1.11
       0.839     0.200000        19987         1.25
       0.929     0.300000        29915         1.43
       1.026     0.400000        39803         1.67
       1.138     0.500000        49700         2.00
       1.207     0.550000        54665         2.22
       1.282     0.600000        59688         2.50
       1.363     0.650000        64620         2.86
       1.451     0.700000        69570         3.33
       1.548     0.750000        74558         4.00
       1.603     0.775000        77040         4.44
       1.665     0.800000        79523         5.00
       1.737     0.825000        81990         5.71
       1.835     0.850000        84480         6.67
       1.948     0.875000        86970         8.00
       2.021     0.887500        88212         8.89
       2.103     0.900000        89457        10.00
       2.201     0.912500        90710        11.43
       2.307     0.925000        91937        13.33
       2.453     0.937500        93177        16.00
       2.561     0.943750        93793        17.78
       2.703     0.950000        94412        20.00
       2.881     0.956250        95038        22.86
       3.117     0.962500        95656        26.67
       3.405     0.968750        96276        32.00
       3.547     0.971875        96587        35.56
       3.709     0.975000        96900        40.00
       3.875     0.978125        97210        45.71
       4.025     0.981250        97521        53.33
       4.255     0.984375        97829        64.00
       4.391     0.985938        97987        71.11
       4.539     0.987500        98138        80.00
       4.727     0.989062        98295        91.43
       5.255     0.990625        98451       106.67
       5.731     0.992188        98604       128.00
       6.023     0.992969        98683       142.22
       6.311     0.993750        98759       160.00
       6.683     0.994531        98837       182.86
       6.959     0.995313        98915       213.33
       7.167     0.996094        98998       256.00
       7.243     0.996484        99031       284.44
       7.307     0.996875        99070       320.00
       7.399     0.997266        99109       365.71
       7.507     0.997656        99149       426.67
       7.595     0.998047        99186       512.00
       7.667     0.998242        99207       568.89
       7.743     0.998437        99225       640.00
       7.859     0.998633        99246       731.43
       8.043     0.998828        99264       853.33
       8.375     0.999023        99283      1024.00
       9.071     0.999121        99293      1137.78
       9.447     0.999219        99303      1280.00
       9.615     0.999316        99314      1462.86
       9.855     0.999414        99322      1706.67
      10.159     0.999512        99332      2048.00
      10.215     0.999561        99337      2275.56
      10.279     0.999609        99343      2560.00
      10.535     0.999658        99347      2925.71
      10.639     0.999707        99351      3413.33
      13.823     0.999756        99357      4096.00
      14.271     0.999780        99359      4551.11
      14.375     0.999805        99361      5120.00
      14.423     0.999829        99364      5851.43
      14.431     0.999854        99366      6826.67
      14.583     0.999878        99368      8192.00
      14.631     0.999890        99371      9102.22
      14.631     0.999902        99371     10240.00
      14.823     0.999915        99372     11702.86
      14.831     0.999927        99375     13653.33
      14.831     0.999939        99375     16384.00
      14.831     0.999945        99375     18204.44
      14.903     0.999951        99379     20480.00
      14.903     0.999957        99379     23405.71
      14.903     0.999963        99379     27306.67
      14.903     0.999969        99379     32768.00
      14.903     0.999973        99379     36408.89
      14.903     0.999976        99379     40960.00
      14.903     0.999979        99379     46811.43
      14.903     0.999982        99379     54613.33
      14.903     0.999985        99379     65536.00
      14.903     0.999986        99379     72817.78
      14.903     0.999988        99379     81920.00
      14.903     0.999989        99379     93622.86
      14.975     0.999991        99380    109226.67
      14.975     1.000000        99380          inf
#[Mean    =        1.362, StdDeviation   =        0.872]
#[Max     =       14.968, Total count    =        99380]
#[Buckets =           27, SubBuckets     =         2048]
----------------------------------------------------------
  99400 requests in 5.00s, 84.94MB read
Requests/sec:  19879.87
Transfer/sec:     16.99MB
Running 5s test @ http://127.0.0.1:8080
  1 threads and 50 connections
  Thread Stats   Avg      Stdev     99%   +/- Stdev
    Latency     2.47ms    1.08ms   5.72ms   73.22%
    Req/Sec       -nan      -nan   0.00      0.00%
  Latency Distribution (HdrHistogram - Recorded Latency)
 50.000%    2.19ms
 75.000%    3.13ms
 90.000%    3.90ms
 99.000%    5.72ms
 99.900%    7.92ms
 99.990%    9.25ms
 99.999%   11.20ms
100.000%   11.21ms

  Detailed Percentile spectrum:
       Value   Percentile   TotalCount 1/(1-Percentile)

       0.207     0.000000            1         1.00
       1.367     0.100000        12425         1.11
       1.585     0.200000        24860         1.25
       1.758     0.300000        37274         1.43
       1.949     0.400000        49711         1.67
       2.193     0.500000        62137         2.00
       2.335     0.550000        68381         2.22
       2.487     0.600000        74556         2.50
       2.671     0.650000        80742         2.86
       2.883     0.700000        86958         3.33
       3.131     0.750000        93183         4.00
       3.249     0.775000        96272         4.44
       3.371     0.800000        99406         5.00
       3.487     0.825000       102516         5.71
       3.605     0.850000       105581         6.67
       3.745     0.875000       108692         8.00
       3.821     0.887500       110259         8.89
       3.903     0.900000       111792        10.00
       3.999     0.912500       113345        11.43
       4.143     0.925000       114921        13.33
       4.307     0.937500       116464        16.00
       4.411     0.943750       117233        17.78
       4.527     0.950000       118008        20.00
       4.647     0.956250       118781        22.86
       4.767     0.962500       119554        26.67
       4.887     0.968750       120340        32.00
       4.951     0.971875       120720        35.56
       5.031     0.975000       121115        40.00
       5.107     0.978125       121492        45.71
       5.207     0.981250       121890        53.33
       5.335     0.984375       122276        64.00
       5.403     0.985938       122465        71.11
       5.511     0.987500       122656        80.00
       5.623     0.989062       122853        91.43
       5.807     0.990625       123048       106.67
       5.975     0.992188       123242       128.00
       6.099     0.992969       123335       142.22
       6.207     0.993750       123433       160.00
       6.331     0.994531       123530       182.86
       6.539     0.995313       123626       213.33
       6.771     0.996094       123725       256.00
       6.835     0.996484       123772       284.44
       6.967     0.996875       123820       320.00
       7.099     0.997266       123871       365.71
       7.331     0.997656       123918       426.67
       7.491     0.998047       123967       512.00
       7.519     0.998242       123990       568.89
       7.599     0.998437       124015       640.00
       7.695     0.998633       124039       731.43
       7.831     0.998828       124063       853.33
       7.979     0.999023       124087      1024.00
       8.015     0.999121       124099      1137.78
       8.055     0.999219       124114      1280.00
       8.119     0.999316       124124      1462.86
       8.191     0.999414       124136      1706.67
       8.335     0.999512       124149      2048.00
       8.399     0.999561       124155      2275.56
       8.479     0.999609       124160      2560.00
       8.567     0.999658       124166      2925.71
       8.599     0.999707       124174      3413.33
       8.607     0.999756       124178      4096.00
       8.615     0.999780       124181      4551.11
       8.783     0.999805       124184      5120.00
       8.799     0.999829       124188      5851.43
       9.191     0.999854       124194      6826.67
       9.191     0.999878       124194      8192.00
       9.247     0.999890       124196      9102.22
       9.247     0.999902       124196     10240.00
       9.719     0.999915       124198     11702.86
       9.727     0.999927       124199     13653.33
      10.031     0.999939       124201     16384.00
      10.047     0.999945       124202     18204.44
      10.047     0.999951       124202     20480.00
      10.055     0.999957       124203     23405.71
      10.743     0.999963       124204     27306.67
      10.751     0.999969       124205     32768.00
      10.751     0.999973       124205     36408.89
      10.751     0.999976       124205     40960.00
      11.199     0.999979       124207     46811.43
      11.199     0.999982       124207     54613.33
      11.199     0.999985       124207     65536.00
      11.199     0.999986       124207     72817.78
      11.199     0.999988       124207     81920.00
      11.199     0.999989       124207     93622.86
      11.199     0.999991       124207    109226.67
      11.207     0.999992       124208    131072.00
      11.207     1.000000       124208          inf
#[Mean    =        2.470, StdDeviation   =        1.081]
#[Max     =       11.200, Total count    =       124208]
#[Buckets =           27, SubBuckets     =         2048]
----------------------------------------------------------
  124255 requests in 5.00s, 106.17MB read
Requests/sec:  24845.80
Transfer/sec:     21.23MB
Running 5s test @ http://127.0.0.1:8080
  1 threads and 50 connections
  Thread Stats   Avg      Stdev     99%   +/- Stdev
    Latency     3.54ms    1.42ms   8.16ms   76.10%
    Req/Sec       -nan      -nan   0.00      0.00%
  Latency Distribution (HdrHistogram - Recorded Latency)
 50.000%    3.09ms
 75.000%    4.38ms
 90.000%    5.39ms
 99.000%    8.16ms
 99.900%   11.50ms
 99.990%   15.18ms
 99.999%   15.44ms
100.000%   15.44ms

  Detailed Percentile spectrum:
       Value   Percentile   TotalCount 1/(1-Percentile)

       0.248     0.000000            1         1.00
       2.189     0.100000        14948         1.11
       2.485     0.200000        29836         1.25
       2.693     0.300000        44842         1.43
       2.879     0.400000        59778         1.67
       3.089     0.500000        74555         2.00
       3.229     0.550000        82022         2.22
       3.413     0.600000        89504         2.50
       3.693     0.650000        96953         2.86
       4.059     0.700000       104371         3.33
       4.383     0.750000       111865         4.00
       4.523     0.775000       115653         4.44
       4.671     0.800000       119336         5.00
       4.823     0.825000       123045         5.71
       4.987     0.850000       126759         6.67
       5.171     0.875000       130469         8.00
       5.275     0.887500       132376         8.89
       5.395     0.900000       134197        10.00
       5.535     0.912500       136090        11.43
       5.699     0.925000       137941        13.33
       5.879     0.937500       139807        16.00
       5.987     0.943750       140729        17.78
       6.115     0.950000       141660        20.00
       6.291     0.956250       142583        22.86
       6.499     0.962500       143517        26.67
       6.699     0.968750       144455        32.00
       6.831     0.971875       144915        35.56
       6.991     0.975000       145382        40.00
       7.143     0.978125       145844        45.71
       7.355     0.981250       146306        53.33
       7.547     0.984375       146780        64.00
       7.687     0.985938       147008        71.11
       7.855     0.987500       147240        80.00
       8.015     0.989062       147470        91.43
       8.247     0.990625       147711       106.67
       8.423     0.992188       147938       128.00
       8.551     0.992969       148056       142.22
       8.639     0.993750       148170       160.00
       8.783     0.994531       148290       182.86
       9.175     0.995313       148402       213.33
       9.623     0.996094       148520       256.00
       9.695     0.996484       148578       284.44
       9.879     0.996875       148635       320.00
      10.031     0.997266       148693       365.71
      10.239     0.997656       148752       426.67
      10.535     0.998047       148813       512.00
      10.703     0.998242       148838       568.89
      10.823     0.998437       148873       640.00
      10.919     0.998633       148897       731.43
      11.159     0.998828       148927       853.33
      11.535     0.999023       148955      1024.00
      11.847     0.999121       148970      1137.78
      11.999     0.999219       148984      1280.00
      12.231     0.999316       149000      1462.86
      12.599     0.999414       149013      1706.67
      12.743     0.999512       149028      2048.00
      12.863     0.999561       149035      2275.56
      12.983     0.999609       149043      2560.00
      13.103     0.999658       149051      2925.71
      13.111     0.999707       149059      3413.33
      13.223     0.999756       149065      4096.00
      13.279     0.999780       149071      4551.11
      13.279     0.999805       149071      5120.00
      14.015     0.999829       149075      5851.43
      14.055     0.999854       149079      6826.67
      14.087     0.999878       149082      8192.00
      14.111     0.999890       149084      9102.22
      15.175     0.999902       149086     10240.00
      15.295     0.999915       149090     11702.86
      15.295     0.999927       149090     13653.33
      15.303     0.999939       149092     16384.00
      15.303     0.999945       149092     18204.44
      15.311     0.999951       149093     20480.00
      15.319     0.999957       149095     23405.71
      15.319     0.999963       149095     27306.67
      15.343     0.999969       149096     32768.00
      15.343     0.999973       149096     36408.89
      15.351     0.999976       149097     40960.00
      15.351     0.999979       149097     46811.43
      15.439     0.999982       149100     54613.33
      15.439     1.000000       149100          inf
#[Mean    =        3.540, StdDeviation   =        1.419]
#[Max     =       15.432, Total count    =       149100]
#[Buckets =           27, SubBuckets     =         2048]
----------------------------------------------------------
  149107 requests in 5.00s, 127.41MB read
Requests/sec:  29808.66
Transfer/sec:     25.47MB
Running 5s test @ http://127.0.0.1:8080
  1 threads and 50 connections
  Thread Stats   Avg      Stdev     99%   +/- Stdev
    Latency     5.13ms    2.15ms  11.77ms   72.90%
    Req/Sec       -nan      -nan   0.00      0.00%
  Latency Distribution (HdrHistogram - Recorded Latency)
 50.000%    4.87ms
 75.000%    6.28ms
 90.000%    7.90ms
 99.000%   11.77ms
 99.900%   15.89ms
 99.990%   18.37ms
 99.999%   19.33ms
100.000%   19.60ms

  Detailed Percentile spectrum:
       Value   Percentile   TotalCount 1/(1-Percentile)

       0.268     0.000000            1         1.00
       2.797     0.100000        17380         1.11
       3.307     0.200000        34777         1.25
       3.711     0.300000        52197         1.43
       4.187     0.400000        69526         1.67
       4.867     0.500000        86993         2.00
       5.179     0.550000        95662         2.22
       5.451     0.600000       104366         2.50
       5.703     0.650000       112999         2.86
       5.975     0.700000       121750         3.33
       6.283     0.750000       130371         4.00
       6.463     0.775000       134721         4.44
       6.655     0.800000       139060         5.00
       6.863     0.825000       143407         5.71
       7.123     0.850000       147726         6.67
       7.475     0.875000       152104         8.00
       7.675     0.887500       154268         8.89
       7.903     0.900000       156433        10.00
       8.151     0.912500       158587        11.43
       8.431     0.925000       160776        13.33
       8.727     0.937500       162921        16.00
       8.887     0.943750       164047        17.78
       9.079     0.950000       165139        20.00
       9.279     0.956250       166214        22.86
       9.527     0.962500       167281        26.67
       9.895     0.968750       168354        32.00
      10.119     0.971875       168904        35.56
      10.303     0.975000       169439        40.00
      10.551     0.978125       169989        45.71
      10.807     0.981250       170533        53.33
      11.087     0.984375       171071        64.00
      11.263     0.985938       171345        71.11
      11.455     0.987500       171613        80.00
      11.647     0.989062       171887        91.43
      11.863     0.990625       172166       106.67
      12.151     0.992188       172425       128.00
      12.343     0.992969       172567       142.22
      12.511     0.993750       172707       160.00
      12.735     0.994531       172836       182.86
      13.007     0.995313       172969       213.33
      13.399     0.996094       173114       256.00
      13.655     0.996484       173174       284.44
      13.847     0.996875       173239       320.00
      14.103     0.997266       173307       365.71
      14.343     0.997656       173375       426.67
      14.567     0.998047       173444       512.00
      14.743     0.998242       173477       568.89
      14.895     0.998437       173511       640.00
      15.151     0.998633       173545       731.43
      15.551     0.998828       173579       853.33
      16.183     0.999023       173614      1024.00
      16.463     0.999121       173630      1137.78
      16.623     0.999219       173648      1280.00
      16.767     0.999316       173664      1462.86
      17.007     0.999414       173681      1706.67
      17.439     0.999512       173699      2048.00
      17.535     0.999561       173710      2275.56
      17.599     0.999609       173719      2560.00
      17.727     0.999658       173724      2925.71
      17.791     0.999707       173732      3413.33
      17.855     0.999756       173741      4096.00
      17.983     0.999780       173744      4551.11
      18.079     0.999805       173749      5120.00
      18.111     0.999829       173754      5851.43
      18.143     0.999854       173757      6826.67
      18.175     0.999878       173761      8192.00
      18.271     0.999890       173764      9102.22
      18.383     0.999902       173766     10240.00
      18.415     0.999915       173768     11702.86
      18.447     0.999927       173770     13653.33
      18.479     0.999939       173772     16384.00
      18.735     0.999945       173773     18204.44
      18.767     0.999951       173774     20480.00
      18.799     0.999957       173775     23405.71
      18.815     0.999963       173776     27306.67
      18.831     0.999969       173777     32768.00
      19.135     0.999973       173778     36408.89
      19.135     0.999976       173778     40960.00
      19.263     0.999979       173779     46811.43
      19.263     0.999982       173779     54613.33
      19.327     0.999985       173780     65536.00
      19.327     0.999986       173780     72817.78
      19.327     0.999988       173780     81920.00
      19.583     0.999989       173781     93622.86
      19.583     0.999991       173781    109226.67
      19.583     0.999992       173781    131072.00
      19.583     0.999993       173781    145635.56
      19.583     0.999994       173781    163840.00
      19.599     0.999995       173782    187245.71
      19.599     1.000000       173782          inf
#[Mean    =        5.128, StdDeviation   =        2.145]
#[Max     =       19.584, Total count    =       173782]
#[Buckets =           27, SubBuckets     =         2048]
----------------------------------------------------------
  173818 requests in 5.00s, 148.53MB read
Requests/sec:  34766.37
Transfer/sec:     29.71MB
Running 5s test @ http://127.0.0.1:8080
  1 threads and 50 connections
  Thread Stats   Avg      Stdev     99%   +/- Stdev
    Latency     9.69ms    6.04ms  30.42ms   79.26%
    Req/Sec       -nan      -nan   0.00      0.00%
  Latency Distribution (HdrHistogram - Recorded Latency)
 50.000%    7.86ms
 75.000%   11.88ms
 90.000%   17.76ms
 99.000%   30.42ms
 99.900%   44.19ms
 99.990%   51.07ms
 99.999%   52.93ms
100.000%   53.02ms

  Detailed Percentile spectrum:
       Value   Percentile   TotalCount 1/(1-Percentile)

       0.211     0.000000            1         1.00
       4.063     0.100000        19865         1.11
       5.203     0.200000        39775         1.25
       6.023     0.300000        59621         1.43
       7.023     0.400000        79504         1.67
       7.863     0.500000        99371         2.00
       8.431     0.550000       109355         2.22
       9.015     0.600000       119206         2.50
       9.879     0.650000       129085         2.86
      10.935     0.700000       139063         3.33
      11.879     0.750000       148962         4.00
      12.607     0.775000       153935         4.44
      13.543     0.800000       158875         5.00
      14.351     0.825000       163852         5.71
      15.167     0.850000       168796         6.67
      16.591     0.875000       173827         8.00
      17.215     0.887500       176271         8.89
      17.759     0.900000       178756        10.00
      18.639     0.912500       181237        11.43
      19.775     0.925000       183713        13.33
      20.735     0.937500       186212        16.00
      21.423     0.943750       187439        17.78
      22.095     0.950000       188655        20.00
      22.943     0.956250       189915        22.86
      23.695     0.962500       191153        26.67
      24.703     0.968750       192386        32.00
      25.295     0.971875       193002        35.56
      25.919     0.975000       193623        40.00
      26.543     0.978125       194252        45.71
      27.135     0.981250       194863        53.33
      28.111     0.984375       195487        64.00
      28.767     0.985938       195792        71.11
      29.391     0.987500       196101        80.00
      29.919     0.989062       196417        91.43
      30.751     0.990625       196729       106.67
      32.047     0.992188       197034       128.00
      32.735     0.992969       197193       142.22
      33.439     0.993750       197347       160.00
      34.463     0.994531       197498       182.86
      35.135     0.995313       197656       213.33
      35.903     0.996094       197823       256.00
      36.383     0.996484       197889       284.44
      36.831     0.996875       197966       320.00
      37.343     0.997266       198043       365.71
      38.015     0.997656       198122       426.67
      38.911     0.998047       198196       512.00
      39.583     0.998242       198234       568.89
      40.287     0.998437       198275       640.00
      41.311     0.998633       198312       731.43
      43.295     0.998828       198353       853.33
      44.383     0.999023       198392      1024.00
      44.927     0.999121       198410      1137.78
      45.503     0.999219       198428      1280.00
      47.039     0.999316       198448      1462.86
      47.455     0.999414       198468      1706.67
      47.807     0.999512       198489      2048.00
      47.903     0.999561       198497      2275.56
      49.343     0.999609       198506      2560.00
      49.631     0.999658       198516      2925.71
      50.175     0.999707       198526      3413.33
      50.303     0.999756       198536      4096.00
      50.463     0.999780       198540      4551.11
      50.591     0.999805       198548      5120.00
      50.623     0.999829       198551      5851.43
      50.687     0.999854       198556      6826.67
      50.847     0.999878       198559      8192.00
      51.007     0.999890       198562      9102.22
      51.199     0.999902       198564     10240.00
      51.519     0.999915       198567     11702.86
      51.679     0.999927       198569     13653.33
      51.711     0.999939       198571     16384.00
      52.031     0.999945       198573     18204.44
      52.735     0.999951       198575     20480.00
      52.735     0.999957       198575     23405.71
      52.767     0.999963       198576     27306.67
      52.799     0.999969       198578     32768.00
      52.799     0.999973       198578     36408.89
      52.831     0.999976       198580     40960.00
      52.831     0.999979       198580     46811.43
      52.831     0.999982       198580     54613.33
      52.831     0.999985       198580     65536.00
      52.927     0.999986       198581     72817.78
      52.927     0.999988       198581     81920.00
      52.927     0.999989       198581     93622.86
      52.959     0.999991       198582    109226.67
      52.959     0.999992       198582    131072.00
      52.959     0.999993       198582    145635.56
      52.959     0.999994       198582    163840.00
      52.959     0.999995       198582    187245.71
      53.023     0.999995       198583    218453.33
      53.023     1.000000       198583          inf
#[Mean    =        9.690, StdDeviation   =        6.044]
#[Max     =       52.992, Total count    =       198583]
#[Buckets =           27, SubBuckets     =         2048]
----------------------------------------------------------
  198586 requests in 5.00s, 169.70MB read
Requests/sec:  39719.71
Transfer/sec:     33.94MB
Running 5s test @ http://127.0.0.1:8080
  1 threads and 50 connections
  Thread Stats   Avg      Stdev     99%   +/- Stdev
    Latency    73.48ms   81.15ms 291.33ms   82.59%
    Req/Sec       -nan      -nan   0.00      0.00%
  Latency Distribution (HdrHistogram - Recorded Latency)
 50.000%   37.79ms
 75.000%  101.12ms
 90.000%  212.99ms
 99.000%  291.33ms
 99.900%  303.10ms
 99.990%  306.94ms
 99.999%  307.45ms
100.000%  307.45ms

  Detailed Percentile spectrum:
       Value   Percentile   TotalCount 1/(1-Percentile)

       0.260     0.000000            1         1.00
       6.863     0.100000        21703         1.11
      10.263     0.200000        43432         1.25
      16.127     0.300000        65112         1.43
      25.855     0.400000        86830         1.67
      37.791     0.500000       108552         2.00
      44.831     0.550000       119378         2.22
      54.623     0.600000       130225         2.50
      68.543     0.650000       141085         2.86
      83.391     0.700000       151979         3.33
     101.119     0.750000       162772         4.00
     120.895     0.775000       168207         4.44
     138.751     0.800000       173630         5.00
     153.983     0.825000       179065         5.71
     173.567     0.850000       184486         6.67
     194.175     0.875000       189909         8.00
     203.903     0.887500       192654         8.89
     212.991     0.900000       195347        10.00
     228.223     0.912500       198032        11.43
     243.327     0.925000       200748        13.33
     255.871     0.937500       203463        16.00
     262.399     0.943750       204835        17.78
     267.007     0.950000       206225        20.00
     270.335     0.956250       207587        22.86
     273.151     0.962500       208936        26.67
     275.967     0.968750       210286        32.00
     277.503     0.971875       211016        35.56
     278.783     0.975000       211699        40.00
     280.319     0.978125       212337        45.71
     282.111     0.981250       213011        53.33
     283.647     0.984375       213633        64.00
     285.951     0.985938       214032        71.11
     287.743     0.987500       214307        80.00
     289.791     0.989062       214664        91.43
     291.583     0.990625       214985       106.67
     293.375     0.992188       215349       128.00
     294.143     0.992969       215510       142.22
     294.655     0.993750       215689       160.00
     295.679     0.994531       215862       182.86
     297.215     0.995313       216043       213.33
     298.239     0.996094       216187       256.00
     298.751     0.996484       216289       284.44
     299.519     0.996875       216371       320.00
     300.287     0.997266       216437       365.71
     300.799     0.997656       216526       426.67
     301.567     0.998047       216606       512.00
     301.823     0.998242       216647       568.89
     302.335     0.998437       216704       640.00
     302.591     0.998633       216752       731.43
     302.847     0.998828       216788       853.33
     303.103     0.999023       216828      1024.00
     303.359     0.999121       216860      1137.78
     303.359     0.999219       216860      1280.00
     303.615     0.999316       216877      1462.86
     303.871     0.999414       216914      1706.67
     303.871     0.999512       216914      2048.00
     304.127     0.999561       216955      2275.56
     304.127     0.999609       216955      2560.00
     304.127     0.999658       216955      2925.71
     304.383     0.999707       216962      3413.33
     304.639     0.999756       216970      4096.00
     304.895     0.999780       216974      4551.11
     305.663     0.999805       216977      5120.00
     305.919     0.999829       216987      5851.43
     306.175     0.999854       216992      6826.67
     306.431     0.999878       216994      8192.00
     306.943     0.999890       217000      9102.22
     306.943     0.999902       217000     10240.00
     307.199     0.999915       217009     11702.86
     307.199     0.999927       217009     13653.33
     307.199     0.999939       217009     16384.00
     307.199     0.999945       217009     18204.44
     307.199     0.999951       217009     20480.00
     307.455     0.999957       217019     23405.71
     307.455     1.000000       217019          inf
#[Mean    =       73.478, StdDeviation   =       81.147]
#[Max     =      307.200, Total count    =       217019]
#[Buckets =           27, SubBuckets     =         2048]
----------------------------------------------------------
  217194 requests in 5.00s, 185.60MB read
Requests/sec:  43405.27
Transfer/sec:     37.09MB
Running 5s test @ http://127.0.0.1:8080
  1 threads and 50 connections
  Thread Stats   Avg      Stdev     99%   +/- Stdev
    Latency   229.23ms  223.63ms 717.31ms   77.89%
    Req/Sec       -nan      -nan   0.00      0.00%
  Latency Distribution (HdrHistogram - Recorded Latency)
 50.000%  118.78ms
 75.000%  379.90ms
 90.000%  627.71ms
 99.000%  717.31ms
 99.900%  753.15ms
 99.990%  768.51ms
 99.999%  770.05ms
100.000%  770.05ms

  Detailed Percentile spectrum:
       Value   Percentile   TotalCount 1/(1-Percentile)

       0.284     0.000000            1         1.00
      17.119     0.100000        22148         1.11
      33.343     0.200000        44285         1.25
      54.719     0.300000        66417         1.43
      75.519     0.400000        88629         1.67
     118.783     0.500000       110697         2.00
     171.007     0.550000       121771         2.22
     245.503     0.600000       132874         2.50
     282.367     0.650000       143926         2.86
     318.463     0.700000       154992         3.33
     379.903     0.750000       166059         4.00
     420.607     0.775000       171572         4.44
     461.823     0.800000       177111         5.00
     509.951     0.825000       182647         5.71
     530.943     0.850000       188219         6.67
     585.727     0.875000       193712         8.00
     608.767     0.887500       196500         8.89
     627.711     0.900000       199308        10.00
     638.463     0.912500       202093        11.43
     646.655     0.925000       204837        13.33
     659.455     0.937500       207572        16.00
     664.575     0.943750       208976        17.78
     668.671     0.950000       210414        20.00
     671.743     0.956250       211893        22.86
     674.815     0.962500       213241        26.67
     678.399     0.968750       214478        32.00
     679.935     0.971875       215189        35.56
     683.007     0.975000       215974        40.00
     685.567     0.978125       216613        45.71
     689.151     0.981250       217368        53.33
     694.783     0.984375       217931        64.00
     699.903     0.985938       218270        71.11
     707.583     0.987500       218613        80.00
     713.727     0.989062       218983        91.43
     720.895     0.990625       219305       106.67
     726.015     0.992188       219659       128.00
     729.599     0.992969       219823       142.22
     731.647     0.993750       219995       160.00
     734.207     0.994531       220188       182.86
     736.255     0.995313       220374       213.33
     738.303     0.996094       220522       256.00
     739.839     0.996484       220612       284.44
     740.863     0.996875       220708       320.00
     742.399     0.997266       220810       365.71
     743.423     0.997656       220889       426.67
     744.959     0.998047       220950       512.00
     745.983     0.998242       221001       568.89
     747.007     0.998437       221051       640.00
     748.031     0.998633       221081       731.43
     750.079     0.998828       221131       853.33
     753.663     0.999023       221170      1024.00
     754.687     0.999121       221191      1137.78
     756.223     0.999219       221212      1280.00
     759.807     0.999316       221254      1462.86
     759.807     0.999414       221254      1706.67
     760.319     0.999512       221275      2048.00
     760.831     0.999561       221284      2275.56
     763.391     0.999609       221301      2560.00
     763.903     0.999658       221313      2925.71
     764.415     0.999707       221318      3413.33
     764.927     0.999756       221329      4096.00
     765.439     0.999780       221341      4551.11
     765.439     0.999805       221341      5120.00
     765.439     0.999829       221341      5851.43
     765.951     0.999854       221352      6826.67
     765.951     0.999878       221352      8192.00
     768.511     0.999890       221356      9102.22
     769.023     0.999902       221358     10240.00
     769.535     0.999915       221368     11702.86
     769.535     0.999927       221368     13653.33
     769.535     0.999939       221368     16384.00
     769.535     0.999945       221368     18204.44
     769.535     0.999951       221368     20480.00
     770.047     0.999957       221378     23405.71
     770.047     1.000000       221378          inf
#[Mean    =      229.229, StdDeviation   =      223.628]
#[Max     =      769.536, Total count    =       221378]
#[Buckets =           27, SubBuckets     =         2048]
----------------------------------------------------------
  221519 requests in 5.00s, 189.30MB read
Requests/sec:  44261.49
Transfer/sec:     37.82MB
