Running 10s test @ http://localhost:8080/wrk2-api/review/compose
  1 threads and 100 connections
  Thread Stats   Avg      Stdev     99%   +/- Stdev
    Latency     6.69ms    5.17ms  21.39ms   95.33%
    Req/Sec       -nan      -nan   0.00      0.00%
  Latency Distribution (HdrHistogram - Recorded Latency)
 50.000%    5.67ms
 75.000%    7.34ms
 90.000%    9.69ms
 99.000%   21.39ms
 99.900%   66.82ms
 99.990%  125.69ms
 99.999%  125.69ms
100.000%  125.69ms

  Detailed Percentile spectrum:
       Value   Percentile   TotalCount 1/(1-Percentile)

       3.125     0.000000            1         1.00
       4.013     0.100000          193         1.11
       4.483     0.200000          387         1.25
       4.879     0.300000          579         1.43
       5.243     0.400000          771         1.67
       5.671     0.500000          964         2.00
       5.931     0.550000         1060         2.22
       6.219     0.600000         1156         2.50
       6.491     0.650000         1252         2.86
       6.883     0.700000         1349         3.33
       7.339     0.750000         1445         4.00
       7.623     0.775000         1493         4.44
       7.931     0.800000         1541         5.00
       8.295     0.825000         1589         5.71
       8.599     0.850000         1638         6.67
       9.087     0.875000         1687         8.00
       9.367     0.887500         1710         8.89
       9.695     0.900000         1735        10.00
      10.023     0.912500         1758        11.43
      10.503     0.925000         1782        13.33
      10.951     0.937500         1806        16.00
      11.327     0.943750         1818        17.78
      11.743     0.950000         1830        20.00
      12.015     0.956250         1842        22.86
      12.711     0.962500         1854        26.67
      13.679     0.968750         1866        32.00
      14.063     0.971875         1872        35.56
      14.487     0.975000         1878        40.00
      15.183     0.978125         1884        45.71
      16.671     0.981250         1890        53.33
      18.015     0.984375         1896        64.00
      18.319     0.985938         1899        71.11
      19.935     0.987500         1902        80.00
      20.639     0.989062         1905        91.43
      21.743     0.990625         1908       106.67
      22.527     0.992188         1911       128.00
      22.911     0.992969         1913       142.22
      23.935     0.993750         1914       160.00
      25.599     0.994531         1916       182.86
      27.567     0.995313         1917       213.33
      29.007     0.996094         1919       256.00
      33.343     0.996484         1920       284.44
      33.343     0.996875         1920       320.00
      41.343     0.997266         1921       365.71
      54.527     0.997656         1922       426.67
      65.663     0.998047         1923       512.00
      65.663     0.998242         1923       568.89
      65.663     0.998437         1923       640.00
      66.815     0.998633         1924       731.43
      66.815     0.998828         1924       853.33
     105.983     0.999023         1925      1024.00
     105.983     0.999121         1925      1137.78
     105.983     0.999219         1925      1280.00
     105.983     0.999316         1925      1462.86
     105.983     0.999414         1925      1706.67
     125.695     0.999512         1926      2048.00
     125.695     1.000000         1926          inf
#[Mean    =        6.693, StdDeviation   =        5.171]
#[Max     =      125.632, Total count    =         1926]
#[Buckets =           27, SubBuckets     =         2048]
----------------------------------------------------------
  1927 requests in 10.01s, 681.22KB read
  Socket errors: connect 0, read 0, write 0, timeout 5
  Non-2xx or 3xx responses: 1927
Requests/sec:    192.55
Transfer/sec:     68.07KB
Running 10s test @ http://localhost:8080/wrk2-api/review/compose
  1 threads and 100 connections
  Thread Stats   Avg      Stdev     99%   +/- Stdev
    Latency     6.65ms    2.80ms  17.41ms   80.40%
    Req/Sec       -nan      -nan   0.00      0.00%
  Latency Distribution (HdrHistogram - Recorded Latency)
 50.000%    5.84ms
 75.000%    7.85ms
 90.000%   10.25ms
 99.000%   17.41ms
 99.900%   23.84ms
 99.990%   24.21ms
 99.999%   24.21ms
100.000%   24.21ms

  Detailed Percentile spectrum:
       Value   Percentile   TotalCount 1/(1-Percentile)

       3.127     0.000000            1         1.00
       4.043     0.100000          298         1.11
       4.479     0.200000          598         1.25
       4.895     0.300000          895         1.43
       5.315     0.400000         1193         1.67
       5.839     0.500000         1492         2.00
       6.171     0.550000         1639         2.22
       6.519     0.600000         1788         2.50
       6.915     0.650000         1938         2.86
       7.327     0.700000         2087         3.33
       7.855     0.750000         2236         4.00
       8.171     0.775000         2309         4.44
       8.431     0.800000         2384         5.00
       8.783     0.825000         2458         5.71
       9.183     0.850000         2533         6.67
       9.607     0.875000         2607         8.00
       9.951     0.887500         2644         8.89
      10.263     0.900000         2682        10.00
      10.623     0.912500         2719        11.43
      10.911     0.925000         2757        13.33
      11.415     0.937500         2793        16.00
      11.719     0.943750         2812        17.78
      11.999     0.950000         2831        20.00
      12.359     0.956250         2849        22.86
      12.791     0.962500         2868        26.67
      13.135     0.968750         2886        32.00
      13.415     0.971875         2896        35.56
      13.767     0.975000         2905        40.00
      14.151     0.978125         2914        45.71
      14.479     0.981250         2924        53.33
      15.071     0.984375         2933        64.00
      15.423     0.985938         2938        71.11
      16.071     0.987500         2942        80.00
      17.247     0.989062         2947        91.43
      17.727     0.990625         2952       106.67
      17.919     0.992188         2956       128.00
      17.999     0.992969         2959       142.22
      18.399     0.993750         2961       160.00
      18.671     0.994531         2963       182.86
      19.695     0.995313         2966       213.33
      20.047     0.996094         2969       256.00
      20.047     0.996484         2969       284.44
      20.543     0.996875         2970       320.00
      21.295     0.997266         2971       365.71
      22.079     0.997656         2973       426.67
      23.247     0.998047         2974       512.00
      23.247     0.998242         2974       568.89
      23.455     0.998437         2975       640.00
      23.455     0.998633         2975       731.43
      23.839     0.998828         2976       853.33
      24.031     0.999023         2977      1024.00
      24.031     0.999121         2977      1137.78
      24.031     0.999219         2977      1280.00
      24.031     0.999316         2977      1462.86
      24.143     0.999414         2978      1706.67
      24.143     0.999512         2978      2048.00
      24.143     0.999561         2978      2275.56
      24.143     0.999609         2978      2560.00
      24.143     0.999658         2978      2925.71
      24.207     0.999707         2979      3413.33
      24.207     1.000000         2979          inf
#[Mean    =        6.652, StdDeviation   =        2.803]
#[Max     =       24.192, Total count    =         2979]
#[Buckets =           27, SubBuckets     =         2048]
----------------------------------------------------------
  2980 requests in 10.00s, 1.03MB read
  Socket errors: connect 0, read 0, write 0, timeout 1
  Non-2xx or 3xx responses: 2980
Requests/sec:    298.00
Transfer/sec:    105.35KB
Running 10s test @ http://localhost:8080/wrk2-api/review/compose
  1 threads and 100 connections
  Thread Stats   Avg      Stdev     99%   +/- Stdev
    Latency     7.65ms    3.68ms  20.61ms   79.28%
    Req/Sec       -nan      -nan   0.00      0.00%
  Latency Distribution (HdrHistogram - Recorded Latency)
 50.000%    6.70ms
 75.000%    9.22ms
 90.000%   12.34ms
 99.000%   20.61ms
 99.900%   28.74ms
 99.990%   37.76ms
 99.999%   37.76ms
100.000%   37.76ms

  Detailed Percentile spectrum:
       Value   Percentile   TotalCount 1/(1-Percentile)

       3.189     0.000000            1         1.00
       4.171     0.100000          397         1.11
       4.695     0.200000          796         1.25
       5.247     0.300000         1192         1.43
       5.975     0.400000         1589         1.67
       6.703     0.500000         1985         2.00
       7.135     0.550000         2183         2.22
       7.579     0.600000         2381         2.50
       8.043     0.650000         2580         2.86
       8.567     0.700000         2777         3.33
       9.215     0.750000         2977         4.00
       9.583     0.775000         3075         4.44
       9.935     0.800000         3174         5.00
      10.471     0.825000         3273         5.71
      11.023     0.850000         3372         6.67
      11.623     0.875000         3473         8.00
      11.927     0.887500         3521         8.89
      12.343     0.900000         3571        10.00
      12.823     0.912500         3621        11.43
      13.311     0.925000         3671        13.33
      13.887     0.937500         3721        16.00
      14.151     0.943750         3745        17.78
      14.695     0.950000         3770        20.00
      15.279     0.956250         3794        22.86
      15.743     0.962500         3819        26.67
      16.399     0.968750         3844        32.00
      16.783     0.971875         3856        35.56
      17.263     0.975000         3868        40.00
      17.647     0.978125         3881        45.71
      18.319     0.981250         3894        53.33
      19.039     0.984375         3906        64.00
      19.279     0.985938         3912        71.11
      19.647     0.987500         3918        80.00
      20.143     0.989062         3924        91.43
      20.959     0.990625         3930       106.67
      22.127     0.992188         3937       128.00
      22.351     0.992969         3940       142.22
      22.719     0.993750         3943       160.00
      23.167     0.994531         3946       182.86
      24.063     0.995313         3949       213.33
      24.559     0.996094         3952       256.00
      25.135     0.996484         3954       284.44
      25.663     0.996875         3955       320.00
      26.671     0.997266         3957       365.71
      26.687     0.997656         3958       426.67
      26.959     0.998047         3960       512.00
      27.903     0.998242         3961       568.89
      27.903     0.998437         3961       640.00
      28.655     0.998633         3962       731.43
      28.735     0.998828         3963       853.33
      29.839     0.999023         3964      1024.00
      29.839     0.999121         3964      1137.78
      29.839     0.999219         3964      1280.00
      30.367     0.999316         3965      1462.86
      30.367     0.999414         3965      1706.67
      30.911     0.999512         3966      2048.00
      30.911     0.999561         3966      2275.56
      30.911     0.999609         3966      2560.00
      30.911     0.999658         3966      2925.71
      30.911     0.999707         3966      3413.33
      37.759     0.999756         3967      4096.00
      37.759     1.000000         3967          inf
#[Mean    =        7.651, StdDeviation   =        3.675]
#[Max     =       37.728, Total count    =         3967]
#[Buckets =           27, SubBuckets     =         2048]
----------------------------------------------------------
  3968 requests in 10.00s, 1.37MB read
  Non-2xx or 3xx responses: 3968
Requests/sec:    396.77
Transfer/sec:    140.26KB
Running 10s test @ http://localhost:8080/wrk2-api/review/compose
  1 threads and 100 connections
  Thread Stats   Avg      Stdev     99%   +/- Stdev
    Latency     8.34ms    4.00ms  21.92ms   78.89%
    Req/Sec       -nan      -nan   0.00      0.00%
  Latency Distribution (HdrHistogram - Recorded Latency)
 50.000%    7.47ms
 75.000%   10.15ms
 90.000%   13.15ms
 99.000%   21.92ms
 99.900%   35.07ms
 99.990%   68.03ms
 99.999%   68.03ms
100.000%   68.03ms

  Detailed Percentile spectrum:
       Value   Percentile   TotalCount 1/(1-Percentile)

       3.299     0.000000            1         1.00
       4.435     0.100000          499         1.11
       5.123     0.200000          991         1.25
       5.843     0.300000         1485         1.43
       6.627     0.400000         1979         1.67
       7.475     0.500000         2473         2.00
       7.931     0.550000         2723         2.22
       8.375     0.600000         2968         2.50
       8.887     0.650000         3216         2.86
       9.479     0.700000         3463         3.33
      10.151     0.750000         3711         4.00
      10.519     0.775000         3834         4.44
      10.959     0.800000         3960         5.00
      11.359     0.825000         4081         5.71
      11.839     0.850000         4207         6.67
      12.391     0.875000         4329         8.00
      12.703     0.887500         4391         8.89
      13.151     0.900000         4452        10.00
      13.543     0.912500         4514        11.43
      14.055     0.925000         4576        13.33
      14.575     0.937500         4637        16.00
      14.983     0.943750         4668        17.78
      15.359     0.950000         4700        20.00
      15.663     0.956250         4730        22.86
      16.167     0.962500         4761        26.67
      16.719     0.968750         4792        32.00
      17.215     0.971875         4807        35.56
      17.903     0.975000         4823        40.00
      18.383     0.978125         4838        45.71
      19.151     0.981250         4855        53.33
      20.079     0.984375         4869        64.00
      20.559     0.985938         4877        71.11
      21.167     0.987500         4885        80.00
      21.615     0.989062         4892        91.43
      22.287     0.990625         4901       106.67
      22.735     0.992188         4908       128.00
      23.407     0.992969         4912       142.22
      24.831     0.993750         4916       160.00
      25.295     0.994531         4919       182.86
      25.727     0.995313         4923       213.33
      27.279     0.996094         4927       256.00
      28.047     0.996484         4929       284.44
      28.543     0.996875         4931       320.00
      29.055     0.997266         4933       365.71
      30.447     0.997656         4935       426.67
      30.767     0.998047         4937       512.00
      30.799     0.998242         4938       568.89
      32.447     0.998437         4939       640.00
      33.055     0.998633         4940       731.43
      35.071     0.998828         4941       853.33
      36.959     0.999023         4942      1024.00
      36.959     0.999121         4942      1137.78
      39.551     0.999219         4943      1280.00
      39.551     0.999316         4943      1462.86
      40.671     0.999414         4944      1706.67
      40.671     0.999512         4944      2048.00
      40.671     0.999561         4944      2275.56
      48.927     0.999609         4945      2560.00
      48.927     0.999658         4945      2925.71
      48.927     0.999707         4945      3413.33
      48.927     0.999756         4945      4096.00
      48.927     0.999780         4945      4551.11
      68.031     0.999805         4946      5120.00
      68.031     1.000000         4946          inf
#[Mean    =        8.336, StdDeviation   =        4.005]
#[Max     =       67.968, Total count    =         4946]
#[Buckets =           27, SubBuckets     =         2048]
----------------------------------------------------------
  4947 requests in 10.00s, 1.71MB read
  Non-2xx or 3xx responses: 4947
Requests/sec:    494.74
Transfer/sec:    174.90KB
Running 10s test @ http://localhost:8080/wrk2-api/review/compose
  1 threads and 100 connections
  Thread Stats   Avg      Stdev     99%   +/- Stdev
    Latency    10.55ms    5.79ms  31.49ms   80.37%
    Req/Sec       -nan      -nan   0.00      0.00%
  Latency Distribution (HdrHistogram - Recorded Latency)
 50.000%    9.18ms
 75.000%   12.77ms
 90.000%   17.34ms
 99.000%   31.49ms
 99.900%   53.34ms
 99.990%   67.84ms
 99.999%   70.65ms
100.000%   70.65ms

  Detailed Percentile spectrum:
       Value   Percentile   TotalCount 1/(1-Percentile)

       3.339     0.000000            1         1.00
       5.115     0.100000          596         1.11
       6.155     0.200000         1190         1.25
       7.135     0.300000         1786         1.43
       8.139     0.400000         2379         1.67
       9.175     0.500000         2976         2.00
       9.823     0.550000         3275         2.22
      10.471     0.600000         3569         2.50
      11.143     0.650000         3867         2.86
      11.863     0.700000         4163         3.33
      12.775     0.750000         4459         4.00
      13.327     0.775000         4608         4.44
      13.967     0.800000         4758         5.00
      14.575     0.825000         4905         5.71
      15.343     0.850000         5054         6.67
      16.287     0.875000         5203         8.00
      16.767     0.887500         5277         8.89
      17.343     0.900000         5352        10.00
      18.063     0.912500         5426        11.43
      18.815     0.925000         5500        13.33
      19.647     0.937500         5574        16.00
      20.127     0.943750         5612        17.78
      20.751     0.950000         5648        20.00
      21.343     0.956250         5685        22.86
      22.111     0.962500         5724        26.67
      23.343     0.968750         5762        32.00
      23.759     0.971875         5779        35.56
      24.527     0.975000         5797        40.00
      25.359     0.978125         5815        45.71
      26.959     0.981250         5835        53.33
      28.191     0.984375         5853        64.00
      28.703     0.985938         5862        71.11
      29.871     0.987500         5871        80.00
      31.231     0.989062         5881        91.43
      31.711     0.990625         5890       106.67
      32.831     0.992188         5899       128.00
      33.919     0.992969         5904       142.22
      34.143     0.993750         5908       160.00
      35.679     0.994531         5913       182.86
      38.879     0.995313         5918       213.33
      40.735     0.996094         5923       256.00
      42.527     0.996484         5925       284.44
      42.815     0.996875         5927       320.00
      44.895     0.997266         5929       365.71
      46.399     0.997656         5932       426.67
      47.039     0.998047         5934       512.00
      47.551     0.998242         5935       568.89
      48.095     0.998437         5936       640.00
      52.191     0.998633         5937       731.43
      53.343     0.998828         5939       853.33
      56.927     0.999023         5940      1024.00
      56.927     0.999121         5940      1137.78
      59.103     0.999219         5941      1280.00
      59.103     0.999316         5941      1462.86
      59.839     0.999414         5942      1706.67
      61.279     0.999512         5943      2048.00
      61.279     0.999561         5943      2275.56
      61.279     0.999609         5943      2560.00
      61.279     0.999658         5943      2925.71
      67.839     0.999707         5944      3413.33
      67.839     0.999756         5944      4096.00
      67.839     0.999780         5944      4551.11
      67.839     0.999805         5944      5120.00
      67.839     0.999829         5944      5851.43
      70.655     0.999854         5945      6826.67
      70.655     1.000000         5945          inf
#[Mean    =       10.549, StdDeviation   =        5.785]
#[Max     =       70.592, Total count    =         5945]
#[Buckets =           27, SubBuckets     =         2048]
----------------------------------------------------------
  5946 requests in 10.00s, 2.05MB read
  Non-2xx or 3xx responses: 5946
Requests/sec:    594.54
Transfer/sec:    210.18KB
Running 10s test @ http://localhost:8080/wrk2-api/review/compose
  1 threads and 100 connections
  Thread Stats   Avg      Stdev     99%   +/- Stdev
    Latency    12.17ms    6.54ms  35.23ms   79.69%
    Req/Sec       -nan      -nan   0.00      0.00%
  Latency Distribution (HdrHistogram - Recorded Latency)
 50.000%   10.58ms
 75.000%   14.77ms
 90.000%   20.09ms
 99.000%   35.23ms
 99.900%   58.24ms
 99.990%   73.09ms
 99.999%   89.21ms
100.000%   89.21ms

  Detailed Percentile spectrum:
       Value   Percentile   TotalCount 1/(1-Percentile)

       3.591     0.000000            1         1.00
       6.007     0.100000          693         1.11
       7.339     0.200000         1383         1.25
       8.351     0.300000         2078         1.43
       9.423     0.400000         2769         1.67
      10.583     0.500000         3459         2.00
      11.183     0.550000         3805         2.22
      11.863     0.600000         4148         2.50
      12.663     0.650000         4496         2.86
      13.647     0.700000         4841         3.33
      14.767     0.750000         5184         4.00
      15.415     0.775000         5359         4.44
      16.135     0.800000         5532         5.00
      16.895     0.825000         5703         5.71
      17.791     0.850000         5876         6.67
      18.751     0.875000         6049         8.00
      19.407     0.887500         6138         8.89
      20.095     0.900000         6223        10.00
      20.927     0.912500         6308        11.43
      21.903     0.925000         6395        13.33
      23.023     0.937500         6481        16.00
      23.599     0.943750         6525        17.78
      24.495     0.950000         6569        20.00
      25.151     0.956250         6610        22.86
      25.951     0.962500         6653        26.67
      27.055     0.968750         6696        32.00
      27.679     0.971875         6718        35.56
      28.159     0.975000         6740        40.00
      29.151     0.978125         6761        45.71
      30.767     0.981250         6783        53.33
      32.335     0.984375         6804        64.00
      33.279     0.985938         6815        71.11
      34.047     0.987500         6826        80.00
      34.623     0.989062         6837        91.43
      35.583     0.990625         6848       106.67
      37.183     0.992188         6858       128.00
      37.919     0.992969         6864       142.22
      38.367     0.993750         6869       160.00
      39.327     0.994531         6875       182.86
      40.351     0.995313         6880       213.33
      41.343     0.996094         6885       256.00
      43.743     0.996484         6888       284.44
      45.663     0.996875         6891       320.00
      47.327     0.997266         6894       365.71
      48.031     0.997656         6897       426.67
      49.599     0.998047         6899       512.00
      51.807     0.998242         6900       568.89
      54.495     0.998437         6902       640.00
      56.287     0.998633         6903       731.43
      57.887     0.998828         6904       853.33
      61.151     0.999023         6906      1024.00
      61.151     0.999121         6906      1137.78
      62.303     0.999219         6907      1280.00
      65.791     0.999316         6908      1462.86
      65.791     0.999414         6908      1706.67
      68.479     0.999512         6909      2048.00
      68.479     0.999561         6909      2275.56
      69.567     0.999609         6910      2560.00
      69.567     0.999658         6910      2925.71
      69.567     0.999707         6910      3413.33
      73.087     0.999756         6911      4096.00
      73.087     0.999780         6911      4551.11
      73.087     0.999805         6911      5120.00
      73.087     0.999829         6911      5851.43
      73.087     0.999854         6911      6826.67
      89.215     0.999878         6912      8192.00
      89.215     1.000000         6912          inf
#[Mean    =       12.172, StdDeviation   =        6.543]
#[Max     =       89.152, Total count    =         6912]
#[Buckets =           27, SubBuckets     =         2048]
----------------------------------------------------------
  6913 requests in 10.00s, 2.39MB read
  Non-2xx or 3xx responses: 6913
Requests/sec:    691.26
Transfer/sec:    244.37KB
Running 10s test @ http://localhost:8080/wrk2-api/review/compose
  1 threads and 100 connections
  Thread Stats   Avg      Stdev     99%   +/- Stdev
    Latency    21.71ms   16.34ms  87.29ms   87.70%
    Req/Sec       -nan      -nan   0.00      0.00%
  Latency Distribution (HdrHistogram - Recorded Latency)
 50.000%   17.20ms
 75.000%   25.98ms
 90.000%   39.42ms
 99.000%   87.29ms
 99.900%  147.58ms
 99.990%  180.10ms
 99.999%  187.01ms
100.000%  187.01ms

  Detailed Percentile spectrum:
       Value   Percentile   TotalCount 1/(1-Percentile)

       3.753     0.000000            1         1.00
       8.543     0.100000          792         1.11
      10.679     0.200000         1583         1.25
      12.743     0.300000         2375         1.43
      14.807     0.400000         3168         1.67
      17.199     0.500000         3956         2.00
      18.559     0.550000         4354         2.22
      19.967     0.600000         4750         2.50
      21.647     0.650000         5144         2.86
      23.695     0.700000         5539         3.33
      25.983     0.750000         5934         4.00
      27.551     0.775000         6133         4.44
      29.247     0.800000         6330         5.00
      31.135     0.825000         6528         5.71
      33.343     0.850000         6730         6.67
      36.127     0.875000         6923         8.00
      37.855     0.887500         7025         8.89
      39.423     0.900000         7123        10.00
      41.535     0.912500         7221        11.43
      44.031     0.925000         7322        13.33
      47.103     0.937500         7419        16.00
      49.023     0.943750         7468        17.78
      51.135     0.950000         7517        20.00
      53.823     0.956250         7566        22.86
      56.735     0.962500         7616        26.67
      60.319     0.968750         7665        32.00
      61.951     0.971875         7691        35.56
      63.903     0.975000         7715        40.00
      67.263     0.978125         7739        45.71
      70.783     0.981250         7764        53.33
      75.263     0.984375         7789        64.00
      77.247     0.985938         7801        71.11
      81.983     0.987500         7815        80.00
      85.183     0.989062         7826        91.43
      90.239     0.990625         7838       106.67
      98.815     0.992188         7851       128.00
      99.647     0.992969         7857       142.22
     103.679     0.993750         7863       160.00
     106.239     0.994531         7869       182.86
     112.639     0.995313         7875       213.33
     117.439     0.996094         7882       256.00
     119.487     0.996484         7885       284.44
     126.527     0.996875         7888       320.00
     127.231     0.997266         7891       365.71
     129.535     0.997656         7894       426.67
     133.375     0.998047         7897       512.00
     137.727     0.998242         7899       568.89
     139.135     0.998437         7900       640.00
     146.687     0.998633         7902       731.43
     147.455     0.998828         7903       853.33
     150.143     0.999023         7905      1024.00
     152.447     0.999121         7906      1137.78
     152.447     0.999219         7906      1280.00
     152.575     0.999316         7907      1462.86
     152.703     0.999414         7908      1706.67
     157.695     0.999512         7909      2048.00
     157.695     0.999561         7909      2275.56
     157.695     0.999609         7909      2560.00
     158.079     0.999658         7910      2925.71
     158.079     0.999707         7910      3413.33
     180.095     0.999756         7911      4096.00
     180.095     0.999780         7911      4551.11
     180.095     0.999805         7911      5120.00
     180.095     0.999829         7911      5851.43
     180.095     0.999854         7911      6826.67
     187.007     0.999878         7912      8192.00
     187.007     1.000000         7912          inf
#[Mean    =       21.713, StdDeviation   =       16.338]
#[Max     =      186.880, Total count    =         7912]
#[Buckets =           27, SubBuckets     =         2048]
----------------------------------------------------------
  7913 requests in 10.00s, 2.73MB read
  Non-2xx or 3xx responses: 7913
Requests/sec:    791.39
Transfer/sec:    279.77KB
Running 10s test @ http://localhost:8080/wrk2-api/review/compose
  1 threads and 100 connections
  Thread Stats   Avg      Stdev     99%   +/- Stdev
    Latency   199.61ms  186.48ms 914.43ms   87.07%
    Req/Sec       -nan      -nan   0.00      0.00%
  Latency Distribution (HdrHistogram - Recorded Latency)
 50.000%  141.18ms
 75.000%  259.33ms
 90.000%  424.45ms
 99.000%  914.43ms
 99.900%    1.35s 
 99.990%    1.49s 
 99.999%    1.50s 
100.000%    1.50s 

  Detailed Percentile spectrum:
       Value   Percentile   TotalCount 1/(1-Percentile)

       4.251     0.000000            1         1.00
      42.431     0.100000          843         1.11
      64.927     0.200000         1686         1.25
      86.335     0.300000         2530         1.43
     111.103     0.400000         3371         1.67
     141.183     0.500000         4212         2.00
     159.103     0.550000         4634         2.22
     177.919     0.600000         5057         2.50
     201.855     0.650000         5477         2.86
     229.631     0.700000         5899         3.33
     259.327     0.750000         6320         4.00
     278.271     0.775000         6530         4.44
     299.007     0.800000         6740         5.00
     321.535     0.825000         6951         5.71
     345.599     0.850000         7162         6.67
     383.487     0.875000         7371         8.00
     402.175     0.887500         7477         8.89
     424.447     0.900000         7583        10.00
     452.351     0.912500         7688        11.43
     487.167     0.925000         7793        13.33
     530.431     0.937500         7898        16.00
     549.887     0.943750         7951        17.78
     575.999     0.950000         8003        20.00
     607.743     0.956250         8056        22.86
     639.487     0.962500         8109        26.67
     674.303     0.968750         8163        32.00
     696.319     0.971875         8188        35.56
     716.799     0.975000         8215        40.00
     749.055     0.978125         8241        45.71
     786.943     0.981250         8268        53.33
     833.535     0.984375         8294        64.00
     851.967     0.985938         8306        71.11
     871.935     0.987500         8319        80.00
     901.631     0.989062         8332        91.43
     934.911     0.990625         8346       106.67
     988.159     0.992188         8359       128.00
    1010.687     0.992969         8365       142.22
    1056.767     0.993750         8372       160.00
    1081.343     0.994531         8378       182.86
    1107.967     0.995313         8385       213.33
    1147.903     0.996094         8392       256.00
    1178.623     0.996484         8396       284.44
    1186.815     0.996875         8399       320.00
    1188.863     0.997266         8401       365.71
    1209.343     0.997656         8407       426.67
    1236.991     0.998047         8408       512.00
    1247.231     0.998242         8410       568.89
    1253.375     0.998437         8411       640.00
    1300.479     0.998633         8413       731.43
    1314.815     0.998828         8415       853.33
    1354.751     0.999023         8416      1024.00
    1359.871     0.999121         8417      1137.78
    1361.919     0.999219         8418      1280.00
    1385.471     0.999316         8419      1462.86
    1388.543     0.999414         8420      1706.67
    1388.543     0.999512         8420      2048.00
    1443.839     0.999561         8421      2275.56
    1443.839     0.999609         8421      2560.00
    1459.199     0.999658         8422      2925.71
    1459.199     0.999707         8422      3413.33
    1459.199     0.999756         8422      4096.00
    1487.871     0.999780         8423      4551.11
    1487.871     0.999805         8423      5120.00
    1487.871     0.999829         8423      5851.43
    1487.871     0.999854         8423      6826.67
    1487.871     0.999878         8423      8192.00
    1495.039     0.999890         8424      9102.22
    1495.039     1.000000         8424          inf
#[Mean    =      199.608, StdDeviation   =      186.480]
#[Max     =     1494.016, Total count    =         8424]
#[Buckets =           27, SubBuckets     =         2048]
----------------------------------------------------------
  8425 requests in 10.01s, 2.91MB read
  Non-2xx or 3xx responses: 8425
Requests/sec:    841.89
Transfer/sec:    297.62KB
Running 10s test @ http://localhost:8080/wrk2-api/review/compose
  1 threads and 100 connections
  Thread Stats   Avg      Stdev     99%   +/- Stdev
    Latency   703.18ms  586.33ms   2.56s    73.55%
    Req/Sec       -nan      -nan   0.00      0.00%
  Latency Distribution (HdrHistogram - Recorded Latency)
 50.000%  536.06ms
 75.000%    1.01s 
 90.000%    1.53s 
 99.000%    2.56s 
 99.900%    3.13s 
 99.990%    3.28s 
 99.999%    3.32s 
100.000%    3.32s 

  Detailed Percentile spectrum:
       Value   Percentile   TotalCount 1/(1-Percentile)

       4.367     0.000000            1         1.00
     111.999     0.100000          850         1.11
     198.527     0.200000         1699         1.25
     293.375     0.300000         2550         1.43
     408.063     0.400000         3398         1.67
     536.063     0.500000         4248         2.00
     614.399     0.550000         4674         2.22
     698.879     0.600000         5098         2.50
     795.647     0.650000         5523         2.86
     899.583     0.700000         5947         3.33
    1010.175     0.750000         6373         4.00
    1069.055     0.775000         6584         4.44
    1146.879     0.800000         6800         5.00
    1227.775     0.825000         7010         5.71
    1320.959     0.850000         7222         6.67
    1422.335     0.875000         7435         8.00
    1475.583     0.887500         7541         8.89
    1532.927     0.900000         7646        10.00
    1594.367     0.912500         7756        11.43
    1667.071     0.925000         7858        13.33
    1782.783     0.937500         7965        16.00
    1830.911     0.943750         8019        17.78
    1904.639     0.950000         8071        20.00
    1977.343     0.956250         8124        22.86
    2066.431     0.962500         8179        26.67
    2160.639     0.968750         8232        32.00
    2207.743     0.971875         8257        35.56
    2250.751     0.975000         8286        40.00
    2291.711     0.978125         8310        45.71
    2326.527     0.981250         8336        53.33
    2377.727     0.984375         8363        64.00
    2422.783     0.985938         8376        71.11
    2473.983     0.987500         8390        80.00
    2539.519     0.989062         8403        91.43
    2576.383     0.990625         8416       106.67
    2631.679     0.992188         8429       128.00
    2660.351     0.992969         8437       142.22
    2693.119     0.993750         8443       160.00
    2713.599     0.994531         8449       182.86
    2742.271     0.995313         8456       213.33
    2801.663     0.996094         8462       256.00
    2818.047     0.996484         8467       284.44
    2848.767     0.996875         8470       320.00
    2863.103     0.997266         8472       365.71
    2906.111     0.997656         8476       426.67
    2926.591     0.998047         8479       512.00
    2975.743     0.998242         8481       568.89
    2985.983     0.998437         8482       640.00
    3061.759     0.998633         8484       731.43
    3088.383     0.998828         8486       853.33
    3129.343     0.999023         8487      1024.00
    3174.399     0.999121         8488      1137.78
    3178.495     0.999219         8489      1280.00
    3196.927     0.999316         8490      1462.86
    3229.695     0.999414         8491      1706.67
    3229.695     0.999512         8491      2048.00
    3237.887     0.999561         8492      2275.56
    3237.887     0.999609         8492      2560.00
    3248.127     0.999658         8493      2925.71
    3248.127     0.999707         8493      3413.33
    3248.127     0.999756         8493      4096.00
    3282.943     0.999780         8494      4551.11
    3282.943     0.999805         8494      5120.00
    3282.943     0.999829         8494      5851.43
    3282.943     0.999854         8494      6826.67
    3282.943     0.999878         8494      8192.00
    3315.711     0.999890         8495      9102.22
    3315.711     1.000000         8495          inf
#[Mean    =      703.180, StdDeviation   =      586.327]
#[Max     =     3313.664, Total count    =         8495]
#[Buckets =           27, SubBuckets     =         2048]
----------------------------------------------------------
  8496 requests in 10.00s, 2.93MB read
  Non-2xx or 3xx responses: 8496
Requests/sec:    849.69
Transfer/sec:    300.38KB
Running 10s test @ http://localhost:8080/wrk2-api/review/compose
  1 threads and 100 connections
  Thread Stats   Avg      Stdev     99%   +/- Stdev
    Latency     1.17s   891.49ms   3.50s    63.49%
    Req/Sec       -nan      -nan   0.00      0.00%
  Latency Distribution (HdrHistogram - Recorded Latency)
 50.000%    1.02s 
 75.000%    1.79s 
 90.000%    2.47s 
 99.000%    3.50s 
 99.900%    3.79s 
 99.990%    4.19s 
 99.999%    4.21s 
100.000%    4.21s 

  Detailed Percentile spectrum:
       Value   Percentile   TotalCount 1/(1-Percentile)

       4.227     0.000000            1         1.00
     141.823     0.100000          825         1.11
     288.511     0.200000         1647         1.25
     467.199     0.300000         2470         1.43
     740.351     0.400000         3294         1.67
    1021.439     0.500000         4117         2.00
    1155.071     0.550000         4532         2.22
    1313.791     0.600000         4941         2.50
    1472.511     0.650000         5354         2.86
    1633.279     0.700000         5766         3.33
    1794.047     0.750000         6175         4.00
    1868.799     0.775000         6383         4.44
    1947.647     0.800000         6587         5.00
    2044.927     0.825000         6793         5.71
    2166.783     0.850000         7001         6.67
    2301.951     0.875000         7204         8.00
    2383.871     0.887500         7308         8.89
    2469.887     0.900000         7410        10.00
    2566.143     0.912500         7515        11.43
    2654.207     0.925000         7617        13.33
    2764.799     0.937500         7719        16.00
    2807.807     0.943750         7773        17.78
    2859.007     0.950000         7823        20.00
    2912.255     0.956250         7873        22.86
    2981.887     0.962500         7927        26.67
    3059.711     0.968750         7976        32.00
    3094.527     0.971875         8002        35.56
    3135.487     0.975000         8028        40.00
    3190.783     0.978125         8054        45.71
    3252.223     0.981250         8081        53.33
    3338.239     0.984375         8106        64.00
    3399.679     0.985938         8118        71.11
    3438.591     0.987500         8132        80.00
    3479.551     0.989062         8144        91.43
    3510.271     0.990625         8156       106.67
    3547.135     0.992188         8169       128.00
    3559.423     0.992969         8176       142.22
    3594.239     0.993750         8185       160.00
    3602.431     0.994531         8188       182.86
    3635.199     0.995313         8195       213.33
    3665.919     0.996094         8202       256.00
    3684.351     0.996484         8205       284.44
    3698.687     0.996875         8208       320.00
    3710.975     0.997266         8211       365.71
    3721.215     0.997656         8215       426.67
    3725.311     0.998047         8217       512.00
    3760.127     0.998242         8221       568.89
    3760.127     0.998437         8221       640.00
    3768.319     0.998633         8222       731.43
    3784.703     0.998828         8224       853.33
    3794.943     0.999023         8225      1024.00
    3829.759     0.999121         8226      1137.78
    3852.287     0.999219         8227      1280.00
    3870.719     0.999316         8228      1462.86
    3907.583     0.999414         8229      1706.67
    3907.583     0.999512         8229      2048.00
    3917.823     0.999561         8230      2275.56
    3917.823     0.999609         8230      2560.00
    3964.927     0.999658         8231      2925.71
    3964.927     0.999707         8231      3413.33
    3964.927     0.999756         8231      4096.00
    4188.159     0.999780         8232      4551.11
    4188.159     0.999805         8232      5120.00
    4188.159     0.999829         8232      5851.43
    4188.159     0.999854         8232      6826.67
    4188.159     0.999878         8232      8192.00
    4210.687     0.999890         8233      9102.22
    4210.687     1.000000         8233          inf
#[Mean    =     1168.754, StdDeviation   =      891.494]
#[Max     =     4206.592, Total count    =         8233]
#[Buckets =           27, SubBuckets     =         2048]
----------------------------------------------------------
  8234 requests in 10.01s, 2.84MB read
  Non-2xx or 3xx responses: 8234
Requests/sec:    822.97
Transfer/sec:    290.93KB
