Running 5s test @ http://127.0.0.1:8080
  1 threads and 50 connections
  Thread Stats   Avg      Stdev     99%   +/- Stdev
    Latency   188.60us   56.05us 340.00us   88.61%
    Req/Sec       -nan      -nan   0.00      0.00%
  Latency Distribution (HdrHistogram - Recorded Latency)
 50.000%  172.00us
 75.000%  209.00us
 90.000%  249.00us
 99.000%  340.00us
 99.900%  680.00us
 99.990%    1.42ms
 99.999%    1.42ms
100.000%    1.42ms

  Detailed Percentile spectrum:
       Value   Percentile   TotalCount 1/(1-Percentile)

       0.127     0.000000            1         1.00
       0.150     0.100000          259         1.11
       0.154     0.200000          526         1.25
       0.157     0.300000          749         1.43
       0.164     0.400000          983         1.67
       0.172     0.500000         1231         2.00
       0.176     0.550000         1366         2.22
       0.181     0.600000         1489         2.50
       0.187     0.650000         1600         2.86
       0.196     0.700000         1717         3.33
       0.209     0.750000         1839         4.00
       0.218     0.775000         1899         4.44
       0.226     0.800000         1970         5.00
       0.232     0.825000         2025         5.71
       0.237     0.850000         2089         6.67
       0.242     0.875000         2152         8.00
       0.245     0.887500         2178         8.89
       0.249     0.900000         2206        10.00
       0.252     0.912500         2236        11.43
       0.257     0.925000         2269        13.33
       0.266     0.937500         2301        16.00
       0.269     0.943750         2314        17.78
       0.273     0.950000         2332        20.00
       0.275     0.956250         2344        22.86
       0.278     0.962500         2361        26.67
       0.284     0.968750         2379        32.00
       0.285     0.971875         2382        35.56
       0.288     0.975000         2389        40.00
       0.293     0.978125         2397        45.71
       0.302     0.981250         2405        53.33
       0.318     0.984375         2413        64.00
       0.323     0.985938         2416        71.11
       0.331     0.987500         2420        80.00
       0.336     0.989062         2424        91.43
       0.344     0.990625         2429       106.67
       0.351     0.992188         2431       128.00
       0.356     0.992969         2433       142.22
       0.367     0.993750         2435       160.00
       0.370     0.994531         2437       182.86
       0.374     0.995313         2439       213.33
       0.379     0.996094         2441       256.00
       0.404     0.996484         2442       284.44
       0.417     0.996875         2443       320.00
       0.459     0.997266         2444       365.71
       0.464     0.997656         2445       426.67
       0.492     0.998047         2446       512.00
       0.492     0.998242         2446       568.89
       0.513     0.998437         2447       640.00
       0.513     0.998633         2447       731.43
       0.680     0.998828         2448       853.33
       0.680     0.999023         2448      1024.00
       0.680     0.999121         2448      1137.78
       1.296     0.999219         2449      1280.00
       1.296     0.999316         2449      1462.86
       1.296     0.999414         2449      1706.67
       1.296     0.999512         2449      2048.00
       1.296     0.999561         2449      2275.56
       1.417     0.999609         2450      2560.00
       1.417     1.000000         2450          inf
#[Mean    =        0.189, StdDeviation   =        0.056]
#[Max     =        1.417, Total count    =         2450]
#[Buckets =           27, SubBuckets     =         2048]
----------------------------------------------------------
  2451 requests in 5.01s, 2.09MB read
Requests/sec:    489.70
Transfer/sec:    428.49KB
Running 5s test @ http://127.0.0.1:8080
  1 threads and 50 connections
  Thread Stats   Avg      Stdev     99%   +/- Stdev
    Latency     1.55ms    1.84ms   6.71ms   82.81%
    Req/Sec       -nan      -nan   0.00      0.00%
  Latency Distribution (HdrHistogram - Recorded Latency)
 50.000%  772.00us
 75.000%    1.04ms
 90.000%    5.27ms
 99.000%    6.71ms
 99.900%    7.70ms
 99.990%   16.98ms
 99.999%   17.09ms
100.000%   17.09ms

  Detailed Percentile spectrum:
       Value   Percentile   TotalCount 1/(1-Percentile)

       0.122     0.000000            1         1.00
       0.452     0.100000         5007         1.11
       0.541     0.200000         9958         1.25
       0.625     0.300000        14948         1.43
       0.703     0.400000        19901         1.67
       0.772     0.500000        24837         2.00
       0.809     0.550000        27368         2.22
       0.849     0.600000        29850         2.50
       0.895     0.650000        32287         2.86
       0.952     0.700000        34767         3.33
       1.036     0.750000        37263         4.00
       1.117     0.775000        38493         4.44
       1.296     0.800000        39725         5.00
       2.697     0.825000        40967         5.71
       4.735     0.850000        42213         6.67
       5.043     0.875000        43452         8.00
       5.163     0.887500        44070         8.89
       5.271     0.900000        44690        10.00
       5.355     0.912500        45315        11.43
       5.447     0.925000        45948        13.33
       5.539     0.937500        46561        16.00
       5.599     0.943750        46862        17.78
       5.675     0.950000        47177        20.00
       5.775     0.956250        47494        22.86
       5.911     0.962500        47795        26.67
       6.039     0.968750        48106        32.00
       6.111     0.971875        48265        35.56
       6.275     0.975000        48417        40.00
       6.423     0.978125        48569        45.71
       6.519     0.981250        48724        53.33
       6.587     0.984375        48881        64.00
       6.615     0.985938        48964        71.11
       6.643     0.987500        49039        80.00
       6.687     0.989062        49116        91.43
       6.723     0.990625        49192       106.67
       6.767     0.992188        49278       128.00
       6.779     0.992969        49315       142.22
       6.795     0.993750        49346       160.00
       6.823     0.994531        49384       182.86
       6.855     0.995313        49429       213.33
       6.895     0.996094        49463       256.00
       6.919     0.996484        49485       284.44
       6.947     0.996875        49502       320.00
       6.971     0.997266        49521       365.71
       7.003     0.997656        49539       426.67
       7.047     0.998047        49564       512.00
       7.067     0.998242        49569       568.89
       7.115     0.998437        49579       640.00
       7.211     0.998633        49588       731.43
       7.295     0.998828        49597       853.33
       7.747     0.999023        49607      1024.00
       7.787     0.999121        49613      1137.78
       8.663     0.999219        49617      1280.00
      10.415     0.999316        49622      1462.86
      10.463     0.999414        49626      1706.67
      10.655     0.999512        49631      2048.00
      14.967     0.999561        49634      2275.56
      14.999     0.999609        49636      2560.00
      15.031     0.999658        49640      2925.71
      15.055     0.999707        49641      3413.33
      15.111     0.999756        49643      4096.00
      15.135     0.999780        49647      4551.11
      15.135     0.999805        49647      5120.00
      15.135     0.999829        49647      5851.43
      15.159     0.999854        49648      6826.67
      16.959     0.999878        49649      8192.00
      16.975     0.999890        49652      9102.22
      16.975     0.999902        49652     10240.00
      16.975     0.999915        49652     11702.86
      16.975     0.999927        49652     13653.33
      16.975     0.999939        49652     16384.00
      17.039     0.999945        49653     18204.44
      17.039     0.999951        49653     20480.00
      17.039     0.999957        49653     23405.71
      17.071     0.999963        49654     27306.67
      17.071     0.999969        49654     32768.00
      17.071     0.999973        49654     36408.89
      17.071     0.999976        49654     40960.00
      17.071     0.999979        49654     46811.43
      17.087     0.999982        49655     54613.33
      17.087     1.000000        49655          inf
#[Mean    =        1.554, StdDeviation   =        1.841]
#[Max     =       17.072, Total count    =        49655]
#[Buckets =           27, SubBuckets     =         2048]
----------------------------------------------------------
  49659 requests in 5.00s, 42.43MB read
Requests/sec:   9931.77
Transfer/sec:      8.49MB
Running 5s test @ http://127.0.0.1:8080
  1 threads and 50 connections
  Thread Stats   Avg      Stdev     99%   +/- Stdev
    Latency     0.99ms  410.93us   1.95ms   74.97%
    Req/Sec       -nan      -nan   0.00      0.00%
  Latency Distribution (HdrHistogram - Recorded Latency)
 50.000%    0.94ms
 75.000%    1.23ms
 90.000%    1.47ms
 99.000%    1.95ms
 99.900%    3.71ms
 99.990%    9.21ms
 99.999%    9.38ms
100.000%    9.40ms

  Detailed Percentile spectrum:
       Value   Percentile   TotalCount 1/(1-Percentile)

       0.134     0.000000            1         1.00
       0.554     0.100000         7478         1.11
       0.654     0.200000        14923         1.25
       0.738     0.300000        22389         1.43
       0.832     0.400000        29855         1.67
       0.938     0.500000        37285         2.00
       0.993     0.550000        41027         2.22
       1.049     0.600000        44763         2.50
       1.108     0.650000        48503         2.86
       1.167     0.700000        52214         3.33
       1.227     0.750000        55923         4.00
       1.259     0.775000        57750         4.44
       1.295     0.800000        59642         5.00
       1.332     0.825000        61520         5.71
       1.371     0.850000        63375         6.67
       1.415     0.875000        65216         8.00
       1.442     0.887500        66133         8.89
       1.470     0.900000        67069        10.00
       1.500     0.912500        68004        11.43
       1.534     0.925000        68932        13.33
       1.572     0.937500        69863        16.00
       1.594     0.943750        70330        17.78
       1.620     0.950000        70802        20.00
       1.647     0.956250        71256        22.86
       1.681     0.962500        71735        26.67
       1.716     0.968750        72188        32.00
       1.737     0.971875        72423        35.56
       1.762     0.975000        72662        40.00
       1.787     0.978125        72889        45.71
       1.817     0.981250        73125        53.33
       1.855     0.984375        73354        64.00
       1.874     0.985938        73470        71.11
       1.906     0.987500        73594        80.00
       1.932     0.989062        73702        91.43
       1.968     0.990625        73818       106.67
       2.017     0.992188        73935       128.00
       2.041     0.992969        73996       142.22
       2.075     0.993750        74052       160.00
       2.115     0.994531        74109       182.86
       2.175     0.995313        74169       213.33
       2.301     0.996094        74225       256.00
       2.351     0.996484        74255       284.44
       2.385     0.996875        74284       320.00
       2.429     0.997266        74314       365.71
       2.493     0.997656        74343       426.67
       2.573     0.998047        74371       512.00
       2.651     0.998242        74386       568.89
       2.783     0.998437        74400       640.00
       3.187     0.998633        74415       731.43
       3.353     0.998828        74429       853.33
       3.845     0.999023        74444      1024.00
       4.951     0.999121        74451      1137.78
       5.435     0.999219        74459      1280.00
       5.903     0.999316        74466      1462.86
       6.059     0.999414        74473      1706.67
       6.227     0.999512        74480      2048.00
       6.983     0.999561        74484      2275.56
       7.111     0.999609        74487      2560.00
       7.863     0.999658        74491      2925.71
       8.071     0.999707        74495      3413.33
       8.103     0.999756        74498      4096.00
       8.155     0.999780        74500      4551.11
       8.415     0.999805        74502      5120.00
       8.431     0.999829        74504      5851.43
       8.447     0.999854        74506      6826.67
       9.199     0.999878        74508      8192.00
       9.199     0.999890        74508      9102.22
       9.207     0.999902        74509     10240.00
       9.239     0.999915        74511     11702.86
       9.239     0.999927        74511     13653.33
       9.247     0.999939        74513     16384.00
       9.247     0.999945        74513     18204.44
       9.247     0.999951        74513     20480.00
       9.247     0.999957        74513     23405.71
       9.359     0.999963        74514     27306.67
       9.359     0.999969        74514     32768.00
       9.359     0.999973        74514     36408.89
       9.383     0.999976        74515     40960.00
       9.383     0.999979        74515     46811.43
       9.383     0.999982        74515     54613.33
       9.383     0.999985        74515     65536.00
       9.383     0.999986        74515     72817.78
       9.399     0.999988        74516     81920.00
       9.399     1.000000        74516          inf
#[Mean    =        0.987, StdDeviation   =        0.411]
#[Max     =        9.392, Total count    =        74516]
#[Buckets =           27, SubBuckets     =         2048]
----------------------------------------------------------
  74518 requests in 5.00s, 63.68MB read
Requests/sec:  14902.33
Transfer/sec:     12.73MB
Running 5s test @ http://127.0.0.1:8080
  1 threads and 50 connections
  Thread Stats   Avg      Stdev     99%   +/- Stdev
    Latency     1.30ms  644.37us   3.86ms   83.49%
    Req/Sec       -nan      -nan   0.00      0.00%
  Latency Distribution (HdrHistogram - Recorded Latency)
 50.000%    1.15ms
 75.000%    1.54ms
 90.000%    1.99ms
 99.000%    3.86ms
 99.900%    5.80ms
 99.990%    8.41ms
 99.999%    8.94ms
100.000%    8.94ms

  Detailed Percentile spectrum:
       Value   Percentile   TotalCount 1/(1-Percentile)

       0.227     0.000000            1         1.00
       0.724     0.100000         9953         1.11
       0.835     0.200000        19903         1.25
       0.928     0.300000        29815         1.43
       1.028     0.400000        39756         1.67
       1.151     0.500000        49711         2.00
       1.220     0.550000        54690         2.22
       1.296     0.600000        59640         2.50
       1.378     0.650000        64638         2.86
       1.461     0.700000        69597         3.33
       1.545     0.750000        74560         4.00
       1.595     0.775000        77021         4.44
       1.648     0.800000        79516         5.00
       1.711     0.825000        81998         5.71
       1.780     0.850000        84491         6.67
       1.870     0.875000        86978         8.00
       1.925     0.887500        88208         8.89
       1.987     0.900000        89440        10.00
       2.061     0.912500        90683        11.43
       2.159     0.925000        91944        13.33
       2.271     0.937500        93190        16.00
       2.333     0.943750        93792        17.78
       2.405     0.950000        94412        20.00
       2.509     0.956250        95032        22.86
       2.605     0.962500        95657        26.67
       2.743     0.968750        96277        32.00
       2.839     0.971875        96589        35.56
       2.973     0.975000        96893        40.00
       3.103     0.978125        97206        45.71
       3.251     0.981250        97517        53.33
       3.445     0.984375        97829        64.00
       3.549     0.985938        97980        71.11
       3.659     0.987500        98135        80.00
       3.767     0.989062        98292        91.43
       3.917     0.990625        98446       106.67
       4.067     0.992188        98603       128.00
       4.167     0.992969        98680       142.22
       4.315     0.993750        98756       160.00
       4.459     0.994531        98834       182.86
       4.619     0.995313        98912       213.33
       4.799     0.996094        98990       256.00
       4.875     0.996484        99028       284.44
       5.019     0.996875        99068       320.00
       5.095     0.997266        99106       365.71
       5.211     0.997656        99145       426.67
       5.287     0.998047        99183       512.00
       5.439     0.998242        99203       568.89
       5.523     0.998437        99222       640.00
       5.603     0.998633        99242       731.43
       5.663     0.998828        99261       853.33
       5.803     0.999023        99280      1024.00
       5.947     0.999121        99290      1137.78
       6.015     0.999219        99301      1280.00
       6.091     0.999316        99310      1462.86
       6.307     0.999414        99319      1706.67
       6.431     0.999512        99329      2048.00
       6.487     0.999561        99334      2275.56
       6.591     0.999609        99339      2560.00
       6.711     0.999658        99344      2925.71
       6.767     0.999707        99348      3413.33
       7.107     0.999756        99353      4096.00
       7.139     0.999780        99356      4551.11
       7.151     0.999805        99358      5120.00
       8.343     0.999829        99361      5851.43
       8.375     0.999854        99363      6826.67
       8.415     0.999878        99367      8192.00
       8.415     0.999890        99367      9102.22
       8.863     0.999902        99368     10240.00
       8.887     0.999915        99371     11702.86
       8.887     0.999927        99371     13653.33
       8.887     0.999939        99371     16384.00
       8.895     0.999945        99373     18204.44
       8.895     0.999951        99373     20480.00
       8.895     0.999957        99373     23405.71
       8.911     0.999963        99374     27306.67
       8.911     0.999969        99374     32768.00
       8.935     0.999973        99375     36408.89
       8.935     0.999976        99375     40960.00
       8.935     0.999979        99375     46811.43
       8.943     0.999982        99377     54613.33
       8.943     1.000000        99377          inf
#[Mean    =        1.302, StdDeviation   =        0.644]
#[Max     =        8.936, Total count    =        99377]
#[Buckets =           27, SubBuckets     =         2048]
----------------------------------------------------------
  99397 requests in 5.00s, 84.93MB read
Requests/sec:  19877.21
Transfer/sec:     16.98MB
Running 5s test @ http://127.0.0.1:8080
  1 threads and 50 connections
  Thread Stats   Avg      Stdev     99%   +/- Stdev
    Latency     2.49ms    1.03ms   5.72ms   73.22%
    Req/Sec       -nan      -nan   0.00      0.00%
  Latency Distribution (HdrHistogram - Recorded Latency)
 50.000%    2.28ms
 75.000%    3.04ms
 90.000%    3.84ms
 99.000%    5.72ms
 99.900%    8.09ms
 99.990%    9.26ms
 99.999%   11.52ms
100.000%   11.52ms

  Detailed Percentile spectrum:
       Value   Percentile   TotalCount 1/(1-Percentile)

       0.190     0.000000            1         1.00
       1.405     0.100000        12438         1.11
       1.667     0.200000        24896         1.25
       1.868     0.300000        37289         1.43
       2.069     0.400000        49725         1.67
       2.277     0.500000        62112         2.00
       2.393     0.550000        68366         2.22
       2.523     0.600000        74602         2.50
       2.671     0.650000        80806         2.86
       2.837     0.700000        86967         3.33
       3.037     0.750000        93194         4.00
       3.139     0.775000        96278         4.44
       3.255     0.800000        99371         5.00
       3.385     0.825000       102515         5.71
       3.513     0.850000       105629         6.67
       3.653     0.875000       108719         8.00
       3.737     0.887500       110247         8.89
       3.835     0.900000       111802        10.00
       3.947     0.912500       113346        11.43
       4.081     0.925000       114892        13.33
       4.251     0.937500       116475        16.00
       4.331     0.943750       117225        17.78
       4.423     0.950000       118001        20.00
       4.523     0.956250       118790        22.86
       4.611     0.962500       119559        26.67
       4.739     0.968750       120330        32.00
       4.815     0.971875       120720        35.56
       4.899     0.975000       121103        40.00
       4.991     0.978125       121490        45.71
       5.139     0.981250       121879        53.33
       5.323     0.984375       122263        64.00
       5.395     0.985938       122459        71.11
       5.483     0.987500       122652        80.00
       5.619     0.989062       122847        91.43
       5.787     0.990625       123040       106.67
       6.067     0.992188       123232       128.00
       6.183     0.992969       123332       142.22
       6.303     0.993750       123427       160.00
       6.427     0.994531       123525       182.86
       6.587     0.995313       123621       213.33
       6.747     0.996094       123717       256.00
       6.815     0.996484       123767       284.44
       6.887     0.996875       123815       320.00
       6.991     0.997266       123863       365.71
       7.159     0.997656       123911       426.67
       7.403     0.998047       123960       512.00
       7.587     0.998242       123986       568.89
       7.647     0.998437       124009       640.00
       7.767     0.998633       124033       731.43
       7.995     0.998828       124057       853.33
       8.091     0.999023       124081      1024.00
       8.139     0.999121       124093      1137.78
       8.175     0.999219       124105      1280.00
       8.215     0.999316       124120      1462.86
       8.327     0.999414       124134      1706.67
       8.431     0.999512       124142      2048.00
       8.511     0.999561       124148      2275.56
       8.583     0.999609       124154      2560.00
       8.647     0.999658       124161      2925.71
       8.687     0.999707       124166      3413.33
       8.799     0.999756       124172      4096.00
       8.887     0.999780       124175      4551.11
       8.999     0.999805       124179      5120.00
       9.007     0.999829       124183      5851.43
       9.127     0.999854       124184      6826.67
       9.191     0.999878       124187      8192.00
       9.247     0.999890       124189      9102.22
       9.255     0.999902       124190     10240.00
       9.943     0.999915       124192     11702.86
       9.959     0.999927       124193     13653.33
       9.967     0.999939       124195     16384.00
       9.983     0.999945       124196     18204.44
       9.983     0.999951       124196     20480.00
      10.039     0.999957       124197     23405.71
      10.055     0.999963       124198     27306.67
      11.287     0.999969       124199     32768.00
      11.287     0.999973       124199     36408.89
      11.287     0.999976       124199     40960.00
      11.311     0.999979       124200     46811.43
      11.311     0.999982       124200     54613.33
      11.519     0.999985       124202     65536.00
      11.519     1.000000       124202          inf
#[Mean    =        2.491, StdDeviation   =        1.027]
#[Max     =       11.512, Total count    =       124202]
#[Buckets =           27, SubBuckets     =         2048]
----------------------------------------------------------
  124247 requests in 5.00s, 106.17MB read
Requests/sec:  24846.25
Transfer/sec:     21.23MB
Running 5s test @ http://127.0.0.1:8080
  1 threads and 50 connections
  Thread Stats   Avg      Stdev     99%   +/- Stdev
    Latency     3.73ms    1.55ms   8.76ms   76.91%
    Req/Sec       -nan      -nan   0.00      0.00%
  Latency Distribution (HdrHistogram - Recorded Latency)
 50.000%    3.37ms
 75.000%    4.59ms
 90.000%    5.58ms
 99.000%    8.76ms
 99.900%   13.87ms
 99.990%   16.59ms
 99.999%   16.90ms
100.000%   16.90ms

  Detailed Percentile spectrum:
       Value   Percentile   TotalCount 1/(1-Percentile)

       0.200     0.000000            1         1.00
       2.175     0.100000        14906         1.11
       2.529     0.200000        29904         1.25
       2.787     0.300000        44813         1.43
       3.045     0.400000        59625         1.67
       3.367     0.500000        74551         2.00
       3.595     0.550000        81979         2.22
       3.863     0.600000        89463         2.50
       4.119     0.650000        96962         2.86
       4.347     0.700000       104341         3.33
       4.587     0.750000       111866         4.00
       4.703     0.775000       115527         4.44
       4.839     0.800000       119292         5.00
       4.983     0.825000       122997         5.71
       5.139     0.850000       126756         6.67
       5.327     0.875000       130408         8.00
       5.439     0.887500       132306         8.89
       5.583     0.900000       134142        10.00
       5.739     0.912500       136021        11.43
       5.915     0.925000       137874        13.33
       6.123     0.937500       139735        16.00
       6.255     0.943750       140657        17.78
       6.407     0.950000       141582        20.00
       6.587     0.956250       142509        22.86
       6.779     0.962500       143446        26.67
       7.007     0.968750       144379        32.00
       7.159     0.971875       144845        35.56
       7.303     0.975000       145306        40.00
       7.535     0.978125       145779        45.71
       7.727     0.981250       146237        53.33
       8.007     0.984375       146704        64.00
       8.191     0.985938       146934        71.11
       8.431     0.987500       147172        80.00
       8.623     0.989062       147404        91.43
       8.839     0.990625       147639       106.67
       9.183     0.992188       147871       128.00
       9.415     0.992969       147984       142.22
       9.759     0.993750       148100       160.00
      10.063     0.994531       148214       182.86
      10.455     0.995313       148332       213.33
      11.303     0.996094       148447       256.00
      11.583     0.996484       148507       284.44
      11.823     0.996875       148564       320.00
      12.367     0.997266       148622       365.71
      12.671     0.997656       148680       426.67
      13.047     0.998047       148740       512.00
      13.143     0.998242       148769       568.89
      13.239     0.998437       148800       640.00
      13.335     0.998633       148831       731.43
      13.559     0.998828       148855       853.33
      14.479     0.999023       148884      1024.00
      14.711     0.999121       148899      1137.78
      14.791     0.999219       148915      1280.00
      14.911     0.999316       148929      1462.86
      14.991     0.999414       148943      1706.67
      15.119     0.999512       148959      2048.00
      15.127     0.999561       148964      2275.56
      15.159     0.999609       148973      2560.00
      15.207     0.999658       148979      2925.71
      15.351     0.999707       148986      3413.33
      15.447     0.999756       149001      4096.00
      15.447     0.999780       149001      4551.11
      15.447     0.999805       149001      5120.00
      16.303     0.999829       149005      5851.43
      16.447     0.999854       149010      6826.67
      16.575     0.999878       149013      8192.00
      16.575     0.999890       149013      9102.22
      16.591     0.999902       149018     10240.00
      16.591     0.999915       149018     11702.86
      16.607     0.999927       149019     13653.33
      16.639     0.999939       149021     16384.00
      16.639     0.999945       149021     18204.44
      16.655     0.999951       149022     20480.00
      16.703     0.999957       149023     23405.71
      16.735     0.999963       149024     27306.67
      16.751     0.999969       149025     32768.00
      16.751     0.999973       149025     36408.89
      16.767     0.999976       149026     40960.00
      16.767     0.999979       149026     46811.43
      16.879     0.999982       149027     54613.33
      16.879     0.999985       149027     65536.00
      16.879     0.999986       149027     72817.78
      16.895     0.999988       149029     81920.00
      16.895     1.000000       149029          inf
#[Mean    =        3.734, StdDeviation   =        1.552]
#[Max     =       16.880, Total count    =       149029]
#[Buckets =           27, SubBuckets     =         2048]
----------------------------------------------------------
  149038 requests in 5.00s, 127.35MB read
Requests/sec:  29807.95
Transfer/sec:     25.47MB
Running 5s test @ http://127.0.0.1:8080
  1 threads and 50 connections
  Thread Stats   Avg      Stdev     99%   +/- Stdev
    Latency     5.32ms    2.49ms  14.61ms   79.74%
    Req/Sec       -nan      -nan   0.00      0.00%
  Latency Distribution (HdrHistogram - Recorded Latency)
 50.000%    4.85ms
 75.000%    6.44ms
 90.000%    8.06ms
 99.000%   14.61ms
 99.900%   21.28ms
 99.990%   24.06ms
 99.999%   24.98ms
100.000%   25.36ms

  Detailed Percentile spectrum:
       Value   Percentile   TotalCount 1/(1-Percentile)

       0.219     0.000000            1         1.00
       2.897     0.100000        17417         1.11
       3.407     0.200000        34818         1.25
       3.793     0.300000        52143         1.43
       4.255     0.400000        69570         1.67
       4.847     0.500000        86845         2.00
       5.219     0.550000        95603         2.22
       5.535     0.600000       104272         2.50
       5.835     0.650000       112990         2.86
       6.127     0.700000       121608         3.33
       6.439     0.750000       130375         4.00
       6.599     0.775000       134610         4.44
       6.787     0.800000       138999         5.00
       7.015     0.825000       143367         5.71
       7.291     0.850000       147679         6.67
       7.627     0.875000       151982         8.00
       7.811     0.887500       154154         8.89
       8.055     0.900000       156315        10.00
       8.367     0.912500       158526        11.43
       8.743     0.925000       160691        13.33
       9.183     0.937500       162837        16.00
       9.455     0.943750       163922        17.78
       9.751     0.950000       165014        20.00
      10.103     0.956250       166089        22.86
      10.495     0.962500       167172        26.67
      10.943     0.968750       168266        32.00
      11.247     0.971875       168806        35.56
      11.559     0.975000       169342        40.00
      11.919     0.978125       169890        45.71
      12.311     0.981250       170426        53.33
      12.879     0.984375       170973        64.00
      13.223     0.985938       171244        71.11
      13.703     0.987500       171512        80.00
      14.223     0.989062       171788        91.43
      14.807     0.990625       172054       106.67
      15.495     0.992188       172325       128.00
      16.095     0.992969       172461       142.22
      16.639     0.993750       172597       160.00
      17.007     0.994531       172734       182.86
      17.407     0.995313       172876       213.33
      17.887     0.996094       173005       256.00
      18.287     0.996484       173078       284.44
      18.591     0.996875       173140       320.00
      18.991     0.997266       173208       365.71
      19.439     0.997656       173277       426.67
      19.919     0.998047       173342       512.00
      20.271     0.998242       173379       568.89
      20.575     0.998437       173412       640.00
      20.991     0.998633       173444       731.43
      21.167     0.998828       173479       853.33
      21.311     0.999023       173512      1024.00
      21.391     0.999121       173529      1137.78
      21.503     0.999219       173546      1280.00
      21.599     0.999316       173565      1462.86
      21.807     0.999414       173582      1706.67
      22.015     0.999512       173597      2048.00
      22.223     0.999561       173607      2275.56
      22.495     0.999609       173616      2560.00
      22.559     0.999658       173622      2925.71
      22.591     0.999707       173633      3413.33
      23.167     0.999756       173639      4096.00
      23.247     0.999780       173644      4551.11
      23.551     0.999805       173648      5120.00
      23.583     0.999829       173654      5851.43
      23.599     0.999854       173656      6826.67
      23.695     0.999878       173660      8192.00
      24.031     0.999890       173662      9102.22
      24.079     0.999902       173666     10240.00
      24.191     0.999915       173667     11702.86
      24.239     0.999927       173670     13653.33
      24.255     0.999939       173672     16384.00
      24.255     0.999945       173672     18204.44
      24.271     0.999951       173673     20480.00
      24.287     0.999957       173674     23405.71
      24.639     0.999963       173675     27306.67
      24.655     0.999969       173676     32768.00
      24.671     0.999973       173677     36408.89
      24.671     0.999976       173677     40960.00
      24.703     0.999979       173678     46811.43
      24.703     0.999982       173678     54613.33
      24.975     0.999985       173679     65536.00
      24.975     0.999986       173679     72817.78
      24.975     0.999988       173679     81920.00
      24.991     0.999989       173680     93622.86
      24.991     0.999991       173680    109226.67
      24.991     0.999992       173680    131072.00
      24.991     0.999993       173680    145635.56
      24.991     0.999994       173680    163840.00
      25.359     0.999995       173681    187245.71
      25.359     1.000000       173681          inf
#[Mean    =        5.316, StdDeviation   =        2.493]
#[Max     =       25.344, Total count    =       173681]
#[Buckets =           27, SubBuckets     =         2048]
----------------------------------------------------------
  173852 requests in 5.00s, 148.56MB read
Requests/sec:  34766.11
Transfer/sec:     29.71MB
Running 5s test @ http://127.0.0.1:8080
  1 threads and 50 connections
  Thread Stats   Avg      Stdev     99%   +/- Stdev
    Latency    10.89ms    9.60ms  59.13ms   89.32%
    Req/Sec       -nan      -nan   0.00      0.00%
  Latency Distribution (HdrHistogram - Recorded Latency)
 50.000%    7.85ms
 75.000%   12.65ms
 90.000%   20.99ms
 99.000%   59.13ms
 99.900%   70.91ms
 99.990%   74.30ms
 99.999%   75.01ms
100.000%   77.31ms

  Detailed Percentile spectrum:
       Value   Percentile   TotalCount 1/(1-Percentile)

       0.189     0.000000            1         1.00
       3.889     0.100000        19856         1.11
       4.927     0.200000        39712         1.25
       5.939     0.300000        59544         1.43
       6.903     0.400000        79390         1.67
       7.851     0.500000        99252         2.00
       8.423     0.550000       109237         2.22
       9.111     0.600000       119053         2.50
      10.055     0.650000       128997         2.86
      11.215     0.700000       138931         3.33
      12.655     0.750000       148860         4.00
      13.543     0.775000       153778         4.44
      14.559     0.800000       158774         5.00
      15.663     0.825000       163696         5.71
      17.183     0.850000       168669         6.67
      18.847     0.875000       173658         8.00
      19.903     0.887500       176097         8.89
      20.991     0.900000       178588        10.00
      22.527     0.912500       181074        11.43
      23.967     0.925000       183560        13.33
      25.647     0.937500       186022        16.00
      26.687     0.943750       187265        17.78
      27.887     0.950000       188510        20.00
      29.551     0.956250       189747        22.86
      30.895     0.962500       190979        26.67
      33.343     0.968750       192218        32.00
      34.687     0.971875       192840        35.56
      36.447     0.975000       193463        40.00
      38.751     0.978125       194078        45.71
      43.039     0.981250       194699        53.33
      50.911     0.984375       195319        64.00
      53.023     0.985938       195636        71.11
      55.615     0.987500       195939        80.00
      57.951     0.989062       196253        91.43
      60.575     0.990625       196559       106.67
      62.527     0.992188       196879       128.00
      63.519     0.992969       197029       142.22
      64.383     0.993750       197180       160.00
      65.503     0.994531       197336       182.86
      66.111     0.995313       197493       213.33
      66.623     0.996094       197674       256.00
      66.879     0.996484       197726       284.44
      67.263     0.996875       197804       320.00
      68.159     0.997266       197879       365.71
      68.799     0.997656       197968       426.67
      69.439     0.998047       198034       512.00
      69.887     0.998242       198070       568.89
      70.335     0.998437       198110       640.00
      70.527     0.998633       198158       731.43
      70.719     0.998828       198201       853.33
      71.039     0.999023       198235      1024.00
      71.231     0.999121       198245      1137.78
      71.359     0.999219       198263      1280.00
      72.319     0.999316       198283      1462.86
      73.343     0.999414       198308      1706.67
      73.471     0.999512       198323      2048.00
      73.599     0.999561       198351      2275.56
      73.599     0.999609       198351      2560.00
      73.599     0.999658       198351      2925.71
      73.727     0.999707       198360      3413.33
      73.919     0.999756       198374      4096.00
      73.983     0.999780       198380      4551.11
      73.983     0.999805       198380      5120.00
      74.175     0.999829       198385      5851.43
      74.239     0.999854       198391      6826.67
      74.303     0.999878       198402      8192.00
      74.303     0.999890       198402      9102.22
      74.303     0.999902       198402     10240.00
      74.303     0.999915       198402     11702.86
      74.367     0.999927       198405     13653.33
      74.559     0.999939       198406     16384.00
      74.623     0.999945       198409     18204.44
      74.623     0.999951       198409     20480.00
      74.687     0.999957       198413     23405.71
      74.687     0.999963       198413     27306.67
      74.687     0.999969       198413     32768.00
      74.687     0.999973       198413     36408.89
      75.007     0.999976       198416     40960.00
      75.007     0.999979       198416     46811.43
      75.007     0.999982       198416     54613.33
      75.007     0.999985       198416     65536.00
      75.007     0.999986       198416     72817.78
      75.007     0.999988       198416     81920.00
      75.007     0.999989       198416     93622.86
      77.247     0.999991       198417    109226.67
      77.247     0.999992       198417    131072.00
      77.247     0.999993       198417    145635.56
      77.247     0.999994       198417    163840.00
      77.247     0.999995       198417    187245.71
      77.311     0.999995       198418    218453.33
      77.311     1.000000       198418          inf
#[Mean    =       10.894, StdDeviation   =        9.605]
#[Max     =       77.248, Total count    =       198418]
#[Buckets =           27, SubBuckets     =         2048]
----------------------------------------------------------
  198542 requests in 5.00s, 169.65MB read
Requests/sec:  39692.96
Transfer/sec:     33.92MB
Running 5s test @ http://127.0.0.1:8080
  1 threads and 50 connections
  Thread Stats   Avg      Stdev     99%   +/- Stdev
    Latency   161.07ms  272.32ms 927.74ms   82.53%
    Req/Sec       -nan      -nan   0.00      0.00%
  Latency Distribution (HdrHistogram - Recorded Latency)
 50.000%   18.14ms
 75.000%  120.13ms
 90.000%  668.16ms
 99.000%  927.74ms
 99.900%    1.00s 
 99.990%    1.01s 
 99.999%    1.01s 
100.000%    1.01s 

  Detailed Percentile spectrum:
       Value   Percentile   TotalCount 1/(1-Percentile)

       0.226     0.000000            1         1.00
       5.623     0.100000        20741         1.11
       7.083     0.200000        41390         1.25
       9.079     0.300000        62125         1.43
      12.239     0.400000        82785         1.67
      18.143     0.500000       103468         2.00
      22.815     0.550000       113802         2.22
      29.743     0.600000       124163         2.50
      47.871     0.650000       134496         2.86
      65.535     0.700000       144837         3.33
     120.127     0.750000       155179         4.00
     251.007     0.775000       160359         4.44
     290.559     0.800000       165526         5.00
     432.639     0.825000       170718         5.71
     496.383     0.850000       175879         6.67
     633.855     0.875000       181066         8.00
     650.239     0.887500       183660         8.89
     668.159     0.900000       186234        10.00
     737.791     0.912500       188804        11.43
     772.607     0.925000       191399        13.33
     801.791     0.937500       194023        16.00
     813.055     0.943750       195351        17.78
     820.735     0.950000       196605        20.00
     848.895     0.956250       197901        22.86
     856.575     0.962500       199184        26.67
     867.839     0.968750       200488        32.00
     871.423     0.971875       201101        35.56
     875.519     0.975000       201775        40.00
     883.711     0.978125       202406        45.71
     900.607     0.981250       203027        53.33
     911.359     0.984375       203716        64.00
     914.943     0.985938       204032        71.11
     916.991     0.987500       204368        80.00
     920.575     0.989062       204655        91.43
     933.375     0.990625       204975       106.67
     946.175     0.992188       205300       128.00
     949.247     0.992969       205474       142.22
     954.367     0.993750       205613       160.00
     961.023     0.994531       205787       182.86
     969.727     0.995313       205963       213.33
     977.407     0.996094       206106       256.00
     983.551     0.996484       206180       284.44
     986.623     0.996875       206268       320.00
     991.743     0.997266       206341       365.71
     994.815     0.997656       206425       426.67
     998.911     0.998047       206524       512.00
     999.935     0.998242       206554       568.89
    1001.471     0.998437       206596       640.00
    1001.983     0.998633       206627       731.43
    1002.495     0.998828       206670       853.33
    1003.519     0.999023       206711      1024.00
    1004.031     0.999121       206751      1137.78
    1004.031     0.999219       206751      1280.00
    1004.543     0.999316       206776      1462.86
    1005.567     0.999414       206789      1706.67
    1006.591     0.999512       206838      2048.00
    1006.591     0.999561       206838      2275.56
    1006.591     0.999609       206838      2560.00
    1006.591     0.999658       206838      2925.71
    1007.103     0.999707       206873      3413.33
    1007.103     0.999756       206873      4096.00
    1007.103     0.999780       206873      4551.11
    1007.103     0.999805       206873      5120.00
    1007.103     0.999829       206873      5851.43
    1008.639     0.999854       206880      6826.67
    1008.639     0.999878       206880      8192.00
    1009.151     0.999890       206890      9102.22
    1009.151     0.999902       206890     10240.00
    1009.151     0.999915       206890     11702.86
    1009.151     0.999927       206890     13653.33
    1009.663     0.999939       206901     16384.00
    1009.663     0.999945       206901     18204.44
    1009.663     0.999951       206901     20480.00
    1009.663     0.999957       206901     23405.71
    1009.663     0.999963       206901     27306.67
    1009.663     0.999969       206901     32768.00
    1009.663     0.999973       206901     36408.89
    1009.663     0.999976       206901     40960.00
    1009.663     0.999979       206901     46811.43
    1010.175     0.999982       206905     54613.33
    1010.175     1.000000       206905          inf
#[Mean    =      161.068, StdDeviation   =      272.318]
#[Max     =     1009.664, Total count    =       206905]
#[Buckets =           27, SubBuckets     =         2048]
----------------------------------------------------------
  206913 requests in 5.00s, 176.82MB read
Requests/sec:  41372.30
Transfer/sec:     35.35MB
Running 5s test @ http://127.0.0.1:8080
  1 threads and 50 connections
  Thread Stats   Avg      Stdev     99%   +/- Stdev
    Latency   293.36ms  267.69ms   1.07s    69.09%
    Req/Sec       -nan      -nan   0.00      0.00%
  Latency Distribution (HdrHistogram - Recorded Latency)
 50.000%  280.06ms
 75.000%  442.11ms
 90.000%  620.54ms
 99.000%    1.07s 
 99.900%    1.08s 
 99.990%    1.08s 
 99.999%    1.08s 
100.000%    1.08s 

  Detailed Percentile spectrum:
       Value   Percentile   TotalCount 1/(1-Percentile)

       0.351     0.000000            1         1.00
      13.631     0.100000        21726         1.11
      37.119     0.200000        43435         1.25
      74.303     0.300000        65143         1.43
     147.199     0.400000        86851         1.67
     280.063     0.500000       108591         2.00
     301.567     0.550000       119466         2.22
     328.191     0.600000       130279         2.50
     354.815     0.650000       141125         2.86
     379.903     0.700000       151982         3.33
     442.111     0.750000       162844         4.00
     480.255     0.775000       168282         4.44
     507.647     0.800000       173696         5.00
     526.335     0.825000       179132         5.71
     551.935     0.850000       184606         6.67
     585.215     0.875000       190026         8.00
     605.183     0.887500       192773         8.89
     620.543     0.900000       195415        10.00
     681.471     0.912500       198119        11.43
     764.927     0.925000       200833        13.33
     836.095     0.937500       203559        16.00
     876.543     0.943750       204937        17.78
     893.439     0.950000       206281        20.00
     909.311     0.956250       207622        22.86
     923.647     0.962500       208976        26.67
     947.199     0.968750       210344        32.00
     983.039     0.971875       211015        35.56
    1009.663     0.975000       211721        40.00
    1014.783     0.978125       212395        45.71
    1045.503     0.981250       213064        53.33
    1055.743     0.984375       213812        64.00
    1060.863     0.985938       214124        71.11
    1064.959     0.987500       214423        80.00
    1068.031     0.989062       214873        91.43
    1070.079     0.990625       215182       106.67
    1072.127     0.992188       215630       128.00
    1072.127     0.992969       215630       142.22
    1073.151     0.993750       215776       160.00
    1075.199     0.994531       216252       182.86
    1075.199     0.995313       216252       213.33
    1076.223     0.996094       216401       256.00
    1076.223     0.996484       216401       284.44
    1077.247     0.996875       216587       320.00
    1077.247     0.997266       216587       365.71
    1078.271     0.997656       216798       426.67
    1078.271     0.998047       216798       512.00
    1078.271     0.998242       216798       568.89
    1078.271     0.998437       216798       640.00
    1079.295     0.998633       216897       731.43
    1079.295     0.998828       216897       853.33
    1080.319     0.999023       217000      1024.00
    1080.319     0.999121       217000      1137.78
    1080.319     0.999219       217000      1280.00
    1080.319     0.999316       217000      1462.86
    1080.319     0.999414       217000      1706.67
    1081.343     0.999512       217097      2048.00
    1081.343     0.999561       217097      2275.56
    1081.343     0.999609       217097      2560.00
    1081.343     0.999658       217097      2925.71
    1081.343     0.999707       217097      3413.33
    1081.343     0.999756       217097      4096.00
    1081.343     0.999780       217097      4551.11
    1081.343     0.999805       217097      5120.00
    1081.343     0.999829       217097      5851.43
    1081.343     0.999854       217097      6826.67
    1081.343     0.999878       217097      8192.00
    1081.343     0.999890       217097      9102.22
    1081.343     0.999902       217097     10240.00
    1081.343     0.999915       217097     11702.86
    1081.343     0.999927       217097     13653.33
    1082.367     0.999939       217103     16384.00
    1082.367     0.999945       217103     18204.44
    1082.367     0.999951       217103     20480.00
    1082.367     0.999957       217103     23405.71
    1083.391     0.999963       217110     27306.67
    1083.391     0.999969       217110     32768.00
    1083.391     0.999973       217110     36408.89
    1083.391     0.999976       217110     40960.00
    1083.391     0.999979       217110     46811.43
    1083.391     0.999982       217110     54613.33
    1083.391     0.999985       217110     65536.00
    1083.391     0.999986       217110     72817.78
    1083.391     0.999988       217110     81920.00
    1083.391     0.999989       217110     93622.86
    1084.415     0.999991       217112    109226.67
    1084.415     1.000000       217112          inf
#[Mean    =      293.365, StdDeviation   =      267.686]
#[Max     =     1083.392, Total count    =       217112]
#[Buckets =           27, SubBuckets     =         2048]
----------------------------------------------------------
  217356 requests in 5.00s, 185.75MB read
Requests/sec:  43458.61
Transfer/sec:     37.14MB
