Running 10s test @ http://localhost:8080/wrk2-api/review/compose
  1 threads and 100 connections
  Thread Stats   Avg      Stdev     99%   +/- Stdev
    Latency     5.97ms    3.45ms  17.89ms   88.77%
    Req/Sec       -nan      -nan   0.00      0.00%
  Latency Distribution (HdrHistogram - Recorded Latency)
 50.000%    4.80ms
 75.000%    6.55ms
 90.000%    9.85ms
 99.000%   17.89ms
 99.900%   36.32ms
 99.990%   73.21ms
 99.999%   73.21ms
100.000%   73.21ms

  Detailed Percentile spectrum:
       Value   Percentile   TotalCount 1/(1-Percentile)

       3.031     0.000000            2         1.00
       3.669     0.100000          199         1.11
       3.911     0.200000          401         1.25
       4.147     0.300000          596         1.43
       4.503     0.400000          795         1.67
       4.795     0.500000          995         2.00
       5.031     0.550000         1094         2.22
       5.307     0.600000         1192         2.50
       5.611     0.650000         1291         2.86
       6.051     0.700000         1391         3.33
       6.551     0.750000         1491         4.00
       6.871     0.775000         1541         4.44
       7.327     0.800000         1590         5.00
       7.795     0.825000         1639         5.71
       8.239     0.850000         1689         6.67
       8.911     0.875000         1738         8.00
       9.423     0.887500         1763         8.89
       9.871     0.900000         1788        10.00
      10.639     0.912500         1813        11.43
      10.991     0.925000         1838        13.33
      11.775     0.937500         1862        16.00
      11.919     0.943750         1875        17.78
      12.247     0.950000         1887        20.00
      13.127     0.956250         1900        22.86
      13.727     0.962500         1912        26.67
      13.903     0.968750         1924        32.00
      14.367     0.971875         1931        35.56
      14.575     0.975000         1937        40.00
      14.775     0.978125         1944        45.71
      14.911     0.981250         1949        53.33
      15.407     0.984375         1955        64.00
      16.223     0.985938         1959        71.11
      16.751     0.987500         1962        80.00
      17.775     0.989062         1965        91.43
      17.903     0.990625         1968       106.67
      18.895     0.992188         1971       128.00
      19.455     0.992969         1973       142.22
      19.631     0.993750         1974       160.00
      20.063     0.994531         1976       182.86
      21.887     0.995313         1977       213.33
      22.015     0.996094         1979       256.00
      22.703     0.996484         1980       284.44
      22.703     0.996875         1980       320.00
      22.783     0.997266         1981       365.71
      23.439     0.997656         1982       426.67
      24.015     0.998047         1983       512.00
      24.015     0.998242         1983       568.89
      24.015     0.998437         1983       640.00
      36.319     0.998633         1984       731.43
      36.319     0.998828         1984       853.33
      36.703     0.999023         1985      1024.00
      36.703     0.999121         1985      1137.78
      36.703     0.999219         1985      1280.00
      36.703     0.999316         1985      1462.86
      36.703     0.999414         1985      1706.67
      73.215     0.999512         1986      2048.00
      73.215     1.000000         1986          inf
#[Mean    =        5.971, StdDeviation   =        3.451]
#[Max     =       73.152, Total count    =         1986]
#[Buckets =           27, SubBuckets     =         2048]
----------------------------------------------------------
  1987 requests in 10.00s, 702.44KB read
  Socket errors: connect 0, read 0, write 0, timeout 5
  Non-2xx or 3xx responses: 1987
Requests/sec:    198.72
Transfer/sec:     70.25KB
Running 10s test @ http://localhost:8080/wrk2-api/review/compose
  1 threads and 100 connections
  Thread Stats   Avg      Stdev     99%   +/- Stdev
    Latency     7.65ms    7.52ms  41.22ms   92.91%
    Req/Sec       -nan      -nan   0.00      0.00%
  Latency Distribution (HdrHistogram - Recorded Latency)
 50.000%    5.57ms
 75.000%    7.83ms
 90.000%   12.40ms
 99.000%   41.22ms
 99.900%   83.20ms
 99.990%  124.03ms
 99.999%  124.03ms
100.000%  124.03ms

  Detailed Percentile spectrum:
       Value   Percentile   TotalCount 1/(1-Percentile)

       3.103     0.000000            1         1.00
       3.859     0.100000          298         1.11
       4.223     0.200000          597         1.25
       4.607     0.300000          894         1.43
       4.999     0.400000         1192         1.67
       5.571     0.500000         1489         2.00
       5.899     0.550000         1638         2.22
       6.279     0.600000         1790         2.50
       6.675     0.650000         1936         2.86
       7.135     0.700000         2085         3.33
       7.831     0.750000         2236         4.00
       8.215     0.775000         2309         4.44
       8.775     0.800000         2383         5.00
       9.311     0.825000         2457         5.71
      10.231     0.850000         2534         6.67
      11.055     0.875000         2607         8.00
      11.647     0.887500         2643         8.89
      12.415     0.900000         2681        10.00
      13.287     0.912500         2718        11.43
      14.351     0.925000         2755        13.33
      16.327     0.937500         2792        16.00
      17.327     0.943750         2811        17.78
      18.239     0.950000         2830        20.00
      19.871     0.956250         2848        22.86
      21.567     0.962500         2867        26.67
      23.135     0.968750         2885        32.00
      24.095     0.971875         2895        35.56
      25.727     0.975000         2905        40.00
      27.487     0.978125         2913        45.71
      29.583     0.981250         2923        53.33
      31.855     0.984375         2932        64.00
      32.799     0.985938         2938        71.11
      37.247     0.987500         2941        80.00
      39.551     0.989062         2946        91.43
      42.015     0.990625         2951       106.67
      45.855     0.992188         2955       128.00
      48.223     0.992969         2958       142.22
      48.319     0.993750         2960       160.00
      48.543     0.994531         2962       182.86
      51.167     0.995313         2965       213.33
      53.983     0.996094         2967       256.00
      54.303     0.996484         2968       284.44
      54.879     0.996875         2969       320.00
      55.263     0.997266         2970       365.71
      76.287     0.997656         2972       426.67
      77.439     0.998047         2973       512.00
      77.439     0.998242         2973       568.89
      79.935     0.998437         2974       640.00
      79.935     0.998633         2974       731.43
      83.199     0.998828         2975       853.33
     117.887     0.999023         2976      1024.00
     117.887     0.999121         2976      1137.78
     117.887     0.999219         2976      1280.00
     117.887     0.999316         2976      1462.86
     123.647     0.999414         2977      1706.67
     123.647     0.999512         2977      2048.00
     123.647     0.999561         2977      2275.56
     123.647     0.999609         2977      2560.00
     123.647     0.999658         2977      2925.71
     124.031     0.999707         2978      3413.33
     124.031     1.000000         2978          inf
#[Mean    =        7.646, StdDeviation   =        7.518]
#[Max     =      123.968, Total count    =         2978]
#[Buckets =           27, SubBuckets     =         2048]
----------------------------------------------------------
  2979 requests in 10.00s, 1.03MB read
  Socket errors: connect 0, read 0, write 0, timeout 1
  Non-2xx or 3xx responses: 2979
Requests/sec:    297.93
Transfer/sec:    105.32KB
Running 10s test @ http://localhost:8080/wrk2-api/review/compose
  1 threads and 100 connections
  Thread Stats   Avg      Stdev     99%   +/- Stdev
    Latency     6.84ms    3.84ms  23.95ms   89.95%
    Req/Sec       -nan      -nan   0.00      0.00%
  Latency Distribution (HdrHistogram - Recorded Latency)
 50.000%    5.75ms
 75.000%    7.75ms
 90.000%   10.69ms
 99.000%   23.95ms
 99.900%   34.81ms
 99.990%   48.45ms
 99.999%   48.45ms
100.000%   48.45ms

  Detailed Percentile spectrum:
       Value   Percentile   TotalCount 1/(1-Percentile)

       2.947     0.000000            1         1.00
       3.917     0.100000          398         1.11
       4.351     0.200000          795         1.25
       4.739     0.300000         1193         1.43
       5.191     0.400000         1591         1.67
       5.747     0.500000         1986         2.00
       6.079     0.550000         2186         2.22
       6.399     0.600000         2383         2.50
       6.775     0.650000         2581         2.86
       7.259     0.700000         2781         3.33
       7.747     0.750000         2978         4.00
       8.075     0.775000         3077         4.44
       8.399     0.800000         3176         5.00
       8.847     0.825000         3277         5.71
       9.303     0.850000         3374         6.67
       9.855     0.875000         3473         8.00
      10.239     0.887500         3523         8.89
      10.695     0.900000         3573        10.00
      11.215     0.912500         3622        11.43
      11.695     0.925000         3672        13.33
      12.503     0.937500         3721        16.00
      12.903     0.943750         3746        17.78
      13.351     0.950000         3771        20.00
      13.895     0.956250         3796        22.86
      14.567     0.962500         3821        26.67
      15.439     0.968750         3845        32.00
      16.127     0.971875         3858        35.56
      17.071     0.975000         3870        40.00
      17.871     0.978125         3883        45.71
      20.127     0.981250         3895        53.33
      21.247     0.984375         3908        64.00
      21.807     0.985938         3914        71.11
      22.719     0.987500         3920        80.00
      23.535     0.989062         3926        91.43
      24.095     0.990625         3932       106.67
      25.023     0.992188         3939       128.00
      25.967     0.992969         3942       142.22
      26.543     0.993750         3945       160.00
      27.887     0.994531         3948       182.86
      28.463     0.995313         3951       213.33
      29.759     0.996094         3954       256.00
      31.311     0.996484         3956       284.44
      31.903     0.996875         3957       320.00
      32.175     0.997266         3959       365.71
      33.023     0.997656         3961       426.67
      33.055     0.998047         3962       512.00
      33.759     0.998242         3963       568.89
      33.759     0.998437         3963       640.00
      34.175     0.998633         3964       731.43
      34.815     0.998828         3965       853.33
      35.071     0.999023         3966      1024.00
      35.071     0.999121         3966      1137.78
      35.071     0.999219         3966      1280.00
      39.327     0.999316         3967      1462.86
      39.327     0.999414         3967      1706.67
      40.639     0.999512         3968      2048.00
      40.639     0.999561         3968      2275.56
      40.639     0.999609         3968      2560.00
      40.639     0.999658         3968      2925.71
      40.639     0.999707         3968      3413.33
      48.447     0.999756         3969      4096.00
      48.447     1.000000         3969          inf
#[Mean    =        6.836, StdDeviation   =        3.840]
#[Max     =       48.416, Total count    =         3969]
#[Buckets =           27, SubBuckets     =         2048]
----------------------------------------------------------
  3970 requests in 10.00s, 1.37MB read
  Non-2xx or 3xx responses: 3970
Requests/sec:    397.03
Transfer/sec:    140.36KB
Running 10s test @ http://localhost:8080/wrk2-api/review/compose
  1 threads and 100 connections
  Thread Stats   Avg      Stdev     99%   +/- Stdev
    Latency     7.98ms    4.26ms  24.11ms   85.20%
    Req/Sec       -nan      -nan   0.00      0.00%
  Latency Distribution (HdrHistogram - Recorded Latency)
 50.000%    6.82ms
 75.000%    9.46ms
 90.000%   12.97ms
 99.000%   24.11ms
 99.900%   37.34ms
 99.990%   45.44ms
 99.999%   45.44ms
100.000%   45.44ms

  Detailed Percentile spectrum:
       Value   Percentile   TotalCount 1/(1-Percentile)

       3.065     0.000000            1         1.00
       4.259     0.100000          495         1.11
       4.791     0.200000          990         1.25
       5.359     0.300000         1485         1.43
       6.047     0.400000         1979         1.67
       6.823     0.500000         2475         2.00
       7.231     0.550000         2721         2.22
       7.655     0.600000         2973         2.50
       8.179     0.650000         3216         2.86
       8.751     0.700000         3465         3.33
       9.471     0.750000         3713         4.00
       9.927     0.775000         3836         4.44
      10.367     0.800000         3958         5.00
      10.831     0.825000         4082         5.71
      11.391     0.850000         4205         6.67
      12.087     0.875000         4329         8.00
      12.551     0.887500         4393         8.89
      12.967     0.900000         4455        10.00
      13.543     0.912500         4516        11.43
      14.295     0.925000         4577        13.33
      15.191     0.937500         4638        16.00
      15.583     0.943750         4670        17.78
      16.111     0.950000         4700        20.00
      17.039     0.956250         4731        22.86
      17.599     0.962500         4762        26.67
      18.623     0.968750         4793        32.00
      18.991     0.971875         4808        35.56
      19.759     0.975000         4825        40.00
      20.527     0.978125         4839        45.71
      20.943     0.981250         4855        53.33
      21.887     0.984375         4870        64.00
      22.591     0.985938         4878        71.11
      23.135     0.987500         4886        80.00
      23.727     0.989062         4893        91.43
      24.431     0.990625         4901       106.67
      25.151     0.992188         4909       128.00
      25.839     0.992969         4913       142.22
      26.575     0.993750         4917       160.00
      26.911     0.994531         4920       182.86
      27.279     0.995313         4924       213.33
      27.903     0.996094         4928       256.00
      28.223     0.996484         4930       284.44
      28.543     0.996875         4932       320.00
      29.679     0.997266         4934       365.71
      30.703     0.997656         4936       426.67
      31.455     0.998047         4938       512.00
      32.303     0.998242         4939       568.89
      34.399     0.998437         4940       640.00
      36.255     0.998633         4941       731.43
      37.343     0.998828         4942       853.33
      39.327     0.999023         4943      1024.00
      39.327     0.999121         4943      1137.78
      42.143     0.999219         4944      1280.00
      42.143     0.999316         4944      1462.86
      42.527     0.999414         4945      1706.67
      42.527     0.999512         4945      2048.00
      42.527     0.999561         4945      2275.56
      43.711     0.999609         4946      2560.00
      43.711     0.999658         4946      2925.71
      43.711     0.999707         4946      3413.33
      43.711     0.999756         4946      4096.00
      43.711     0.999780         4946      4551.11
      45.439     0.999805         4947      5120.00
      45.439     1.000000         4947          inf
#[Mean    =        7.978, StdDeviation   =        4.258]
#[Max     =       45.408, Total count    =         4947]
#[Buckets =           27, SubBuckets     =         2048]
----------------------------------------------------------
  4948 requests in 10.00s, 1.71MB read
  Non-2xx or 3xx responses: 4948
Requests/sec:    494.74
Transfer/sec:    174.90KB
Running 10s test @ http://localhost:8080/wrk2-api/review/compose
  1 threads and 100 connections
  Thread Stats   Avg      Stdev     99%   +/- Stdev
    Latency    10.55ms    6.12ms  32.48ms   82.42%
    Req/Sec       -nan      -nan   0.00      0.00%
  Latency Distribution (HdrHistogram - Recorded Latency)
 50.000%    8.82ms
 75.000%   12.93ms
 90.000%   18.53ms
 99.000%   32.48ms
 99.900%   49.50ms
 99.990%   67.07ms
 99.999%   76.10ms
100.000%   76.10ms

  Detailed Percentile spectrum:
       Value   Percentile   TotalCount 1/(1-Percentile)

       3.231     0.000000            1         1.00
       4.919     0.100000          595         1.11
       5.827     0.200000         1189         1.25
       6.851     0.300000         1784         1.43
       7.803     0.400000         2378         1.67
       8.823     0.500000         2974         2.00
       9.447     0.550000         3271         2.22
      10.167     0.600000         3568         2.50
      10.935     0.650000         3864         2.86
      11.879     0.700000         4164         3.33
      12.927     0.750000         4458         4.00
      13.511     0.775000         4607         4.44
      14.191     0.800000         4755         5.00
      14.935     0.825000         4904         5.71
      15.871     0.850000         5052         6.67
      16.959     0.875000         5202         8.00
      17.647     0.887500         5276         8.89
      18.527     0.900000         5350        10.00
      19.295     0.912500         5423        11.43
      20.191     0.925000         5498        13.33
      21.055     0.937500         5572        16.00
      21.743     0.943750         5609        17.78
      22.719     0.950000         5646        20.00
      23.279     0.956250         5683        22.86
      24.015     0.962500         5721        26.67
      24.991     0.968750         5758        32.00
      25.775     0.971875         5776        35.56
      26.463     0.975000         5796        40.00
      27.167     0.978125         5813        45.71
      28.111     0.981250         5832        53.33
      29.199     0.984375         5851        64.00
      30.207     0.985938         5860        71.11
      31.327     0.987500         5869        80.00
      31.855     0.989062         5878        91.43
      33.023     0.990625         5888       106.67
      33.855     0.992188         5897       128.00
      35.039     0.992969         5902       142.22
      35.679     0.993750         5907       160.00
      35.871     0.994531         5911       182.86
      37.247     0.995313         5916       213.33
      38.303     0.996094         5920       256.00
      39.039     0.996484         5923       284.44
      39.487     0.996875         5925       320.00
      40.607     0.997266         5927       365.71
      41.183     0.997656         5930       426.67
      41.343     0.998047         5932       512.00
      42.335     0.998242         5933       568.89
      45.183     0.998437         5934       640.00
      45.535     0.998633         5935       731.43
      49.503     0.998828         5937       853.33
      49.759     0.999023         5938      1024.00
      49.759     0.999121         5938      1137.78
      53.407     0.999219         5939      1280.00
      53.407     0.999316         5939      1462.86
      54.015     0.999414         5940      1706.67
      62.751     0.999512         5941      2048.00
      62.751     0.999561         5941      2275.56
      62.751     0.999609         5941      2560.00
      62.751     0.999658         5941      2925.71
      67.071     0.999707         5942      3413.33
      67.071     0.999756         5942      4096.00
      67.071     0.999780         5942      4551.11
      67.071     0.999805         5942      5120.00
      67.071     0.999829         5942      5851.43
      76.095     0.999854         5943      6826.67
      76.095     1.000000         5943          inf
#[Mean    =       10.550, StdDeviation   =        6.120]
#[Max     =       76.032, Total count    =         5943]
#[Buckets =           27, SubBuckets     =         2048]
----------------------------------------------------------
  5944 requests in 10.00s, 2.05MB read
  Non-2xx or 3xx responses: 5944
Requests/sec:    594.41
Transfer/sec:    210.13KB
Running 10s test @ http://localhost:8080/wrk2-api/review/compose
  1 threads and 100 connections
  Thread Stats   Avg      Stdev     99%   +/- Stdev
    Latency    12.18ms    6.95ms  36.99ms   78.42%
    Req/Sec       -nan      -nan   0.00      0.00%
  Latency Distribution (HdrHistogram - Recorded Latency)
 50.000%   10.34ms
 75.000%   14.94ms
 90.000%   21.30ms
 99.000%   36.99ms
 99.900%   53.09ms
 99.990%   60.32ms
 99.999%   60.48ms
100.000%   60.48ms

  Detailed Percentile spectrum:
       Value   Percentile   TotalCount 1/(1-Percentile)

       3.259     0.000000            1         1.00
       5.527     0.100000          692         1.11
       6.847     0.200000         1383         1.25
       7.907     0.300000         2077         1.43
       9.023     0.400000         2766         1.67
      10.335     0.500000         3460         2.00
      11.015     0.550000         3804         2.22
      11.855     0.600000         4148         2.50
      12.679     0.650000         4495         2.86
      13.711     0.700000         4840         3.33
      14.935     0.750000         5185         4.00
      15.575     0.775000         5358         4.44
      16.415     0.800000         5533         5.00
      17.423     0.825000         5708         5.71
      18.511     0.850000         5881         6.67
      19.695     0.875000         6050         8.00
      20.447     0.887500         6136         8.89
      21.295     0.900000         6223        10.00
      22.111     0.912500         6309        11.43
      23.215     0.925000         6395        13.33
      24.559     0.937500         6481        16.00
      25.279     0.943750         6525        17.78
      25.791     0.950000         6568        20.00
      26.735     0.956250         6611        22.86
      27.663     0.962500         6654        26.67
      29.007     0.968750         6698        32.00
      29.823     0.971875         6719        35.56
      30.559     0.975000         6741        40.00
      31.647     0.978125         6762        45.71
      32.639     0.981250         6785        53.33
      33.887     0.984375         6805        64.00
      34.815     0.985938         6817        71.11
      35.263     0.987500         6827        80.00
      36.703     0.989062         6839        91.43
      37.567     0.990625         6850       106.67
      38.143     0.992188         6859       128.00
      38.495     0.992969         6865       142.22
      39.487     0.993750         6870       160.00
      40.671     0.994531         6876       182.86
      41.311     0.995313         6881       213.33
      42.495     0.996094         6886       256.00
      43.615     0.996484         6889       284.44
      44.191     0.996875         6892       320.00
      46.783     0.997266         6895       365.71
      48.607     0.997656         6897       426.67
      49.695     0.998047         6900       512.00
      49.823     0.998242         6901       568.89
      50.911     0.998437         6903       640.00
      51.711     0.998633         6904       731.43
      51.903     0.998828         6905       853.33
      53.791     0.999023         6907      1024.00
      53.791     0.999121         6907      1137.78
      54.015     0.999219         6908      1280.00
      55.903     0.999316         6909      1462.86
      55.903     0.999414         6909      1706.67
      56.927     0.999512         6910      2048.00
      56.927     0.999561         6910      2275.56
      57.663     0.999609         6911      2560.00
      57.663     0.999658         6911      2925.71
      57.663     0.999707         6911      3413.33
      60.319     0.999756         6912      4096.00
      60.319     0.999780         6912      4551.11
      60.319     0.999805         6912      5120.00
      60.319     0.999829         6912      5851.43
      60.319     0.999854         6912      6826.67
      60.479     0.999878         6913      8192.00
      60.479     1.000000         6913          inf
#[Mean    =       12.177, StdDeviation   =        6.951]
#[Max     =       60.448, Total count    =         6913]
#[Buckets =           27, SubBuckets     =         2048]
----------------------------------------------------------
  6914 requests in 10.00s, 2.39MB read
  Non-2xx or 3xx responses: 6914
Requests/sec:    691.25
Transfer/sec:    244.37KB
Running 10s test @ http://localhost:8080/wrk2-api/review/compose
  1 threads and 100 connections
  Thread Stats   Avg      Stdev     99%   +/- Stdev
    Latency    18.53ms   13.43ms  70.01ms   86.57%
    Req/Sec       -nan      -nan   0.00      0.00%
  Latency Distribution (HdrHistogram - Recorded Latency)
 50.000%   14.74ms
 75.000%   22.48ms
 90.000%   33.76ms
 99.000%   70.01ms
 99.900%  117.76ms
 99.990%  148.35ms
 99.999%  148.74ms
100.000%  148.74ms

  Detailed Percentile spectrum:
       Value   Percentile   TotalCount 1/(1-Percentile)

       3.597     0.000000            1         1.00
       7.315     0.100000          791         1.11
       9.207     0.200000         1583         1.25
      10.871     0.300000         2375         1.43
      12.727     0.400000         3165         1.67
      14.743     0.500000         3955         2.00
      15.839     0.550000         4350         2.22
      17.199     0.600000         4748         2.50
      18.799     0.650000         5142         2.86
      20.639     0.700000         5538         3.33
      22.479     0.750000         5934         4.00
      23.695     0.775000         6131         4.44
      24.911     0.800000         6330         5.00
      26.543     0.825000         6526         5.71
      28.719     0.850000         6726         6.67
      30.863     0.875000         6921         8.00
      32.239     0.887500         7023         8.89
      33.791     0.900000         7119        10.00
      35.679     0.912500         7220        11.43
      37.535     0.925000         7316        13.33
      40.735     0.937500         7415        16.00
      41.919     0.943750         7465        17.78
      43.583     0.950000         7514        20.00
      45.727     0.956250         7563        22.86
      48.127     0.962500         7613        26.67
      50.751     0.968750         7663        32.00
      52.735     0.971875         7688        35.56
      54.143     0.975000         7712        40.00
      56.863     0.978125         7736        45.71
      59.647     0.981250         7761        53.33
      62.271     0.984375         7787        64.00
      64.575     0.985938         7798        71.11
      66.815     0.987500         7811        80.00
      69.183     0.989062         7823        91.43
      71.871     0.990625         7835       106.67
      74.111     0.992188         7848       128.00
      75.711     0.992969         7854       142.22
      78.911     0.993750         7860       160.00
      82.623     0.994531         7866       182.86
      86.271     0.995313         7872       213.33
      90.303     0.996094         7879       256.00
      92.799     0.996484         7882       284.44
      97.663     0.996875         7885       320.00
     104.895     0.997266         7888       365.71
     107.583     0.997656         7891       426.67
     109.567     0.998047         7894       512.00
     109.759     0.998242         7896       568.89
     110.015     0.998437         7897       640.00
     113.791     0.998633         7899       731.43
     114.815     0.998828         7900       853.33
     119.039     0.999023         7902      1024.00
     119.231     0.999121         7903      1137.78
     119.231     0.999219         7903      1280.00
     119.679     0.999316         7904      1462.86
     122.623     0.999414         7905      1706.67
     140.543     0.999512         7906      2048.00
     140.543     0.999561         7906      2275.56
     140.543     0.999609         7906      2560.00
     143.743     0.999658         7907      2925.71
     143.743     0.999707         7907      3413.33
     148.351     0.999756         7908      4096.00
     148.351     0.999780         7908      4551.11
     148.351     0.999805         7908      5120.00
     148.351     0.999829         7908      5851.43
     148.351     0.999854         7908      6826.67
     148.735     0.999878         7909      8192.00
     148.735     1.000000         7909          inf
#[Mean    =       18.533, StdDeviation   =       13.429]
#[Max     =      148.608, Total count    =         7909]
#[Buckets =           27, SubBuckets     =         2048]
----------------------------------------------------------
  7910 requests in 10.00s, 2.73MB read
  Non-2xx or 3xx responses: 7910
Requests/sec:    791.08
Transfer/sec:    279.66KB
Running 10s test @ http://localhost:8080/wrk2-api/review/compose
  1 threads and 100 connections
  Thread Stats   Avg      Stdev     99%   +/- Stdev
    Latency   102.27ms   97.18ms 480.51ms   88.04%
    Req/Sec       -nan      -nan   0.00      0.00%
  Latency Distribution (HdrHistogram - Recorded Latency)
 50.000%   71.23ms
 75.000%  130.43ms
 90.000%  218.88ms
 99.000%  480.51ms
 99.900%  731.65ms
 99.990%  919.55ms
 99.999%  926.21ms
100.000%  926.21ms

  Detailed Percentile spectrum:
       Value   Percentile   TotalCount 1/(1-Percentile)

       4.391     0.000000            1         1.00
      22.463     0.100000          884         1.11
      32.991     0.200000         1766         1.25
      45.631     0.300000         2649         1.43
      57.727     0.400000         3536         1.67
      71.231     0.500000         4415         2.00
      79.487     0.550000         4859         2.22
      89.151     0.600000         5298         2.50
     100.543     0.650000         5743         2.86
     114.047     0.700000         6183         3.33
     130.431     0.750000         6624         4.00
     138.879     0.775000         6844         4.44
     149.503     0.800000         7068         5.00
     162.431     0.825000         7285         5.71
     176.383     0.850000         7506         6.67
     193.919     0.875000         7727         8.00
     206.207     0.887500         7837         8.89
     218.879     0.900000         7947        10.00
     235.135     0.912500         8058        11.43
     252.031     0.925000         8169        13.33
     276.479     0.937500         8280        16.00
     287.487     0.943750         8334        17.78
     301.823     0.950000         8390        20.00
     318.719     0.956250         8444        22.86
     334.591     0.962500         8499        26.67
     353.791     0.968750         8555        32.00
     365.055     0.971875         8582        35.56
     377.855     0.975000         8610        40.00
     391.679     0.978125         8638        45.71
     410.111     0.981250         8665        53.33
     425.471     0.984375         8693        64.00
     437.759     0.985938         8706        71.11
     455.423     0.987500         8720        80.00
     471.807     0.989062         8734        91.43
     485.887     0.990625         8748       106.67
     508.159     0.992188         8762       128.00
     516.863     0.992969         8768       142.22
     527.871     0.993750         8775       160.00
     540.159     0.994531         8783       182.86
     550.911     0.995313         8789       213.33
     565.759     0.996094         8796       256.00
     574.975     0.996484         8800       284.44
     586.239     0.996875         8803       320.00
     601.087     0.997266         8806       365.71
     637.951     0.997656         8810       426.67
     667.135     0.998047         8814       512.00
     675.839     0.998242         8815       568.89
     717.823     0.998437         8817       640.00
     720.895     0.998633         8818       731.43
     728.575     0.998828         8820       853.33
     736.767     0.999023         8822      1024.00
     757.247     0.999121         8823      1137.78
     759.807     0.999219         8824      1280.00
     759.807     0.999316         8824      1462.86
     777.215     0.999414         8825      1706.67
     850.943     0.999512         8826      2048.00
     883.711     0.999561         8827      2275.56
     883.711     0.999609         8827      2560.00
     883.711     0.999658         8827      2925.71
     901.119     0.999707         8828      3413.33
     901.119     0.999756         8828      4096.00
     919.551     0.999780         8829      4551.11
     919.551     0.999805         8829      5120.00
     919.551     0.999829         8829      5851.43
     919.551     0.999854         8829      6826.67
     919.551     0.999878         8829      8192.00
     926.207     0.999890         8830      9102.22
     926.207     1.000000         8830          inf
#[Mean    =      102.272, StdDeviation   =       97.181]
#[Max     =      925.696, Total count    =         8830]
#[Buckets =           27, SubBuckets     =         2048]
----------------------------------------------------------
  8831 requests in 10.00s, 3.05MB read
  Non-2xx or 3xx responses: 8831
Requests/sec:    883.05
Transfer/sec:    312.17KB
Running 10s test @ http://localhost:8080/wrk2-api/review/compose
  1 threads and 100 connections
  Thread Stats   Avg      Stdev     99%   +/- Stdev
    Latency     1.06s   983.81ms   4.26s    78.28%
    Req/Sec       -nan      -nan   0.00      0.00%
  Latency Distribution (HdrHistogram - Recorded Latency)
 50.000%  746.49ms
 75.000%    1.53s 
 90.000%    2.49s 
 99.000%    4.26s 
 99.900%    5.01s 
 99.990%    5.56s 
 99.999%    5.59s 
100.000%    5.59s 

  Detailed Percentile spectrum:
       Value   Percentile   TotalCount 1/(1-Percentile)

       3.771     0.000000            1         1.00
     114.111     0.100000          754         1.11
     242.431     0.200000         1508         1.25
     377.599     0.300000         2261         1.43
     537.087     0.400000         3016         1.67
     746.495     0.500000         3770         2.00
     876.031     0.550000         4145         2.22
    1014.783     0.600000         4522         2.50
    1170.431     0.650000         4899         2.86
    1334.271     0.700000         5277         3.33
    1530.879     0.750000         5653         4.00
    1647.615     0.775000         5842         4.44
    1770.495     0.800000         6033         5.00
    1917.951     0.825000         6219         5.71
    2053.119     0.850000         6406         6.67
    2260.991     0.875000         6595         8.00
    2381.823     0.887500         6690         8.89
    2492.415     0.900000         6784        10.00
    2613.247     0.912500         6878        11.43
    2738.175     0.925000         6972        13.33
    2959.359     0.937500         7065        16.00
    3055.615     0.943750         7113        17.78
    3139.583     0.950000         7161        20.00
    3250.175     0.956250         7208        22.86
    3346.431     0.962500         7255        26.67
    3491.839     0.968750         7301        32.00
    3569.663     0.971875         7326        35.56
    3637.247     0.975000         7348        40.00
    3737.599     0.978125         7372        45.71
    3860.479     0.981250         7395        53.33
    3979.263     0.984375         7419        64.00
    4044.799     0.985938         7431        71.11
    4081.663     0.987500         7442        80.00
    4186.111     0.989062         7454        91.43
    4284.415     0.990625         7466       106.67
    4382.719     0.992188         7479       128.00
    4415.487     0.992969         7484       142.22
    4505.599     0.993750         7489       160.00
    4571.135     0.994531         7495       182.86
    4673.535     0.995313         7502       213.33
    4755.455     0.996094         7507       256.00
    4816.895     0.996484         7510       284.44
    4833.279     0.996875         7513       320.00
    4898.815     0.997266         7517       365.71
    4902.911     0.997656         7519       426.67
    4939.775     0.998047         7522       512.00
    4956.159     0.998242         7523       568.89
    4972.543     0.998437         7525       640.00
    4988.927     0.998633         7526       731.43
    5013.503     0.998828         7528       853.33
    5021.695     0.999023         7529      1024.00
    5042.175     0.999121         7530      1137.78
    5103.615     0.999219         7531      1280.00
    5103.615     0.999316         7531      1462.86
    5238.783     0.999414         7532      1706.67
    5410.815     0.999512         7533      2048.00
    5410.815     0.999561         7533      2275.56
    5537.791     0.999609         7534      2560.00
    5537.791     0.999658         7534      2925.71
    5537.791     0.999707         7534      3413.33
    5558.271     0.999756         7535      4096.00
    5558.271     0.999780         7535      4551.11
    5558.271     0.999805         7535      5120.00
    5558.271     0.999829         7535      5851.43
    5558.271     0.999854         7535      6826.67
    5591.039     0.999878         7536      8192.00
    5591.039     1.000000         7536          inf
#[Mean    =     1059.619, StdDeviation   =      983.813]
#[Max     =     5586.944, Total count    =         7536]
#[Buckets =           27, SubBuckets     =         2048]
----------------------------------------------------------
  7537 requests in 10.00s, 2.60MB read
  Non-2xx or 3xx responses: 7537
Requests/sec:    753.69
Transfer/sec:    266.44KB
Running 10s test @ http://localhost:8080/wrk2-api/review/compose
  1 threads and 100 connections
  Thread Stats   Avg      Stdev     99%   +/- Stdev
    Latency     1.96s     1.41s    5.59s    62.95%
    Req/Sec       -nan      -nan   0.00      0.00%
  Latency Distribution (HdrHistogram - Recorded Latency)
 50.000%    1.78s 
 75.000%    2.94s 
 90.000%    3.91s 
 99.000%    5.59s 
 99.900%    6.31s 
 99.990%    6.43s 
 99.999%    6.53s 
100.000%    6.53s 

  Detailed Percentile spectrum:
       Value   Percentile   TotalCount 1/(1-Percentile)

       5.911     0.000000            1         1.00
     247.167     0.100000          616         1.11
     559.615     0.200000         1234         1.25
     911.359     0.300000         1849         1.43
    1358.847     0.400000         2464         1.67
    1779.711     0.500000         3080         2.00
    2022.399     0.550000         3390         2.22
    2263.039     0.600000         3697         2.50
    2521.087     0.650000         4006         2.86
    2732.031     0.700000         4313         3.33
    2938.879     0.750000         4622         4.00
    3069.951     0.775000         4775         4.44
    3205.119     0.800000         4930         5.00
    3348.479     0.825000         5085         5.71
    3518.463     0.850000         5238         6.67
    3723.263     0.875000         5390         8.00
    3817.471     0.887500         5468         8.89
    3907.583     0.900000         5544        10.00
    4018.175     0.912500         5621        11.43
    4161.535     0.925000         5698        13.33
    4304.895     0.937500         5777        16.00
    4395.007     0.943750         5813        17.78
    4517.887     0.950000         5852        20.00
    4653.055     0.956250         5892        22.86
    4767.743     0.962500         5930        26.67
    4894.719     0.968750         5967        32.00
    5009.407     0.971875         5986        35.56
    5107.711     0.975000         6006        40.00
    5197.823     0.978125         6027        45.71
    5275.647     0.981250         6045        53.33
    5386.239     0.984375         6063        64.00
    5435.391     0.985938         6073        71.11
    5492.735     0.987500         6083        80.00
    5558.271     0.989062         6092        91.43
    5623.807     0.990625         6104       106.67
    5672.959     0.992188         6111       128.00
    5750.783     0.992969         6116       142.22
    5799.935     0.993750         6121       160.00
    5853.183     0.994531         6126       182.86
    5877.759     0.995313         6131       213.33
    5931.007     0.996094         6135       256.00
    6037.503     0.996484         6138       284.44
    6057.983     0.996875         6140       320.00
    6098.943     0.997266         6143       365.71
    6209.535     0.997656         6145       426.67
    6246.399     0.998047         6147       512.00
    6266.879     0.998242         6149       568.89
    6291.455     0.998437         6150       640.00
    6295.551     0.998633         6152       731.43
    6295.551     0.998828         6152       853.33
    6307.839     0.999023         6153      1024.00
    6328.319     0.999121         6154      1137.78
    6352.895     0.999219         6155      1280.00
    6352.895     0.999316         6155      1462.86
    6373.375     0.999414         6156      1706.67
    6373.375     0.999512         6156      2048.00
    6385.663     0.999561         6157      2275.56
    6385.663     0.999609         6157      2560.00
    6385.663     0.999658         6157      2925.71
    6430.719     0.999707         6158      3413.33
    6430.719     0.999756         6158      4096.00
    6430.719     0.999780         6158      4551.11
    6430.719     0.999805         6158      5120.00
    6430.719     0.999829         6158      5851.43
    6529.023     0.999854         6159      6826.67
    6529.023     1.000000         6159          inf
#[Mean    =     1963.885, StdDeviation   =     1407.596]
#[Max     =     6524.928, Total count    =         6159]
#[Buckets =           27, SubBuckets     =         2048]
----------------------------------------------------------
  6160 requests in 10.00s, 2.13MB read
  Non-2xx or 3xx responses: 6160
Requests/sec:    615.94
Transfer/sec:    217.75KB
