Running 5s test @ http://127.0.0.1:8080
  1 threads and 50 connections
  Thread Stats   Avg      Stdev     99%   +/- Stdev
    Latency   191.47us   92.24us 339.00us   96.57%
    Req/Sec       -nan      -nan   0.00      0.00%
  Latency Distribution (HdrHistogram - Recorded Latency)
 50.000%  173.00us
 75.000%  214.00us
 90.000%  250.00us
 99.000%  339.00us
 99.900%    2.11ms
 99.990%    2.65ms
 99.999%    2.65ms
100.000%    2.65ms

  Detailed Percentile spectrum:
       Value   Percentile   TotalCount 1/(1-Percentile)

       0.127     0.000000            1         1.00
       0.149     0.100000          249         1.11
       0.154     0.200000          593         1.25
       0.156     0.300000          737         1.43
       0.165     0.400000         1008         1.67
       0.173     0.500000         1252         2.00
       0.177     0.550000         1363         2.22
       0.183     0.600000         1483         2.50
       0.193     0.650000         1601         2.86
       0.204     0.700000         1728         3.33
       0.214     0.750000         1841         4.00
       0.221     0.775000         1911         4.44
       0.226     0.800000         1963         5.00
       0.230     0.825000         2029         5.71
       0.236     0.850000         2094         6.67
       0.242     0.875000         2150         8.00
       0.245     0.887500         2177         8.89
       0.250     0.900000         2211        10.00
       0.254     0.912500         2238        11.43
       0.259     0.925000         2268        13.33
       0.266     0.937500         2301        16.00
       0.270     0.943750         2318        17.78
       0.273     0.950000         2329        20.00
       0.276     0.956250         2346        22.86
       0.282     0.962500         2362        26.67
       0.289     0.968750         2374        32.00
       0.292     0.971875         2383        35.56
       0.295     0.975000         2389        40.00
       0.301     0.978125         2400        45.71
       0.305     0.981250         2406        53.33
       0.309     0.984375         2412        64.00
       0.312     0.985938         2416        71.11
       0.320     0.987500         2420        80.00
       0.335     0.989062         2424        91.43
       0.344     0.990625         2428       106.67
       0.352     0.992188         2431       128.00
       0.357     0.992969         2433       142.22
       0.359     0.993750         2435       160.00
       0.369     0.994531         2437       182.86
       0.375     0.995313         2439       213.33
       0.387     0.996094         2441       256.00
       0.400     0.996484         2442       284.44
       0.563     0.996875         2443       320.00
       0.570     0.997266         2444       365.71
       0.656     0.997656         2445       426.67
       0.663     0.998047         2446       512.00
       0.663     0.998242         2446       568.89
       0.733     0.998437         2447       640.00
       0.733     0.998633         2447       731.43
       2.109     0.998828         2448       853.33
       2.109     0.999023         2448      1024.00
       2.109     0.999121         2448      1137.78
       2.573     0.999219         2449      1280.00
       2.573     0.999316         2449      1462.86
       2.573     0.999414         2449      1706.67
       2.573     0.999512         2449      2048.00
       2.573     0.999561         2449      2275.56
       2.647     0.999609         2450      2560.00
       2.647     1.000000         2450          inf
#[Mean    =        0.191, StdDeviation   =        0.092]
#[Max     =        2.646, Total count    =         2450]
#[Buckets =           27, SubBuckets     =         2048]
----------------------------------------------------------
  2451 requests in 5.01s, 2.09MB read
Requests/sec:    489.69
Transfer/sec:    428.48KB
Running 5s test @ http://127.0.0.1:8080
  1 threads and 50 connections
  Thread Stats   Avg      Stdev     99%   +/- Stdev
    Latency   686.31us  229.41us   1.24ms   69.86%
    Req/Sec       -nan      -nan   0.00      0.00%
  Latency Distribution (HdrHistogram - Recorded Latency)
 50.000%  669.00us
 75.000%  827.00us
 90.000%    0.97ms
 99.000%    1.24ms
 99.900%    2.19ms
 99.990%    3.77ms
 99.999%    3.85ms
100.000%    3.85ms

  Detailed Percentile spectrum:
       Value   Percentile   TotalCount 1/(1-Percentile)

       0.150     0.000000            1         1.00
       0.415     0.100000         4983         1.11
       0.487     0.200000         9981         1.25
       0.551     0.300000        14916         1.43
       0.610     0.400000        19901         1.67
       0.669     0.500000        24861         2.00
       0.700     0.550000        27388         2.22
       0.730     0.600000        29833         2.50
       0.761     0.650000        32293         2.86
       0.793     0.700000        34813         3.33
       0.827     0.750000        37315         4.00
       0.847     0.775000        38542         4.44
       0.868     0.800000        39765         5.00
       0.890     0.825000        41004         5.71
       0.914     0.850000        42239         6.67
       0.940     0.875000        43482         8.00
       0.954     0.887500        44091         8.89
       0.969     0.900000        44713        10.00
       0.986     0.912500        45330        11.43
       1.004     0.925000        45961        13.33
       1.024     0.937500        46568        16.00
       1.037     0.943750        46875        17.78
       1.052     0.950000        47207        20.00
       1.065     0.956250        47506        22.86
       1.079     0.962500        47810        26.67
       1.101     0.968750        48126        32.00
       1.116     0.971875        48273        35.56
       1.127     0.975000        48427        40.00
       1.142     0.978125        48582        45.71
       1.162     0.981250        48736        53.33
       1.183     0.984375        48891        64.00
       1.199     0.985938        48974        71.11
       1.217     0.987500        49052        80.00
       1.232     0.989062        49127        91.43
       1.254     0.990625        49202       106.67
       1.292     0.992188        49280       128.00
       1.308     0.992969        49318       142.22
       1.333     0.993750        49357       160.00
       1.370     0.994531        49396       182.86
       1.404     0.995313        49435       213.33
       1.441     0.996094        49473       256.00
       1.462     0.996484        49493       284.44
       1.487     0.996875        49512       320.00
       1.533     0.997266        49532       365.71
       1.683     0.997656        49551       426.67
       1.860     0.998047        49570       512.00
       1.935     0.998242        49580       568.89
       1.949     0.998437        49590       640.00
       2.046     0.998633        49601       731.43
       2.103     0.998828        49610       853.33
       2.251     0.999023        49619      1024.00
       2.269     0.999121        49624      1137.78
       2.327     0.999219        49629      1280.00
       2.845     0.999316        49634      1462.86
       2.903     0.999414        49638      1706.67
       2.957     0.999512        49643      2048.00
       3.051     0.999561        49646      2275.56
       3.075     0.999609        49648      2560.00
       3.081     0.999658        49651      2925.71
       3.093     0.999707        49653      3413.33
       3.107     0.999756        49655      4096.00
       3.125     0.999780        49657      4551.11
       3.721     0.999805        49658      5120.00
       3.733     0.999829        49659      5851.43
       3.753     0.999854        49660      6826.67
       3.755     0.999878        49661      8192.00
       3.765     0.999890        49662      9102.22
       3.775     0.999902        49663     10240.00
       3.775     0.999915        49663     11702.86
       3.795     0.999927        49664     13653.33
       3.795     0.999939        49664     16384.00
       3.801     0.999945        49665     18204.44
       3.801     0.999951        49665     20480.00
       3.801     0.999957        49665     23405.71
       3.843     0.999963        49666     27306.67
       3.843     0.999969        49666     32768.00
       3.843     0.999973        49666     36408.89
       3.843     0.999976        49666     40960.00
       3.843     0.999979        49666     46811.43
       3.845     0.999982        49667     54613.33
       3.845     1.000000        49667          inf
#[Mean    =        0.686, StdDeviation   =        0.229]
#[Max     =        3.844, Total count    =        49667]
#[Buckets =           27, SubBuckets     =         2048]
----------------------------------------------------------
  49685 requests in 5.00s, 42.46MB read
Requests/sec:   9937.08
Transfer/sec:      8.49MB
Running 5s test @ http://127.0.0.1:8080
  1 threads and 50 connections
  Thread Stats   Avg      Stdev     99%   +/- Stdev
    Latency     0.96ms  366.37us   1.86ms   68.45%
    Req/Sec       -nan      -nan   0.00      0.00%
  Latency Distribution (HdrHistogram - Recorded Latency)
 50.000%    0.90ms
 75.000%    1.21ms
 90.000%    1.45ms
 99.000%    1.86ms
 99.900%    2.88ms
 99.990%    4.43ms
 99.999%    4.55ms
100.000%    4.64ms

  Detailed Percentile spectrum:
       Value   Percentile   TotalCount 1/(1-Percentile)

       0.148     0.000000            1         1.00
       0.538     0.100000         7487         1.11
       0.638     0.200000        14959         1.25
       0.722     0.300000        22353         1.43
       0.805     0.400000        29866         1.67
       0.905     0.500000        37300         2.00
       0.964     0.550000        41005         2.22
       1.025     0.600000        44708         2.50
       1.087     0.650000        48429         2.86
       1.149     0.700000        52196         3.33
       1.210     0.750000        55907         4.00
       1.242     0.775000        57774         4.44
       1.274     0.800000        59604         5.00
       1.311     0.825000        61497         5.71
       1.351     0.850000        63332         6.67
       1.396     0.875000        65200         8.00
       1.420     0.887500        66125         8.89
       1.446     0.900000        67059        10.00
       1.474     0.912500        67996        11.43
       1.504     0.925000        68946        13.33
       1.536     0.937500        69871        16.00
       1.553     0.943750        70335        17.78
       1.571     0.950000        70791        20.00
       1.594     0.956250        71246        22.86
       1.621     0.962500        71717        26.67
       1.656     0.968750        72186        32.00
       1.674     0.971875        72416        35.56
       1.696     0.975000        72648        40.00
       1.718     0.978125        72882        45.71
       1.748     0.981250        73112        53.33
       1.781     0.984375        73340        64.00
       1.799     0.985938        73465        71.11
       1.821     0.987500        73576        80.00
       1.847     0.989062        73691        91.43
       1.875     0.990625        73808       106.67
       1.907     0.992188        73922       128.00
       1.931     0.992969        73981       142.22
       1.962     0.993750        74040       160.00
       1.990     0.994531        74097       182.86
       2.043     0.995313        74155       213.33
       2.121     0.996094        74214       256.00
       2.159     0.996484        74243       284.44
       2.245     0.996875        74272       320.00
       2.311     0.997266        74301       365.71
       2.429     0.997656        74331       426.67
       2.509     0.998047        74359       512.00
       2.547     0.998242        74374       568.89
       2.613     0.998437        74388       640.00
       2.719     0.998633        74403       731.43
       2.801     0.998828        74417       853.33
       2.881     0.999023        74433      1024.00
       2.971     0.999121        74440      1137.78
       3.431     0.999219        74446      1280.00
       3.667     0.999316        74454      1462.86
       3.727     0.999414        74461      1706.67
       3.831     0.999512        74469      2048.00
       3.867     0.999561        74472      2275.56
       3.907     0.999609        74475      2560.00
       4.085     0.999658        74479      2925.71
       4.271     0.999707        74483      3413.33
       4.303     0.999756        74486      4096.00
       4.379     0.999780        74489      4551.11
       4.391     0.999805        74490      5120.00
       4.403     0.999829        74492      5851.43
       4.415     0.999854        74494      6826.67
       4.427     0.999878        74495      8192.00
       4.431     0.999890        74498      9102.22
       4.431     0.999902        74498     10240.00
       4.431     0.999915        74498     11702.86
       4.463     0.999927        74499     13653.33
       4.471     0.999939        74500     16384.00
       4.471     0.999945        74500     18204.44
       4.475     0.999951        74501     20480.00
       4.475     0.999957        74501     23405.71
       4.483     0.999963        74502     27306.67
       4.483     0.999969        74502     32768.00
       4.483     0.999973        74502     36408.89
       4.547     0.999976        74503     40960.00
       4.547     0.999979        74503     46811.43
       4.547     0.999982        74503     54613.33
       4.547     0.999985        74503     65536.00
       4.547     0.999986        74503     72817.78
       4.635     0.999988        74504     81920.00
       4.635     1.000000        74504          inf
#[Mean    =        0.960, StdDeviation   =        0.366]
#[Max     =        4.632, Total count    =        74504]
#[Buckets =           27, SubBuckets     =         2048]
----------------------------------------------------------
  74535 requests in 5.00s, 63.69MB read
Requests/sec:  14905.68
Transfer/sec:     12.74MB
Running 5s test @ http://127.0.0.1:8080
  1 threads and 50 connections
  Thread Stats   Avg      Stdev     99%   +/- Stdev
    Latency     1.50ms    1.70ms   9.21ms   95.36%
    Req/Sec       -nan      -nan   0.00      0.00%
  Latency Distribution (HdrHistogram - Recorded Latency)
 50.000%    1.15ms
 75.000%    1.57ms
 90.000%    2.10ms
 99.000%    9.21ms
 99.900%   24.86ms
 99.990%   35.13ms
 99.999%   35.46ms
100.000%   35.46ms

  Detailed Percentile spectrum:
       Value   Percentile   TotalCount 1/(1-Percentile)

       0.234     0.000000            1         1.00
       0.732     0.100000         9967         1.11
       0.832     0.200000        19973         1.25
       0.923     0.300000        29824         1.43
       1.027     0.400000        39790         1.67
       1.154     0.500000        49723         2.00
       1.232     0.550000        54681         2.22
       1.314     0.600000        59613         2.50
       1.398     0.650000        64606         2.86
       1.479     0.700000        69553         3.33
       1.569     0.750000        74540         4.00
       1.618     0.775000        77042         4.44
       1.676     0.800000        79516         5.00
       1.744     0.825000        81974         5.71
       1.826     0.850000        84469         6.67
       1.934     0.875000        86937         8.00
       2.004     0.887500        88186         8.89
       2.095     0.900000        89436        10.00
       2.207     0.912500        90666        11.43
       2.373     0.925000        91900        13.33
       2.643     0.937500        93147        16.00
       2.829     0.943750        93763        17.78
       3.045     0.950000        94391        20.00
       3.317     0.956250        95006        22.86
       3.581     0.962500        95628        26.67
       3.905     0.968750        96247        32.00
       4.207     0.971875        96557        35.56
       4.499     0.975000        96869        40.00
       4.819     0.978125        97179        45.71
       5.447     0.981250        97490        53.33
       6.515     0.984375        97799        64.00
       6.987     0.985938        97954        71.11
       7.447     0.987500        98112        80.00
       8.495     0.989062        98268        91.43
       9.703     0.990625        98420       106.67
      10.959     0.992188        98575       128.00
      11.607     0.992969        98655       142.22
      12.695     0.993750        98731       160.00
      13.319     0.994531        98812       182.86
      13.775     0.995313        98886       213.33
      14.711     0.996094        98963       256.00
      14.895     0.996484        99004       284.44
      15.047     0.996875        99041       320.00
      15.463     0.997266        99080       365.71
      16.047     0.997656        99120       426.67
      16.719     0.998047        99158       512.00
      17.007     0.998242        99181       568.89
      17.343     0.998437        99196       640.00
      18.319     0.998633        99216       731.43
      22.671     0.998828        99235       853.33
      24.863     0.999023        99254      1024.00
      25.807     0.999121        99264      1137.78
      27.567     0.999219        99276      1280.00
      27.647     0.999316        99286      1462.86
      27.871     0.999414        99293      1706.67
      28.031     0.999512        99304      2048.00
      29.231     0.999561        99308      2275.56
      30.655     0.999609        99313      2560.00
      30.911     0.999658        99318      2925.71
      31.023     0.999707        99322      3413.33
      32.175     0.999756        99329      4096.00
      32.495     0.999780        99334      4551.11
      32.495     0.999805        99334      5120.00
      35.103     0.999829        99337      5851.43
      35.103     0.999854        99337      6826.67
      35.135     0.999878        99341      8192.00
      35.135     0.999890        99341      9102.22
      35.391     0.999902        99344     10240.00
      35.391     0.999915        99344     11702.86
      35.391     0.999927        99344     13653.33
      35.423     0.999939        99346     16384.00
      35.423     0.999945        99346     18204.44
      35.455     0.999951        99351     20480.00
      35.455     1.000000        99351          inf
#[Mean    =        1.495, StdDeviation   =        1.697]
#[Max     =       35.424, Total count    =        99351]
#[Buckets =           27, SubBuckets     =         2048]
----------------------------------------------------------
  99368 requests in 5.00s, 84.91MB read
Requests/sec:  19869.45
Transfer/sec:     16.98MB
Running 5s test @ http://127.0.0.1:8080
  1 threads and 50 connections
  Thread Stats   Avg      Stdev     99%   +/- Stdev
    Latency     2.37ms    1.02ms   5.49ms   77.05%
    Req/Sec       -nan      -nan   0.00      0.00%
  Latency Distribution (HdrHistogram - Recorded Latency)
 50.000%    2.15ms
 75.000%    2.83ms
 90.000%    3.65ms
 99.000%    5.49ms
 99.900%   10.38ms
 99.990%   14.53ms
 99.999%   16.16ms
100.000%   16.22ms

  Detailed Percentile spectrum:
       Value   Percentile   TotalCount 1/(1-Percentile)

       0.216     0.000000            1         1.00
       1.381     0.100000        12426         1.11
       1.632     0.200000        24871         1.25
       1.812     0.300000        37301         1.43
       1.982     0.400000        49716         1.67
       2.149     0.500000        62245         2.00
       2.241     0.550000        68371         2.22
       2.349     0.600000        74561         2.50
       2.483     0.650000        80802         2.86
       2.649     0.700000        86957         3.33
       2.831     0.750000        93195         4.00
       2.937     0.775000        96294         4.44
       3.047     0.800000        99362         5.00
       3.171     0.825000       102477         5.71
       3.303     0.850000       105565         6.67
       3.467     0.875000       108674         8.00
       3.559     0.887500       110251         8.89
       3.655     0.900000       111789        10.00
       3.761     0.912500       113333        11.43
       3.873     0.925000       114887        13.33
       3.997     0.937500       116449        16.00
       4.071     0.943750       117217        17.78
       4.163     0.950000       118013        20.00
       4.251     0.956250       118762        22.86
       4.363     0.962500       119542        26.67
       4.511     0.968750       120321        32.00
       4.603     0.971875       120712        35.56
       4.727     0.975000       121096        40.00
       4.883     0.978125       121482        45.71
       5.051     0.981250       121866        53.33
       5.183     0.984375       122259        64.00
       5.259     0.985938       122449        71.11
       5.347     0.987500       122644        80.00
       5.431     0.989062       122845        91.43
       5.543     0.990625       123034       106.67
       5.687     0.992188       123225       128.00
       5.807     0.992969       123324       142.22
       5.899     0.993750       123421       160.00
       6.047     0.994531       123514       182.86
       6.299     0.995313       123611       213.33
       6.511     0.996094       123708       256.00
       6.603     0.996484       123760       284.44
       6.743     0.996875       123806       320.00
       7.163     0.997266       123854       365.71
       7.747     0.997656       123902       426.67
       8.791     0.998047       123951       512.00
       8.991     0.998242       123976       568.89
       9.351     0.998437       124000       640.00
      10.087     0.998633       124024       731.43
      10.287     0.998828       124048       853.33
      10.415     0.999023       124074      1024.00
      10.463     0.999121       124084      1137.78
      10.647     0.999219       124097      1280.00
      11.791     0.999316       124109      1462.86
      11.871     0.999414       124121      1706.67
      12.015     0.999512       124134      2048.00
      13.135     0.999561       124140      2275.56
      13.183     0.999609       124146      2560.00
      13.207     0.999658       124151      2925.71
      13.247     0.999707       124157      3413.33
      13.279     0.999756       124163      4096.00
      13.311     0.999780       124166      4551.11
      13.327     0.999805       124169      5120.00
      13.351     0.999829       124172      5851.43
      13.359     0.999854       124175      6826.67
      13.831     0.999878       124178      8192.00
      14.479     0.999890       124180      9102.22
      14.535     0.999902       124181     10240.00
      14.615     0.999915       124183     11702.86
      14.703     0.999927       124184     13653.33
      14.767     0.999939       124186     16384.00
      14.807     0.999945       124187     18204.44
      14.807     0.999951       124187     20480.00
      15.967     0.999957       124188     23405.71
      16.071     0.999963       124189     27306.67
      16.095     0.999969       124190     32768.00
      16.095     0.999973       124190     36408.89
      16.095     0.999976       124190     40960.00
      16.119     0.999979       124191     46811.43
      16.119     0.999982       124191     54613.33
      16.159     0.999985       124192     65536.00
      16.159     0.999986       124192     72817.78
      16.159     0.999988       124192     81920.00
      16.159     0.999989       124192     93622.86
      16.159     0.999991       124192    109226.67
      16.215     0.999992       124193    131072.00
      16.215     1.000000       124193          inf
#[Mean    =        2.374, StdDeviation   =        1.016]
#[Max     =       16.208, Total count    =       124193]
#[Buckets =           27, SubBuckets     =         2048]
----------------------------------------------------------
  124233 requests in 5.00s, 106.16MB read
Requests/sec:  24845.46
Transfer/sec:     21.23MB
Running 5s test @ http://127.0.0.1:8080
  1 threads and 50 connections
  Thread Stats   Avg      Stdev     99%   +/- Stdev
    Latency     3.39ms    1.27ms   7.33ms   74.68%
    Req/Sec       -nan      -nan   0.00      0.00%
  Latency Distribution (HdrHistogram - Recorded Latency)
 50.000%    3.05ms
 75.000%    4.12ms
 90.000%    5.04ms
 99.000%    7.33ms
 99.900%   11.34ms
 99.990%   15.18ms
 99.999%   16.54ms
100.000%   16.56ms

  Detailed Percentile spectrum:
       Value   Percentile   TotalCount 1/(1-Percentile)

       0.299     0.000000            1         1.00
       2.141     0.100000        14960         1.11
       2.437     0.200000        29825         1.25
       2.641     0.300000        44794         1.43
       2.833     0.400000        59611         1.67
       3.047     0.500000        74579         2.00
       3.181     0.550000        81973         2.22
       3.345     0.600000        89408         2.50
       3.555     0.650000        96909         2.86
       3.821     0.700000       104349         3.33
       4.123     0.750000       111831         4.00
       4.267     0.775000       115583         4.44
       4.415     0.800000       119213         5.00
       4.567     0.825000       122961         5.71
       4.711     0.850000       126743         6.67
       4.871     0.875000       130389         8.00
       4.963     0.887500       132302         8.89
       5.043     0.900000       134116        10.00
       5.147     0.912500       135994        11.43
       5.275     0.925000       137836        13.33
       5.431     0.937500       139755        16.00
       5.511     0.943750       140636        17.78
       5.623     0.950000       141577        20.00
       5.743     0.956250       142511        22.86
       5.895     0.962500       143433        26.67
       6.087     0.968750       144360        32.00
       6.183     0.971875       144823        35.56
       6.307     0.975000       145288        40.00
       6.415     0.978125       145761        45.71
       6.551     0.981250       146216        53.33
       6.731     0.984375       146685        64.00
       6.843     0.985938       146914        71.11
       7.007     0.987500       147148        80.00
       7.183     0.989062       147380        91.43
       7.435     0.990625       147617       106.67
       7.663     0.992188       147846       128.00
       7.771     0.992969       147962       142.22
       7.915     0.993750       148083       160.00
       8.167     0.994531       148197       182.86
       8.399     0.995313       148311       213.33
       8.607     0.996094       148427       256.00
       8.767     0.996484       148487       284.44
       8.863     0.996875       148550       320.00
       9.095     0.997266       148604       365.71
       9.271     0.997656       148660       426.67
       9.927     0.998047       148718       512.00
      10.071     0.998242       148748       568.89
      10.391     0.998437       148778       640.00
      10.799     0.998633       148806       731.43
      11.047     0.998828       148835       853.33
      11.343     0.999023       148865      1024.00
      11.663     0.999121       148881      1137.78
      11.679     0.999219       148893      1280.00
      12.087     0.999316       148908      1462.86
      12.503     0.999414       148924      1706.67
      13.087     0.999512       148938      2048.00
      13.199     0.999561       148944      2275.56
      13.351     0.999609       148951      2560.00
      13.503     0.999658       148959      2925.71
      14.471     0.999707       148970      3413.33
      14.535     0.999756       148974      4096.00
      14.599     0.999780       148977      4551.11
      14.663     0.999805       148982      5120.00
      14.799     0.999829       148984      5851.43
      14.847     0.999854       148988      6826.67
      14.935     0.999878       148991      8192.00
      15.055     0.999890       148993      9102.22
      15.183     0.999902       148995     10240.00
      15.231     0.999915       148997     11702.86
      16.431     0.999927       149001     13653.33
      16.431     0.999939       149001     16384.00
      16.431     0.999945       149001     18204.44
      16.463     0.999951       149002     20480.00
      16.479     0.999957       149003     23405.71
      16.543     0.999963       149008     27306.67
      16.543     0.999969       149008     32768.00
      16.543     0.999973       149008     36408.89
      16.543     0.999976       149008     40960.00
      16.543     0.999979       149008     46811.43
      16.543     0.999982       149008     54613.33
      16.543     0.999985       149008     65536.00
      16.543     0.999986       149008     72817.78
      16.543     0.999988       149008     81920.00
      16.543     0.999989       149008     93622.86
      16.543     0.999991       149008    109226.67
      16.543     0.999992       149008    131072.00
      16.543     0.999993       149008    145635.56
      16.559     0.999994       149009    163840.00
      16.559     1.000000       149009          inf
#[Mean    =        3.389, StdDeviation   =        1.270]
#[Max     =       16.544, Total count    =       149009]
#[Buckets =           27, SubBuckets     =         2048]
----------------------------------------------------------
  149099 requests in 5.00s, 127.40MB read
Requests/sec:  29818.56
Transfer/sec:     25.48MB
Running 5s test @ http://127.0.0.1:8080
  1 threads and 50 connections
  Thread Stats   Avg      Stdev     99%   +/- Stdev
    Latency     4.88ms    1.93ms  10.80ms   73.31%
    Req/Sec       -nan      -nan   0.00      0.00%
  Latency Distribution (HdrHistogram - Recorded Latency)
 50.000%    4.64ms
 75.000%    5.97ms
 90.000%    7.22ms
 99.000%   10.80ms
 99.900%   14.45ms
 99.990%   18.08ms
 99.999%   21.93ms
100.000%   22.01ms

  Detailed Percentile spectrum:
       Value   Percentile   TotalCount 1/(1-Percentile)

       0.268     0.000000            1         1.00
       2.741     0.100000        17419         1.11
       3.267     0.200000        34777         1.25
       3.669     0.300000        52222         1.43
       4.087     0.400000        69572         1.67
       4.639     0.500000        86967         2.00
       4.955     0.550000        95706         2.22
       5.231     0.600000       104390         2.50
       5.479     0.650000       113084         2.86
       5.711     0.700000       121789         3.33
       5.967     0.750000       130495         4.00
       6.119     0.775000       134799         4.44
       6.263     0.800000       139139         5.00
       6.443     0.825000       143479         5.71
       6.643     0.850000       147854         6.67
       6.895     0.875000       152194         8.00
       7.055     0.887500       154342         8.89
       7.219     0.900000       156500        10.00
       7.423     0.912500       158690        11.43
       7.671     0.925000       160857        13.33
       7.983     0.937500       163036        16.00
       8.163     0.943750       164099        17.78
       8.351     0.950000       165194        20.00
       8.583     0.956250       166286        22.86
       8.839     0.962500       167391        26.67
       9.095     0.968750       168487        32.00
       9.247     0.971875       168999        35.56
       9.407     0.975000       169556        40.00
       9.567     0.978125       170092        45.71
       9.759     0.981250       170625        53.33
      10.063     0.984375       171166        64.00
      10.215     0.985938       171436        71.11
      10.431     0.987500       171713        80.00
      10.647     0.989062       171980        91.43
      10.943     0.990625       172251       106.67
      11.231     0.992188       172525       128.00
      11.439     0.992969       172658       142.22
      11.687     0.993750       172793       160.00
      11.943     0.994531       172941       182.86
      12.175     0.995313       173065       213.33
      12.495     0.996094       173200       256.00
      12.695     0.996484       173268       284.44
      12.823     0.996875       173336       320.00
      12.999     0.997266       173405       365.71
      13.431     0.997656       173472       426.67
      13.743     0.998047       173541       512.00
      13.847     0.998242       173580       568.89
      13.959     0.998437       173612       640.00
      14.063     0.998633       173643       731.43
      14.271     0.998828       173678       853.33
      14.743     0.999023       173710      1024.00
      15.239     0.999121       173727      1137.78
      15.615     0.999219       173744      1280.00
      15.759     0.999316       173761      1462.86
      16.095     0.999414       173779      1706.67
      16.783     0.999512       173796      2048.00
      17.119     0.999561       173804      2275.56
      17.279     0.999609       173812      2560.00
      17.391     0.999658       173820      2925.71
      17.519     0.999707       173829      3413.33
      17.759     0.999756       173839      4096.00
      17.775     0.999780       173844      4551.11
      17.807     0.999805       173847      5120.00
      17.855     0.999829       173850      5851.43
      17.935     0.999854       173854      6826.67
      18.031     0.999878       173860      8192.00
      18.031     0.999890       173860      9102.22
      18.095     0.999902       173864     10240.00
      18.127     0.999915       173865     11702.86
      18.159     0.999927       173867     13653.33
      18.191     0.999939       173869     16384.00
      18.207     0.999945       173870     18204.44
      18.319     0.999951       173871     20480.00
      18.575     0.999957       173872     23405.71
      18.591     0.999963       173873     27306.67
      18.927     0.999969       173874     32768.00
      20.191     0.999973       173875     36408.89
      20.191     0.999976       173875     40960.00
      20.207     0.999979       173876     46811.43
      20.207     0.999982       173876     54613.33
      21.935     0.999985       173877     65536.00
      21.935     0.999986       173877     72817.78
      21.935     0.999988       173877     81920.00
      22.015     0.999989       173879     93622.86
      22.015     1.000000       173879          inf
#[Mean    =        4.881, StdDeviation   =        1.928]
#[Max     =       22.000, Total count    =       173879]
#[Buckets =           27, SubBuckets     =         2048]
----------------------------------------------------------
  173936 requests in 5.00s, 148.63MB read
Requests/sec:  34777.50
Transfer/sec:     29.72MB
Running 5s test @ http://127.0.0.1:8080
  1 threads and 50 connections
  Thread Stats   Avg      Stdev     99%   +/- Stdev
    Latency     8.86ms    6.41ms  33.02ms   86.06%
    Req/Sec       -nan      -nan   0.00      0.00%
  Latency Distribution (HdrHistogram - Recorded Latency)
 50.000%    7.04ms
 75.000%   10.02ms
 90.000%   17.17ms
 99.000%   33.02ms
 99.900%   42.17ms
 99.990%   57.50ms
 99.999%   67.58ms
100.000%   68.67ms

  Detailed Percentile spectrum:
       Value   Percentile   TotalCount 1/(1-Percentile)

       0.265     0.000000            2         1.00
       3.637     0.100000        19841         1.11
       4.447     0.200000        39678         1.25
       5.307     0.300000        59551         1.43
       6.247     0.400000        79384         1.67
       7.039     0.500000        99249         2.00
       7.439     0.550000       109096         2.22
       7.819     0.600000       119021         2.50
       8.343     0.650000       129049         2.86
       9.039     0.700000       138855         3.33
      10.023     0.750000       148753         4.00
      10.663     0.775000       153714         4.44
      11.351     0.800000       158671         5.00
      12.151     0.825000       163646         5.71
      13.223     0.850000       168597         6.67
      14.871     0.875000       173548         8.00
      15.919     0.887500       176021         8.89
      17.167     0.900000       178527        10.00
      18.495     0.912500       180980        11.43
      20.095     0.925000       183455        13.33
      21.679     0.937500       185948        16.00
      22.623     0.943750       187198        17.78
      23.519     0.950000       188415        20.00
      24.527     0.956250       189654        22.86
      25.631     0.962500       190895        26.67
      27.103     0.968750       192136        32.00
      27.903     0.971875       192755        35.56
      28.655     0.975000       193387        40.00
      29.343     0.978125       193998        45.71
      30.127     0.981250       194613        53.33
      31.087     0.984375       195237        64.00
      31.663     0.985938       195544        71.11
      32.191     0.987500       195856        80.00
      32.719     0.989062       196161        91.43
      33.247     0.990625       196479       106.67
      34.079     0.992188       196786       128.00
      34.623     0.992969       196941       142.22
      35.263     0.993750       197099       160.00
      35.743     0.994531       197245       182.86
      36.127     0.995313       197415       213.33
      36.447     0.996094       197566       256.00
      36.639     0.996484       197633       284.44
      37.183     0.996875       197711       320.00
      38.367     0.997266       197787       365.71
      39.455     0.997656       197866       426.67
      40.319     0.998047       197942       512.00
      40.639     0.998242       197981       568.89
      40.991     0.998437       198022       640.00
      41.535     0.998633       198060       731.43
      41.887     0.998828       198104       853.33
      42.207     0.999023       198140      1024.00
      42.303     0.999121       198156      1137.78
      42.655     0.999219       198179      1280.00
      42.943     0.999316       198194      1462.86
      43.391     0.999414       198213      1706.67
      45.951     0.999512       198234      2048.00
      46.303     0.999561       198242      2275.56
      47.071     0.999609       198252      2560.00
      48.223     0.999658       198262      2925.71
      48.735     0.999707       198271      3413.33
      49.343     0.999756       198281      4096.00
      50.239     0.999780       198286      4551.11
      50.943     0.999805       198291      5120.00
      53.535     0.999829       198296      5851.43
      53.855     0.999854       198300      6826.67
      56.735     0.999878       198305      8192.00
      57.343     0.999890       198308      9102.22
      57.535     0.999902       198310     10240.00
      57.855     0.999915       198313     11702.86
      61.183     0.999927       198315     13653.33
      61.759     0.999939       198317     16384.00
      62.367     0.999945       198319     18204.44
      62.687     0.999951       198320     20480.00
      64.735     0.999957       198321     23405.71
      65.055     0.999963       198322     27306.67
      65.343     0.999969       198323     32768.00
      65.919     0.999973       198324     36408.89
      66.047     0.999976       198325     40960.00
      66.047     0.999979       198325     46811.43
      66.303     0.999982       198326     54613.33
      66.303     0.999985       198326     65536.00
      67.583     0.999986       198327     72817.78
      67.583     0.999988       198327     81920.00
      67.583     0.999989       198327     93622.86
      67.839     0.999991       198328    109226.67
      67.839     0.999992       198328    131072.00
      67.839     0.999993       198328    145635.56
      67.839     0.999994       198328    163840.00
      67.839     0.999995       198328    187245.71
      68.671     0.999995       198329    218453.33
      68.671     1.000000       198329          inf
#[Mean    =        8.856, StdDeviation   =        6.409]
#[Max     =       68.608, Total count    =       198329]
#[Buckets =           27, SubBuckets     =         2048]
----------------------------------------------------------
  198431 requests in 5.00s, 169.56MB read
Requests/sec:  39656.78
Transfer/sec:     33.89MB
Running 5s test @ http://127.0.0.1:8080
  1 threads and 50 connections
  Thread Stats   Avg      Stdev     99%   +/- Stdev
    Latency    91.19ms   91.67ms 337.41ms   85.31%
    Req/Sec       -nan      -nan   0.00      0.00%
  Latency Distribution (HdrHistogram - Recorded Latency)
 50.000%   67.20ms
 75.000%  155.01ms
 90.000%  224.51ms
 99.000%  337.41ms
 99.900%  346.62ms
 99.990%  350.46ms
 99.999%  354.05ms
100.000%  354.05ms

  Detailed Percentile spectrum:
       Value   Percentile   TotalCount 1/(1-Percentile)

       0.240     0.000000            1         1.00
       5.679     0.100000        22044         1.11
       7.263     0.200000        44055         1.25
       9.479     0.300000        66074         1.43
      16.815     0.400000        88104         1.67
      67.199     0.500000       110127         2.00
     100.415     0.550000       121129         2.22
     112.511     0.600000       132148         2.50
     126.015     0.650000       143170         2.86
     141.439     0.700000       154322         3.33
     155.007     0.750000       165226         4.00
     164.095     0.775000       170724         4.44
     168.831     0.800000       176210         5.00
     174.207     0.825000       181704         5.71
     181.759     0.850000       187207         6.67
     200.575     0.875000       192710         8.00
     216.831     0.887500       195473         8.89
     224.511     0.900000       198221        10.00
     237.311     0.912500       200988        11.43
     249.343     0.925000       203739        13.33
     257.919     0.937500       206468        16.00
     264.447     0.943750       207851        17.78
     271.871     0.950000       209270        20.00
     280.831     0.956250       210630        22.86
     289.535     0.962500       211980        26.67
     306.687     0.968750       213353        32.00
     310.527     0.971875       214041        35.56
     314.367     0.975000       214728        40.00
     317.439     0.978125       215422        45.71
     323.327     0.981250       216103        53.33
     328.191     0.984375       216811        64.00
     330.495     0.985938       217145        71.11
     333.055     0.987500       217510        80.00
     335.615     0.989062       217840        91.43
     338.175     0.990625       218213       106.67
     339.455     0.992188       218520       128.00
     340.223     0.992969       218732       142.22
     340.735     0.993750       218906       160.00
     341.247     0.994531       219076       182.86
     341.759     0.995313       219219       213.33
     342.527     0.996094       219412       256.00
     343.039     0.996484       219480       284.44
     343.807     0.996875       219558       320.00
     344.319     0.997266       219677       365.71
     344.831     0.997656       219744       426.67
     345.087     0.998047       219807       512.00
     345.599     0.998242       219882       568.89
     345.855     0.998437       219934       640.00
     345.855     0.998633       219934       731.43
     346.367     0.998828       219983       853.33
     346.623     0.999023       220038      1024.00
     346.879     0.999121       220055      1137.78
     347.391     0.999219       220071      1280.00
     347.647     0.999316       220089      1462.86
     347.903     0.999414       220106      1706.67
     348.415     0.999512       220128      2048.00
     348.671     0.999561       220137      2275.56
     348.927     0.999609       220152      2560.00
     349.695     0.999658       220159      2925.71
     349.951     0.999707       220178      3413.33
     350.207     0.999756       220198      4096.00
     350.207     0.999780       220198      4551.11
     350.207     0.999805       220198      5120.00
     350.207     0.999829       220198      5851.43
     350.463     0.999854       220210      6826.67
     350.463     0.999878       220210      8192.00
     350.463     0.999890       220210      9102.22
     350.719     0.999902       220222     10240.00
     350.719     0.999915       220222     11702.86
     350.719     0.999927       220222     13653.33
     350.719     0.999939       220222     16384.00
     350.719     0.999945       220222     18204.44
     350.719     0.999951       220222     20480.00
     353.791     0.999957       220226     23405.71
     353.791     0.999963       220226     27306.67
     353.791     0.999969       220226     32768.00
     353.791     0.999973       220226     36408.89
     354.047     0.999976       220232     40960.00
     354.047     1.000000       220232          inf
#[Mean    =       91.194, StdDeviation   =       91.671]
#[Max     =      353.792, Total count    =       220232]
#[Buckets =           27, SubBuckets     =         2048]
----------------------------------------------------------
  220425 requests in 5.01s, 188.38MB read
Requests/sec:  44020.58
Transfer/sec:     37.62MB
Running 5s test @ http://127.0.0.1:8080
  1 threads and 50 connections
  Thread Stats   Avg      Stdev     99%   +/- Stdev
    Latency   245.55ms  396.43ms   1.52s    84.58%
    Req/Sec       -nan      -nan   0.00      0.00%
  Latency Distribution (HdrHistogram - Recorded Latency)
 50.000%   49.44ms
 75.000%  227.46ms
 90.000%  969.73ms
 99.000%    1.52s 
 99.900%    1.61s 
 99.990%    1.62s 
 99.999%    1.62s 
100.000%    1.62s 

  Detailed Percentile spectrum:
       Value   Percentile   TotalCount 1/(1-Percentile)

       0.234     0.000000            1         1.00
       6.631     0.100000        21605         1.11
       9.519     0.200000        43191         1.25
      15.511     0.300000        64794         1.43
      28.463     0.400000        86380         1.67
      49.439     0.500000       107980         2.00
      61.151     0.550000       118770         2.22
      78.847     0.600000       129570         2.50
     135.551     0.650000       140363         2.86
     187.391     0.700000       151162         3.33
     227.455     0.750000       161948         4.00
     283.391     0.775000       167362         4.44
     389.119     0.800000       172744         5.00
     560.127     0.825000       178147         5.71
     660.991     0.850000       183582         6.67
     803.327     0.875000       188940         8.00
     907.263     0.887500       191641         8.89
     969.727     0.900000       194415        10.00
     984.063     0.912500       197115        11.43
    1046.527     0.925000       199737        13.33
    1143.807     0.937500       202470        16.00
    1189.887     0.943750       203831        17.78
    1285.119     0.950000       205170        20.00
    1312.767     0.956250       206542        22.86
    1339.391     0.962500       207854        26.67
    1386.495     0.968750       209226        32.00
    1396.735     0.971875       209870        35.56
    1411.071     0.975000       210597        40.00
    1425.407     0.978125       211223        45.71
    1454.079     0.981250       211912        53.33
    1467.391     0.984375       212609        64.00
    1475.583     0.985938       212904        71.11
    1488.895     0.987500       213270        80.00
    1509.375     0.989062       213570        91.43
    1524.735     0.990625       213939       106.67
    1537.023     0.992188       214277       128.00
    1544.191     0.992969       214415       142.22
    1551.359     0.993750       214598       160.00
    1558.527     0.994531       214766       182.86
    1562.623     0.995313       214932       213.33
    1575.935     0.996094       215093       256.00
    1581.055     0.996484       215174       284.44
    1587.199     0.996875       215265       320.00
    1591.295     0.997266       215346       365.71
    1596.415     0.997656       215433       426.67
    1600.511     0.998047       215508       512.00
    1602.559     0.998242       215562       568.89
    1603.583     0.998437       215620       640.00
    1606.655     0.998633       215663       731.43
    1607.679     0.998828       215700       853.33
    1608.703     0.999023       215763      1024.00
    1608.703     0.999121       215763      1137.78
    1608.703     0.999219       215763      1280.00
    1610.751     0.999316       215796      1462.86
    1612.799     0.999414       215814      1706.67
    1613.823     0.999512       215847      2048.00
    1613.823     0.999561       215847      2275.56
    1613.823     0.999609       215847      2560.00
    1614.847     0.999658       215877      2925.71
    1614.847     0.999707       215877      3413.33
    1614.847     0.999756       215877      4096.00
    1615.871     0.999780       215925      4551.11
    1615.871     0.999805       215925      5120.00
    1615.871     0.999829       215925      5851.43
    1615.871     0.999854       215925      6826.67
    1615.871     0.999878       215925      8192.00
    1615.871     0.999890       215925      9102.22
    1615.871     0.999902       215925     10240.00
    1615.871     0.999915       215925     11702.86
    1615.871     0.999927       215925     13653.33
    1615.871     0.999939       215925     16384.00
    1615.871     0.999945       215925     18204.44
    1615.871     0.999951       215925     20480.00
    1615.871     0.999957       215925     23405.71
    1615.871     0.999963       215925     27306.67
    1615.871     0.999969       215925     32768.00
    1615.871     0.999973       215925     36408.89
    1615.871     0.999976       215925     40960.00
    1615.871     0.999979       215925     46811.43
    1616.895     0.999982       215927     54613.33
    1616.895     0.999985       215927     65536.00
    1616.895     0.999986       215927     72817.78
    1616.895     0.999988       215927     81920.00
    1616.895     0.999989       215927     93622.86
    1618.943     0.999991       215928    109226.67
    1618.943     0.999992       215928    131072.00
    1618.943     0.999993       215928    145635.56
    1618.943     0.999994       215928    163840.00
    1618.943     0.999995       215928    187245.71
    1619.967     0.999995       215929    218453.33
    1619.967     1.000000       215929          inf
#[Mean    =      245.549, StdDeviation   =      396.428]
#[Max     =     1618.944, Total count    =       215929]
#[Buckets =           27, SubBuckets     =         2048]
----------------------------------------------------------
  216222 requests in 5.00s, 184.77MB read
Requests/sec:  43233.26
Transfer/sec:     36.95MB
