Running 10s test @ http://localhost:8080/wrk2-api/review/compose
  1 threads and 100 connections
  Thread Stats   Avg      Stdev     99%   +/- Stdev
    Latency     8.74ms   10.27ms  62.21ms   95.57%
    Req/Sec       -nan      -nan   0.00      0.00%
  Latency Distribution (HdrHistogram - Recorded Latency)
 50.000%    6.37ms
 75.000%    8.83ms
 90.000%   12.68ms
 99.000%   62.21ms
 99.900%  123.14ms
 99.990%  126.33ms
 99.999%  126.33ms
100.000%  126.33ms

  Detailed Percentile spectrum:
       Value   Percentile   TotalCount 1/(1-Percentile)

       3.249     0.000000            1         1.00
       4.387     0.100000          200         1.11
       4.811     0.200000          398         1.25
       5.211     0.300000          597         1.43
       5.715     0.400000          796         1.67
       6.371     0.500000          994         2.00
       6.775     0.550000         1093         2.22
       7.235     0.600000         1193         2.50
       7.711     0.650000         1292         2.86
       8.279     0.700000         1394         3.33
       8.847     0.750000         1492         4.00
       9.191     0.775000         1540         4.44
       9.719     0.800000         1591         5.00
      10.207     0.825000         1640         5.71
      10.783     0.850000         1689         6.67
      11.519     0.875000         1739         8.00
      12.023     0.887500         1764         8.89
      12.695     0.900000         1789        10.00
      13.479     0.912500         1814        11.43
      14.255     0.925000         1838        13.33
      15.791     0.937500         1863        16.00
      17.055     0.943750         1877        17.78
      17.727     0.950000         1888        20.00
      19.343     0.956250         1902        22.86
      20.607     0.962500         1913        26.67
      24.175     0.968750         1925        32.00
      25.839     0.971875         1932        35.56
      27.679     0.975000         1938        40.00
      29.103     0.978125         1944        45.71
      32.671     0.981250         1950        53.33
      39.775     0.984375         1956        64.00
      45.567     0.985938         1960        71.11
      53.183     0.987500         1963        80.00
      60.351     0.989062         1966        91.43
      66.879     0.990625         1969       106.67
      70.847     0.992188         1972       128.00
      76.863     0.992969         1974       142.22
      78.271     0.993750         1975       160.00
      87.743     0.994531         1977       182.86
      93.887     0.995313         1978       213.33
     103.551     0.996094         1981       256.00
     103.551     0.996484         1981       284.44
     103.551     0.996875         1981       320.00
     112.575     0.997266         1982       365.71
     114.559     0.997656         1983       426.67
     119.999     0.998047         1984       512.00
     119.999     0.998242         1984       568.89
     119.999     0.998437         1984       640.00
     123.135     0.998633         1985       731.43
     123.135     0.998828         1985       853.33
     123.263     0.999023         1986      1024.00
     123.263     0.999121         1986      1137.78
     123.263     0.999219         1986      1280.00
     123.263     0.999316         1986      1462.86
     123.263     0.999414         1986      1706.67
     126.335     0.999512         1987      2048.00
     126.335     1.000000         1987          inf
#[Mean    =        8.742, StdDeviation   =       10.273]
#[Max     =      126.272, Total count    =         1987]
#[Buckets =           27, SubBuckets     =         2048]
----------------------------------------------------------
  1988 requests in 10.00s, 702.79KB read
  Socket errors: connect 0, read 0, write 0, timeout 5
  Non-2xx or 3xx responses: 1988
Requests/sec:    198.71
Transfer/sec:     70.25KB
Running 10s test @ http://localhost:8080/wrk2-api/review/compose
  1 threads and 100 connections
  Thread Stats   Avg      Stdev     99%   +/- Stdev
    Latency    16.79ms   74.85ms 299.01ms   98.15%
    Req/Sec       -nan      -nan   0.00      0.00%
  Latency Distribution (HdrHistogram - Recorded Latency)
 50.000%    6.86ms
 75.000%   10.00ms
 90.000%   15.28ms
 99.000%  299.01ms
 99.900%    1.01s 
 99.990%    1.04s 
 99.999%    1.04s 
100.000%    1.04s 

  Detailed Percentile spectrum:
       Value   Percentile   TotalCount 1/(1-Percentile)

       3.145     0.000000            1         1.00
       4.199     0.100000          298         1.11
       4.827     0.200000          595         1.25
       5.375     0.300000          893         1.43
       6.055     0.400000         1190         1.67
       6.859     0.500000         1488         2.00
       7.351     0.550000         1638         2.22
       7.819     0.600000         1786         2.50
       8.423     0.650000         1935         2.86
       9.079     0.700000         2083         3.33
       9.999     0.750000         2233         4.00
      10.495     0.775000         2308         4.44
      11.031     0.800000         2380         5.00
      11.735     0.825000         2455         5.71
      12.599     0.850000         2529         6.67
      13.815     0.875000         2604         8.00
      14.519     0.887500         2641         8.89
      15.279     0.900000         2679        10.00
      15.887     0.912500         2715        11.43
      17.823     0.925000         2752        13.33
      20.031     0.937500         2790        16.00
      21.279     0.943750         2808        17.78
      22.943     0.950000         2827        20.00
      25.119     0.956250         2846        22.86
      28.207     0.962500         2864        26.67
      34.527     0.968750         2883        32.00
      41.311     0.971875         2892        35.56
      50.335     0.975000         2901        40.00
      65.087     0.978125         2910        45.71
      89.727     0.981250         2920        53.33
     125.951     0.984375         2929        64.00
     149.247     0.985938         2934        71.11
     215.039     0.987500         2938        80.00
     271.359     0.989062         2943        91.43
     303.103     0.990625         2948       106.67
     370.943     0.992188         2952       128.00
     413.695     0.992969         2955       142.22
     427.519     0.993750         2957       160.00
     501.247     0.994531         2959       182.86
     813.055     0.995313         2962       213.33
     935.423     0.996094         2964       256.00
     940.031     0.996484         2965       284.44
     976.895     0.996875         2966       320.00
    1003.519     0.997266         2967       365.71
    1006.591     0.997656         2969       426.67
    1007.103     0.998047         2970       512.00
    1007.103     0.998242         2970       568.89
    1010.687     0.998437         2971       640.00
    1010.687     0.998633         2971       731.43
    1011.711     0.998828         2972       853.33
    1013.247     0.999023         2973      1024.00
    1013.247     0.999121         2973      1137.78
    1013.247     0.999219         2973      1280.00
    1013.247     0.999316         2973      1462.86
    1015.295     0.999414         2974      1706.67
    1015.295     0.999512         2974      2048.00
    1015.295     0.999561         2974      2275.56
    1015.295     0.999609         2974      2560.00
    1015.295     0.999658         2974      2925.71
    1040.383     0.999707         2975      3413.33
    1040.383     1.000000         2975          inf
#[Mean    =       16.794, StdDeviation   =       74.847]
#[Max     =     1039.872, Total count    =         2975]
#[Buckets =           27, SubBuckets     =         2048]
----------------------------------------------------------
  2976 requests in 10.00s, 1.03MB read
  Socket errors: connect 0, read 0, write 0, timeout 1
  Non-2xx or 3xx responses: 2976
Requests/sec:    297.64
Transfer/sec:    105.22KB
Running 10s test @ http://localhost:8080/wrk2-api/review/compose
  1 threads and 100 connections
  Thread Stats   Avg      Stdev     99%   +/- Stdev
    Latency    84.51ms  194.50ms   1.15s    92.42%
    Req/Sec       -nan      -nan   0.00      0.00%
  Latency Distribution (HdrHistogram - Recorded Latency)
 50.000%   23.23ms
 75.000%   57.28ms
 90.000%  193.41ms
 99.000%    1.15s 
 99.900%    1.77s 
 99.990%    1.93s 
 99.999%    1.93s 
100.000%    1.93s 

  Detailed Percentile spectrum:
       Value   Percentile   TotalCount 1/(1-Percentile)

       3.771     0.000000            1         1.00
       8.495     0.100000          395         1.11
      11.567     0.200000          789         1.25
      14.535     0.300000         1183         1.43
      17.999     0.400000         1577         1.67
      23.231     0.500000         1971         2.00
      26.991     0.550000         2169         2.22
      31.535     0.600000         2366         2.50
      36.799     0.650000         2563         2.86
      44.223     0.700000         2761         3.33
      57.279     0.750000         2958         4.00
      65.407     0.775000         3057         4.44
      78.719     0.800000         3155         5.00
      91.519     0.825000         3254         5.71
     111.679     0.850000         3352         6.67
     138.367     0.875000         3450         8.00
     161.535     0.887500         3499         8.89
     193.407     0.900000         3548        10.00
     233.855     0.912500         3598        11.43
     282.879     0.925000         3647        13.33
     333.311     0.937500         3696        16.00
     367.871     0.943750         3721        17.78
     397.823     0.950000         3745        20.00
     435.967     0.956250         3770        22.86
     486.655     0.962500         3795        26.67
     542.207     0.968750         3819        32.00
     573.439     0.971875         3833        35.56
     604.671     0.975000         3845        40.00
     665.087     0.978125         3856        45.71
     773.119     0.981250         3869        53.33
     920.063     0.984375         3881        64.00
     971.775     0.985938         3887        71.11
    1033.215     0.987500         3893        80.00
    1097.727     0.989062         3899        91.43
    1183.743     0.990625         3906       106.67
    1305.599     0.992188         3913       128.00
    1338.367     0.992969         3915       142.22
    1355.775     0.993750         3918       160.00
    1383.423     0.994531         3921       182.86
    1415.167     0.995313         3924       213.33
    1435.647     0.996094         3927       256.00
    1506.303     0.996484         3929       284.44
    1519.615     0.996875         3930       320.00
    1557.503     0.997266         3932       365.71
    1571.839     0.997656         3933       426.67
    1581.055     0.998047         3935       512.00
    1591.295     0.998242         3936       568.89
    1591.295     0.998437         3936       640.00
    1670.143     0.998633         3937       731.43
    1773.567     0.998828         3938       853.33
    1796.095     0.999023         3939      1024.00
    1796.095     0.999121         3939      1137.78
    1796.095     0.999219         3939      1280.00
    1874.943     0.999316         3940      1462.86
    1874.943     0.999414         3940      1706.67
    1891.327     0.999512         3941      2048.00
    1891.327     0.999561         3941      2275.56
    1891.327     0.999609         3941      2560.00
    1891.327     0.999658         3941      2925.71
    1891.327     0.999707         3941      3413.33
    1928.191     0.999756         3942      4096.00
    1928.191     1.000000         3942          inf
#[Mean    =       84.507, StdDeviation   =      194.500]
#[Max     =     1927.168, Total count    =         3942]
#[Buckets =           27, SubBuckets     =         2048]
----------------------------------------------------------
  3943 requests in 10.00s, 1.36MB read
  Non-2xx or 3xx responses: 3943
Requests/sec:    394.33
Transfer/sec:    139.40KB
Running 10s test @ http://localhost:8080/wrk2-api/review/compose
  1 threads and 100 connections
  Thread Stats   Avg      Stdev     99%   +/- Stdev
    Latency    92.97ms   87.01ms 431.10ms   87.86%
    Req/Sec       -nan      -nan   0.00      0.00%
  Latency Distribution (HdrHistogram - Recorded Latency)
 50.000%   65.54ms
 75.000%  114.18ms
 90.000%  194.69ms
 99.000%  431.10ms
 99.900%  711.68ms
 99.990%  819.20ms
 99.999%  819.20ms
100.000%  819.20ms

  Detailed Percentile spectrum:
       Value   Percentile   TotalCount 1/(1-Percentile)

       4.623     0.000000            1         1.00
      23.951     0.100000          494         1.11
      33.535     0.200000          989         1.25
      43.231     0.300000         1481         1.43
      52.927     0.400000         1975         1.67
      65.535     0.500000         2470         2.00
      72.639     0.550000         2715         2.22
      81.471     0.600000         2965         2.50
      90.303     0.650000         3213         2.86
     100.415     0.700000         3456         3.33
     114.175     0.750000         3702         4.00
     122.943     0.775000         3826         4.44
     133.247     0.800000         3950         5.00
     145.791     0.825000         4073         5.71
     158.591     0.850000         4196         6.67
     176.127     0.875000         4319         8.00
     185.727     0.887500         4381         8.89
     194.687     0.900000         4443        10.00
     208.895     0.912500         4505        11.43
     222.847     0.925000         4566        13.33
     242.431     0.937500         4628        16.00
     255.231     0.943750         4659        17.78
     265.727     0.950000         4690        20.00
     279.807     0.956250         4721        22.86
     295.935     0.962500         4751        26.67
     316.415     0.968750         4783        32.00
     324.351     0.971875         4798        35.56
     339.199     0.975000         4813        40.00
     357.375     0.978125         4829        45.71
     369.919     0.981250         4844        53.33
     386.047     0.984375         4859        64.00
     397.055     0.985938         4867        71.11
     413.183     0.987500         4875        80.00
     423.935     0.989062         4883        91.43
     443.647     0.990625         4890       106.67
     469.503     0.992188         4898       128.00
     474.623     0.992969         4902       142.22
     486.399     0.993750         4906       160.00
     504.831     0.994531         4910       182.86
     521.471     0.995313         4913       213.33
     542.719     0.996094         4917       256.00
     565.247     0.996484         4919       284.44
     574.975     0.996875         4922       320.00
     578.559     0.997266         4923       365.71
     584.191     0.997656         4925       426.67
     600.575     0.998047         4927       512.00
     626.687     0.998242         4928       568.89
     651.263     0.998437         4929       640.00
     666.111     0.998633         4930       731.43
     711.679     0.998828         4931       853.33
     745.471     0.999023         4932      1024.00
     745.471     0.999121         4932      1137.78
     753.663     0.999219         4933      1280.00
     753.663     0.999316         4933      1462.86
     775.167     0.999414         4934      1706.67
     775.167     0.999512         4934      2048.00
     775.167     0.999561         4934      2275.56
     776.703     0.999609         4935      2560.00
     776.703     0.999658         4935      2925.71
     776.703     0.999707         4935      3413.33
     776.703     0.999756         4935      4096.00
     776.703     0.999780         4935      4551.11
     819.199     0.999805         4936      5120.00
     819.199     1.000000         4936          inf
#[Mean    =       92.970, StdDeviation   =       87.014]
#[Max     =      818.688, Total count    =         4936]
#[Buckets =           27, SubBuckets     =         2048]
----------------------------------------------------------
  4937 requests in 10.00s, 1.70MB read
  Non-2xx or 3xx responses: 4937
Requests/sec:    493.72
Transfer/sec:    174.54KB
Running 10s test @ http://localhost:8080/wrk2-api/review/compose
  1 threads and 100 connections
  Thread Stats   Avg      Stdev     99%   +/- Stdev
    Latency   532.57ms  442.68ms   1.87s    79.00%
    Req/Sec       -nan      -nan   0.00      0.00%
  Latency Distribution (HdrHistogram - Recorded Latency)
 50.000%  384.00ms
 75.000%  722.94ms
 90.000%    1.22s 
 99.000%    1.87s 
 99.900%    2.16s 
 99.990%    2.30s 
 99.999%    2.49s 
100.000%    2.49s 

  Detailed Percentile spectrum:
       Value   Percentile   TotalCount 1/(1-Percentile)

       4.779     0.000000            1         1.00
     121.215     0.100000          567         1.11
     175.231     0.200000         1133         1.25
     232.319     0.300000         1701         1.43
     297.983     0.400000         2267         1.67
     383.999     0.500000         2831         2.00
     435.455     0.550000         3116         2.22
     493.311     0.600000         3399         2.50
     555.519     0.650000         3681         2.86
     633.343     0.700000         3964         3.33
     722.943     0.750000         4247         4.00
     773.631     0.775000         4389         4.44
     834.559     0.800000         4530         5.00
     912.383     0.825000         4672         5.71
     994.303     0.850000         4814         6.67
    1091.583     0.875000         4957         8.00
    1157.119     0.887500         5029         8.89
    1218.559     0.900000         5098        10.00
    1284.095     0.912500         5167        11.43
    1369.087     0.925000         5238        13.33
    1452.031     0.937500         5309        16.00
    1492.991     0.943750         5344        17.78
    1534.975     0.950000         5379        20.00
    1569.791     0.956250         5415        22.86
    1620.991     0.962500         5451        26.67
    1659.903     0.968750         5486        32.00
    1678.335     0.971875         5503        35.56
    1703.935     0.975000         5521        40.00
    1741.823     0.978125         5539        45.71
    1761.279     0.981250         5556        53.33
    1796.095     0.984375         5574        64.00
    1828.863     0.985938         5583        71.11
    1842.175     0.987500         5592        80.00
    1866.751     0.989062         5601        91.43
    1883.135     0.990625         5609       106.67
    1899.519     0.992188         5618       128.00
    1925.119     0.992969         5623       142.22
    1946.623     0.993750         5627       160.00
    1955.839     0.994531         5632       182.86
    1976.319     0.995313         5636       213.33
    2015.231     0.996094         5640       256.00
    2032.639     0.996484         5643       284.44
    2044.927     0.996875         5645       320.00
    2058.239     0.997266         5647       365.71
    2065.407     0.997656         5649       426.67
    2097.151     0.998047         5651       512.00
    2119.679     0.998242         5653       568.89
    2131.967     0.998437         5654       640.00
    2152.447     0.998633         5655       731.43
    2156.543     0.998828         5656       853.33
    2158.591     0.999023         5657      1024.00
    2197.503     0.999121         5658      1137.78
    2197.503     0.999219         5658      1280.00
    2203.647     0.999316         5659      1462.86
    2203.647     0.999414         5659      1706.67
    2285.567     0.999512         5660      2048.00
    2285.567     0.999561         5660      2275.56
    2285.567     0.999609         5660      2560.00
    2303.999     0.999658         5661      2925.71
    2303.999     0.999707         5661      3413.33
    2303.999     0.999756         5661      4096.00
    2303.999     0.999780         5661      4551.11
    2303.999     0.999805         5661      5120.00
    2486.271     0.999829         5662      5851.43
    2486.271     1.000000         5662          inf
#[Mean    =      532.574, StdDeviation   =      442.684]
#[Max     =     2484.224, Total count    =         5662]
#[Buckets =           27, SubBuckets     =         2048]
----------------------------------------------------------
  5663 requests in 10.00s, 1.96MB read
  Non-2xx or 3xx responses: 5663
Requests/sec:    566.29
Transfer/sec:    200.19KB
Running 10s test @ http://localhost:8080/wrk2-api/review/compose
  1 threads and 100 connections
  Thread Stats   Avg      Stdev     99%   +/- Stdev
    Latency   540.28ms  445.94ms   1.96s    78.23%
    Req/Sec       -nan      -nan   0.00      0.00%
  Latency Distribution (HdrHistogram - Recorded Latency)
 50.000%  391.93ms
 75.000%  750.08ms
 90.000%    1.18s 
 99.000%    1.96s 
 99.900%    2.45s 
 99.990%    2.68s 
 99.999%    2.70s 
100.000%    2.70s 

  Detailed Percentile spectrum:
       Value   Percentile   TotalCount 1/(1-Percentile)

       5.743     0.000000            1         1.00
     121.151     0.100000          628         1.11
     177.919     0.200000         1256         1.25
     237.439     0.300000         1884         1.43
     305.919     0.400000         2516         1.67
     391.935     0.500000         3141         2.00
     443.903     0.550000         3455         2.22
     504.319     0.600000         3768         2.50
     579.071     0.650000         4082         2.86
     655.359     0.700000         4397         3.33
     750.079     0.750000         4710         4.00
     814.079     0.775000         4867         4.44
     868.351     0.800000         5024         5.00
     945.663     0.825000         5181         5.71
    1016.831     0.850000         5338         6.67
    1097.727     0.875000         5496         8.00
    1137.663     0.887500         5574         8.89
    1181.695     0.900000         5654        10.00
    1238.015     0.912500         5730        11.43
    1299.455     0.925000         5809        13.33
    1373.183     0.937500         5887        16.00
    1413.119     0.943750         5926        17.78
    1460.223     0.950000         5966        20.00
    1518.591     0.956250         6005        22.86
    1580.031     0.962500         6044        26.67
    1650.687     0.968750         6083        32.00
    1687.551     0.971875         6103        35.56
    1736.703     0.975000         6123        40.00
    1774.591     0.978125         6142        45.71
    1811.455     0.981250         6162        53.33
    1863.679     0.984375         6181        64.00
    1889.279     0.985938         6191        71.11
    1921.023     0.987500         6201        80.00
    1953.791     0.989062         6212        91.43
    1990.655     0.990625         6221       106.67
    2055.167     0.992188         6230       128.00
    2068.479     0.992969         6235       142.22
    2119.679     0.993750         6240       160.00
    2144.255     0.994531         6245       182.86
    2162.687     0.995313         6250       213.33
    2248.703     0.996094         6255       256.00
    2260.991     0.996484         6257       284.44
    2269.183     0.996875         6260       320.00
    2289.663     0.997266         6262       365.71
    2297.855     0.997656         6265       426.67
    2330.623     0.998047         6267       512.00
    2332.671     0.998242         6268       568.89
    2385.919     0.998437         6270       640.00
    2390.015     0.998633         6271       731.43
    2445.311     0.998828         6273       853.33
    2445.311     0.999023         6273      1024.00
    2455.551     0.999121         6274      1137.78
    2480.127     0.999219         6275      1280.00
    2480.127     0.999316         6275      1462.86
    2578.431     0.999414         6276      1706.67
    2578.431     0.999512         6276      2048.00
    2664.447     0.999561         6277      2275.56
    2664.447     0.999609         6277      2560.00
    2664.447     0.999658         6277      2925.71
    2678.783     0.999707         6278      3413.33
    2678.783     0.999756         6278      4096.00
    2678.783     0.999780         6278      4551.11
    2678.783     0.999805         6278      5120.00
    2678.783     0.999829         6278      5851.43
    2703.359     0.999854         6279      6826.67
    2703.359     1.000000         6279          inf
#[Mean    =      540.278, StdDeviation   =      445.938]
#[Max     =     2701.312, Total count    =         6279]
#[Buckets =           27, SubBuckets     =         2048]
----------------------------------------------------------
  6280 requests in 10.00s, 2.17MB read
  Non-2xx or 3xx responses: 6280
Requests/sec:    627.72
Transfer/sec:    221.91KB
Running 10s test @ http://localhost:8080/wrk2-api/review/compose
  1 threads and 100 connections
  Thread Stats   Avg      Stdev     99%   +/- Stdev
    Latency     1.03s   840.91ms   3.44s    70.34%
    Req/Sec       -nan      -nan   0.00      0.00%
  Latency Distribution (HdrHistogram - Recorded Latency)
 50.000%  778.75ms
 75.000%    1.53s 
 90.000%    2.33s 
 99.000%    3.44s 
 99.900%    4.04s 
 99.990%    4.37s 
 99.999%    4.41s 
100.000%    4.41s 

  Detailed Percentile spectrum:
       Value   Percentile   TotalCount 1/(1-Percentile)

       3.913     0.000000            1         1.00
     176.639     0.100000          604         1.11
     293.375     0.200000         1210         1.25
     433.663     0.300000         1812         1.43
     598.015     0.400000         2417         1.67
     778.751     0.500000         3020         2.00
     879.103     0.550000         3323         2.22
     993.279     0.600000         3624         2.50
    1144.831     0.650000         3926         2.86
    1315.839     0.700000         4228         3.33
    1533.951     0.750000         4533         4.00
    1635.327     0.775000         4683         4.44
    1781.759     0.800000         4832         5.00
    1915.903     0.825000         4983         5.71
    2047.999     0.850000         5135         6.67
    2193.407     0.875000         5286         8.00
    2246.655     0.887500         5360         8.89
    2334.719     0.900000         5437        10.00
    2420.735     0.912500         5511        11.43
    2504.703     0.925000         5589        13.33
    2600.959     0.937500         5662        16.00
    2656.255     0.943750         5703        17.78
    2705.407     0.950000         5738        20.00
    2758.655     0.956250         5776        22.86
    2844.671     0.962500         5813        26.67
    2936.831     0.968750         5853        32.00
    2994.175     0.971875         5870        35.56
    3061.759     0.975000         5889        40.00
    3121.151     0.978125         5907        45.71
    3198.975     0.981250         5926        53.33
    3287.039     0.984375         5947        64.00
    3317.759     0.985938         5955        71.11
    3362.815     0.987500         5965        80.00
    3409.919     0.989062         5973        91.43
    3463.167     0.990625         5983       106.67
    3522.559     0.992188         5993       128.00
    3538.943     0.992969         5997       142.22
    3575.807     0.993750         6002       160.00
    3624.959     0.994531         6006       182.86
    3667.967     0.995313         6011       213.33
    3698.687     0.996094         6016       256.00
    3729.407     0.996484         6018       284.44
    3774.463     0.996875         6021       320.00
    3801.087     0.997266         6023       365.71
    3833.855     0.997656         6025       426.67
    3899.391     0.998047         6028       512.00
    3909.631     0.998242         6029       568.89
    3944.447     0.998437         6030       640.00
    3999.743     0.998633         6031       731.43
    4016.127     0.998828         6032       853.33
    4087.807     0.999023         6034      1024.00
    4087.807     0.999121         6034      1137.78
    4093.951     0.999219         6035      1280.00
    4093.951     0.999316         6035      1462.86
    4120.575     0.999414         6036      1706.67
    4276.223     0.999512         6037      2048.00
    4276.223     0.999561         6037      2275.56
    4276.223     0.999609         6037      2560.00
    4276.223     0.999658         6037      2925.71
    4374.527     0.999707         6038      3413.33
    4374.527     0.999756         6038      4096.00
    4374.527     0.999780         6038      4551.11
    4374.527     0.999805         6038      5120.00
    4374.527     0.999829         6038      5851.43
    4407.295     0.999854         6039      6826.67
    4407.295     1.000000         6039          inf
#[Mean    =     1033.715, StdDeviation   =      840.909]
#[Max     =     4403.200, Total count    =         6039]
#[Buckets =           27, SubBuckets     =         2048]
----------------------------------------------------------
  6040 requests in 10.00s, 2.09MB read
  Non-2xx or 3xx responses: 6040
Requests/sec:    603.95
Transfer/sec:    213.51KB
Running 10s test @ http://localhost:8080/wrk2-api/review/compose
  1 threads and 100 connections
  Thread Stats   Avg      Stdev     99%   +/- Stdev
    Latency     1.84s     1.21s    5.17s    66.83%
    Req/Sec       -nan      -nan   0.00      0.00%
  Latency Distribution (HdrHistogram - Recorded Latency)
 50.000%    1.57s 
 75.000%    2.61s 
 90.000%    3.63s 
 99.000%    5.17s 
 99.900%    5.99s 
 99.990%    6.32s 
 99.999%    6.38s 
100.000%    6.38s 

  Detailed Percentile spectrum:
       Value   Percentile   TotalCount 1/(1-Percentile)

       6.791     0.000000            1         1.00
     474.367     0.100000          565         1.11
     742.399     0.200000         1129         1.25
    1015.807     0.300000         1693         1.43
    1278.975     0.400000         2258         1.67
    1572.863     0.500000         2822         2.00
    1747.967     0.550000         3104         2.22
    1930.239     0.600000         3386         2.50
    2109.439     0.650000         3673         2.86
    2324.479     0.700000         3951         3.33
    2609.151     0.750000         4235         4.00
    2746.367     0.775000         4374         4.44
    2908.159     0.800000         4515         5.00
    3092.479     0.825000         4656         5.71
    3278.847     0.850000         4797         6.67
    3452.927     0.875000         4938         8.00
    3528.703     0.887500         5009         8.89
    3627.007     0.900000         5080        10.00
    3737.599     0.912500         5150        11.43
    3856.383     0.925000         5220        13.33
    3985.407     0.937500         5291        16.00
    4040.703     0.943750         5326        17.78
    4116.479     0.950000         5362        20.00
    4184.063     0.956250         5399        22.86
    4268.031     0.962500         5433        26.67
    4345.855     0.968750         5467        32.00
    4403.199     0.971875         5485        35.56
    4485.119     0.975000         5504        40.00
    4575.231     0.978125         5520        45.71
    4710.399     0.981250         5538        53.33
    4841.471     0.984375         5556        64.00
    4935.679     0.985938         5564        71.11
    5029.887     0.987500         5574        80.00
    5099.519     0.989062         5582        91.43
    5214.207     0.990625         5591       106.67
    5316.607     0.992188         5599       128.00
    5439.487     0.992969         5604       142.22
    5496.831     0.993750         5609       160.00
    5529.599     0.994531         5615       182.86
    5558.271     0.995313         5617       213.33
    5599.231     0.996094         5621       256.00
    5644.287     0.996484         5624       284.44
    5672.959     0.996875         5626       320.00
    5742.591     0.997266         5628       365.71
    5775.359     0.997656         5630       426.67
    5808.127     0.998047         5632       512.00
    5873.663     0.998242         5634       568.89
    5894.143     0.998437         5635       640.00
    5943.295     0.998633         5636       731.43
    5988.351     0.998828         5637       853.33
    6070.271     0.999023         5638      1024.00
    6074.367     0.999121         5639      1137.78
    6074.367     0.999219         5639      1280.00
    6131.711     0.999316         5640      1462.86
    6131.711     0.999414         5640      1706.67
    6197.247     0.999512         5641      2048.00
    6197.247     0.999561         5641      2275.56
    6197.247     0.999609         5641      2560.00
    6324.223     0.999658         5642      2925.71
    6324.223     0.999707         5642      3413.33
    6324.223     0.999756         5642      4096.00
    6324.223     0.999780         5642      4551.11
    6324.223     0.999805         5642      5120.00
    6377.471     0.999829         5643      5851.43
    6377.471     1.000000         5643          inf
#[Mean    =     1835.777, StdDeviation   =     1208.808]
#[Max     =     6373.376, Total count    =         5643]
#[Buckets =           27, SubBuckets     =         2048]
----------------------------------------------------------
  5644 requests in 10.00s, 1.95MB read
  Non-2xx or 3xx responses: 5644
Requests/sec:    564.47
Transfer/sec:    199.55KB
Running 10s test @ http://localhost:8080/wrk2-api/review/compose
  1 threads and 100 connections
  Thread Stats   Avg      Stdev     99%   +/- Stdev
    Latency     1.92s     1.26s    4.94s    61.35%
    Req/Sec       -nan      -nan   0.00      0.00%
  Latency Distribution (HdrHistogram - Recorded Latency)
 50.000%    1.76s 
 75.000%    2.85s 
 90.000%    3.70s 
 99.000%    4.94s 
 99.900%    5.82s 
 99.990%    5.97s 
 99.999%    6.00s 
100.000%    6.00s 

  Detailed Percentile spectrum:
       Value   Percentile   TotalCount 1/(1-Percentile)

      10.263     0.000000            1         1.00
     390.911     0.100000          615         1.11
     683.007     0.200000         1229         1.25
    1019.391     0.300000         1843         1.43
    1379.327     0.400000         2459         1.67
    1758.207     0.500000         3072         2.00
    1953.791     0.550000         3379         2.22
    2140.159     0.600000         3688         2.50
    2349.055     0.650000         3994         2.86
    2586.623     0.700000         4306         3.33
    2846.719     0.750000         4608         4.00
    2990.079     0.775000         4762         4.44
    3143.679     0.800000         4915         5.00
    3272.703     0.825000         5069         5.71
    3391.487     0.850000         5224         6.67
    3553.279     0.875000         5376         8.00
    3622.911     0.887500         5455         8.89
    3700.735     0.900000         5530        10.00
    3794.943     0.912500         5607        11.43
    3921.919     0.925000         5685        13.33
    4073.471     0.937500         5760        16.00
    4126.719     0.943750         5798        17.78
    4210.687     0.950000         5836        20.00
    4284.415     0.956250         5876        22.86
    4337.663     0.962500         5916        26.67
    4444.159     0.968750         5953        32.00
    4509.695     0.971875         5972        35.56
    4562.943     0.975000         5991        40.00
    4612.095     0.978125         6009        45.71
    4681.727     0.981250         6028        53.33
    4763.647     0.984375         6048        64.00
    4788.223     0.985938         6057        71.11
    4841.471     0.987500         6067        80.00
    4890.623     0.989062         6077        91.43
    4947.967     0.990625         6086       106.67
    5021.695     0.992188         6096       128.00
    5107.711     0.992969         6100       142.22
    5152.767     0.993750         6105       160.00
    5251.071     0.994531         6110       182.86
    5292.031     0.995313         6115       213.33
    5345.279     0.996094         6120       256.00
    5357.567     0.996484         6122       284.44
    5406.719     0.996875         6124       320.00
    5500.927     0.997266         6127       365.71
    5521.407     0.997656         6129       426.67
    5677.055     0.998047         6132       512.00
    5701.631     0.998242         6133       568.89
    5718.015     0.998437         6134       640.00
    5758.975     0.998633         6135       731.43
    5771.263     0.998828         6136       853.33
    5836.799     0.999023         6138      1024.00
    5836.799     0.999121         6138      1137.78
    5853.183     0.999219         6140      1280.00
    5853.183     0.999316         6140      1462.86
    5853.183     0.999414         6140      1706.67
    5951.487     0.999512         6141      2048.00
    5951.487     0.999561         6141      2275.56
    5951.487     0.999609         6141      2560.00
    5951.487     0.999658         6141      2925.71
    5967.871     0.999707         6142      3413.33
    5967.871     0.999756         6142      4096.00
    5967.871     0.999780         6142      4551.11
    5967.871     0.999805         6142      5120.00
    5967.871     0.999829         6142      5851.43
    6004.735     0.999854         6143      6826.67
    6004.735     1.000000         6143          inf
#[Mean    =     1924.713, StdDeviation   =     1258.672]
#[Max     =     6000.640, Total count    =         6143]
#[Buckets =           27, SubBuckets     =         2048]
----------------------------------------------------------
  6144 requests in 10.00s, 2.12MB read
  Non-2xx or 3xx responses: 6144
Requests/sec:    614.38
Transfer/sec:    217.19KB
Running 10s test @ http://localhost:8080/wrk2-api/review/compose
  1 threads and 100 connections
  Thread Stats   Avg      Stdev     99%   +/- Stdev
    Latency     1.99s     1.37s    5.28s    61.40%
    Req/Sec       -nan      -nan   0.00      0.00%
  Latency Distribution (HdrHistogram - Recorded Latency)
 50.000%    1.84s 
 75.000%    2.95s 
 90.000%    3.98s 
 99.000%    5.28s 
 99.900%    6.11s 
 99.990%    6.35s 
 99.999%    6.37s 
100.000%    6.37s 

  Detailed Percentile spectrum:
       Value   Percentile   TotalCount 1/(1-Percentile)

       5.543     0.000000            1         1.00
     321.791     0.100000          639         1.11
     608.255     0.200000         1273         1.25
     963.071     0.300000         1909         1.43
    1381.375     0.400000         2546         1.67
    1842.175     0.500000         3181         2.00
    2053.119     0.550000         3501         2.22
    2271.231     0.600000         3818         2.50
    2459.647     0.650000         4136         2.86
    2699.263     0.700000         4455         3.33
    2951.167     0.750000         4776         4.00
    3082.239     0.775000         4931         4.44
    3256.319     0.800000         5090         5.00
    3420.159     0.825000         5249         5.71
    3622.911     0.850000         5408         6.67
    3792.895     0.875000         5569         8.00
    3878.911     0.887500         5647         8.89
    3981.311     0.900000         5728        10.00
    4079.615     0.912500         5806        11.43
    4190.207     0.925000         5885        13.33
    4325.375     0.937500         5965        16.00
    4415.487     0.943750         6006        17.78
    4481.023     0.950000         6044        20.00
    4554.751     0.956250         6085        22.86
    4636.671     0.962500         6125        26.67
    4722.687     0.968750         6166        32.00
    4800.511     0.971875         6187        35.56
    4857.855     0.975000         6203        40.00
    4935.679     0.978125         6224        45.71
    4993.023     0.981250         6244        53.33
    5087.231     0.984375         6265        64.00
    5148.671     0.985938         6273        71.11
    5189.631     0.987500         6283        80.00
    5251.071     0.989062         6293        91.43
    5292.031     0.990625         6303       106.67
    5365.759     0.992188         6313       128.00
    5423.103     0.992969         6318       142.22
    5455.871     0.993750         6323       160.00
    5525.503     0.994531         6328       182.86
    5566.463     0.995313         6334       213.33
    5644.287     0.996094         6338       256.00
    5660.671     0.996484         6340       284.44
    5713.919     0.996875         6343       320.00
    5726.207     0.997266         6345       365.71
    5804.031     0.997656         6348       426.67
    5857.279     0.998047         6350       512.00
    5890.047     0.998242         6352       568.89
    5943.295     0.998437         6353       640.00
    6012.927     0.998633         6354       731.43
    6053.887     0.998828         6355       853.33
    6111.231     0.999023         6356      1024.00
    6139.903     0.999121         6357      1137.78
    6156.287     0.999219         6358      1280.00
    6156.287     0.999316         6358      1462.86
    6209.535     0.999414         6359      1706.67
    6209.535     0.999512         6359      2048.00
    6295.551     0.999561         6360      2275.56
    6295.551     0.999609         6360      2560.00
    6295.551     0.999658         6360      2925.71
    6348.799     0.999707         6361      3413.33
    6348.799     0.999756         6361      4096.00
    6348.799     0.999780         6361      4551.11
    6348.799     0.999805         6361      5120.00
    6348.799     0.999829         6361      5851.43
    6365.183     0.999854         6362      6826.67
    6365.183     1.000000         6362          inf
#[Mean    =     1988.170, StdDeviation   =     1370.727]
#[Max     =     6361.088, Total count    =         6362]
#[Buckets =           27, SubBuckets     =         2048]
----------------------------------------------------------
  6363 requests in 10.00s, 2.20MB read
  Non-2xx or 3xx responses: 6363
Requests/sec:    636.23
Transfer/sec:    224.92KB
Running 10s test @ http://localhost:8080/wrk2-api/review/compose
  1 threads and 100 connections
  Thread Stats   Avg      Stdev     99%   +/- Stdev
    Latency     2.27s     1.46s    5.56s    61.51%
    Req/Sec       -nan      -nan   0.00      0.00%
  Latency Distribution (HdrHistogram - Recorded Latency)
 50.000%    2.10s 
 75.000%    3.33s 
 90.000%    4.37s 
 99.000%    5.56s 
 99.900%    6.25s 
 99.990%    6.68s 
 99.999%    6.68s 
100.000%    6.68s 

  Detailed Percentile spectrum:
       Value   Percentile   TotalCount 1/(1-Percentile)

       6.523     0.000000            1         1.00
     434.431     0.100000          627         1.11
     837.119     0.200000         1253         1.25
    1245.183     0.300000         1880         1.43
    1643.519     0.400000         2504         1.67
    2097.151     0.500000         3130         2.00
    2332.671     0.550000         3445         2.22
    2580.479     0.600000         3757         2.50
    2815.999     0.650000         4068         2.86
    3092.479     0.700000         4384         3.33
    3334.143     0.750000         4694         4.00
    3481.599     0.775000         4855         4.44
    3657.727     0.800000         5010         5.00
    3837.951     0.825000         5164         5.71
    4007.935     0.850000         5320         6.67
    4182.015     0.875000         5477         8.00
    4272.127     0.887500         5555         8.89
    4374.527     0.900000         5636        10.00
    4489.215     0.912500         5713        11.43
    4607.999     0.925000         5790        13.33
    4730.879     0.937500         5869        16.00
    4796.415     0.943750         5907        17.78
    4853.759     0.950000         5947        20.00
    4915.199     0.956250         5986        22.86
    4984.831     0.962500         6024        26.67
    5046.271     0.968750         6063        32.00
    5107.711     0.971875         6082        35.56
    5177.343     0.975000         6103        40.00
    5238.783     0.978125         6123        45.71
    5337.087     0.981250         6142        53.33
    5394.431     0.984375         6161        64.00
    5427.199     0.985938         6170        71.11
    5459.967     0.987500         6180        80.00
    5533.695     0.989062         6190        91.43
    5595.135     0.990625         6200       106.67
    5681.151     0.992188         6210       128.00
    5697.535     0.992969         6214       142.22
    5771.263     0.993750         6219       160.00
    5816.319     0.994531         6225       182.86
    5836.799     0.995313         6230       213.33
    5869.567     0.996094         6234       256.00
    5877.759     0.996484         6236       284.44
    5943.295     0.996875         6239       320.00
    6004.735     0.997266         6241       365.71
    6021.119     0.997656         6244       426.67
    6041.599     0.998047         6246       512.00
    6045.695     0.998242         6247       568.89
    6107.135     0.998437         6249       640.00
    6139.903     0.998633         6250       731.43
    6217.727     0.998828         6251       853.33
    6250.495     0.999023         6252      1024.00
    6307.839     0.999121         6253      1137.78
    6352.895     0.999219         6254      1280.00
    6352.895     0.999316         6254      1462.86
    6574.079     0.999414         6255      1706.67
    6574.079     0.999512         6255      2048.00
    6619.135     0.999561         6256      2275.56
    6619.135     0.999609         6256      2560.00
    6619.135     0.999658         6256      2925.71
    6676.479     0.999707         6257      3413.33
    6676.479     0.999756         6257      4096.00
    6676.479     0.999780         6257      4551.11
    6676.479     0.999805         6257      5120.00
    6676.479     0.999829         6257      5851.43
    6680.575     0.999854         6258      6826.67
    6680.575     1.000000         6258          inf
#[Mean    =     2267.520, StdDeviation   =     1455.254]
#[Max     =     6676.480, Total count    =         6258]
#[Buckets =           27, SubBuckets     =         2048]
----------------------------------------------------------
  6259 requests in 10.00s, 2.16MB read
  Non-2xx or 3xx responses: 6259
Requests/sec:    625.81
Transfer/sec:    221.23KB
Running 10s test @ http://localhost:8080/wrk2-api/review/compose
  1 threads and 100 connections
  Thread Stats   Avg      Stdev     99%   +/- Stdev
    Latency     2.49s     1.61s    6.36s    62.06%
    Req/Sec       -nan      -nan   0.00      0.00%
  Latency Distribution (HdrHistogram - Recorded Latency)
 50.000%    2.25s 
 75.000%    3.65s 
 90.000%    4.79s 
 99.000%    6.36s 
 99.900%    7.00s 
 99.990%    7.24s 
 99.999%    7.45s 
100.000%    7.45s 

  Detailed Percentile spectrum:
       Value   Percentile   TotalCount 1/(1-Percentile)

      10.975     0.000000            1         1.00
     509.439     0.100000          600         1.11
     909.311     0.200000         1198         1.25
    1340.415     0.300000         1797         1.43
    1800.191     0.400000         2398         1.67
    2252.799     0.500000         2995         2.00
    2527.231     0.550000         3294         2.22
    2787.327     0.600000         3595         2.50
    3071.999     0.650000         3893         2.86
    3346.431     0.700000         4195         3.33
    3651.583     0.750000         4494         4.00
    3837.951     0.775000         4642         4.44
    4009.983     0.800000         4792         5.00
    4188.159     0.825000         4942         5.71
    4370.431     0.850000         5091         6.67
    4567.039     0.875000         5241         8.00
    4689.919     0.887500         5320         8.89
    4792.319     0.900000         5392        10.00
    4935.679     0.912500         5465        11.43
    5058.559     0.925000         5544        13.33
    5214.207     0.937500         5616        16.00
    5328.895     0.943750         5655        17.78
    5427.199     0.950000         5691        20.00
    5517.311     0.956250         5728        22.86
    5595.135     0.962500         5766        26.67
    5689.343     0.968750         5803        32.00
    5763.071     0.971875         5821        35.56
    5836.799     0.975000         5841        40.00
    5902.335     0.978125         5858        45.71
    6012.927     0.981250         5878        53.33
    6143.999     0.984375         5896        64.00
    6209.535     0.985938         5907        71.11
    6262.783     0.987500         5915        80.00
    6344.703     0.989062         5926        91.43
    6381.567     0.990625         5934       106.67
    6447.103     0.992188         5943       128.00
    6512.639     0.992969         5947       142.22
    6557.695     0.993750         5952       160.00
    6594.559     0.994531         5957       182.86
    6680.575     0.995313         5961       213.33
    6721.535     0.996094         5966       256.00
    6737.919     0.996484         5968       284.44
    6770.687     0.996875         5971       320.00
    6774.783     0.997266         5973       365.71
    6828.031     0.997656         5975       426.67
    6848.511     0.998047         5978       512.00
    6901.759     0.998242         5979       568.89
    6922.239     0.998437         5981       640.00
    6922.239     0.998633         5981       731.43
    6971.391     0.998828         5982       853.33
    7159.807     0.999023         5984      1024.00
    7159.807     0.999121         5984      1137.78
    7172.095     0.999219         5985      1280.00
    7172.095     0.999316         5985      1462.86
    7204.863     0.999414         5986      1706.67
    7217.151     0.999512         5987      2048.00
    7217.151     0.999561         5987      2275.56
    7217.151     0.999609         5987      2560.00
    7217.151     0.999658         5987      2925.71
    7237.631     0.999707         5988      3413.33
    7237.631     0.999756         5988      4096.00
    7237.631     0.999780         5988      4551.11
    7237.631     0.999805         5988      5120.00
    7237.631     0.999829         5988      5851.43
    7454.719     0.999854         5989      6826.67
    7454.719     1.000000         5989          inf
#[Mean    =     2487.696, StdDeviation   =     1610.160]
#[Max     =     7450.624, Total count    =         5989]
#[Buckets =           27, SubBuckets     =         2048]
----------------------------------------------------------
  5990 requests in 10.00s, 2.07MB read
  Non-2xx or 3xx responses: 5990
Requests/sec:    599.06
Transfer/sec:    211.78KB
Running 10s test @ http://localhost:8080/wrk2-api/review/compose
  1 threads and 100 connections
  Thread Stats   Avg      Stdev     99%   +/- Stdev
    Latency     2.90s     1.81s    7.22s    62.42%
    Req/Sec       -nan      -nan   0.00      0.00%
  Latency Distribution (HdrHistogram - Recorded Latency)
 50.000%    2.68s 
 75.000%    4.27s 
 90.000%    5.46s 
 99.000%    7.22s 
 99.900%    8.06s 
 99.990%    8.27s 
 99.999%    8.30s 
100.000%    8.30s 

  Detailed Percentile spectrum:
       Value   Percentile   TotalCount 1/(1-Percentile)

       5.895     0.000000            1         1.00
     646.655     0.100000          526         1.11
    1142.783     0.200000         1052         1.25
    1625.087     0.300000         1577         1.43
    2142.207     0.400000         2102         1.67
    2678.783     0.500000         2628         2.00
    3000.319     0.550000         2893         2.22
    3260.415     0.600000         3155         2.50
    3561.471     0.650000         3417         2.86
    3907.583     0.700000         3680         3.33
    4272.127     0.750000         3944         4.00
    4435.967     0.775000         4076         4.44
    4620.287     0.800000         4205         5.00
    4804.607     0.825000         4336         5.71
    4988.927     0.850000         4469         6.67
    5214.207     0.875000         4600         8.00
    5328.895     0.887500         4664         8.89
    5464.063     0.900000         4731        10.00
    5595.135     0.912500         4796        11.43
    5746.687     0.925000         4862        13.33
    5902.335     0.937500         4929        16.00
    5996.543     0.943750         4961        17.78
    6098.943     0.950000         4994        20.00
    6209.535     0.956250         5028        22.86
    6303.743     0.962500         5059        26.67
    6451.199     0.968750         5091        32.00
    6549.503     0.971875         5108        35.56
    6631.423     0.975000         5124        40.00
    6729.727     0.978125         5141        45.71
    6815.743     0.981250         5158        53.33
    6934.527     0.984375         5174        64.00
    7004.159     0.985938         5182        71.11
    7094.271     0.987500         5190        80.00
    7176.191     0.989062         5198        91.43
    7266.303     0.990625         5206       106.67
    7319.551     0.992188         5214       128.00
    7385.087     0.992969         5219       142.22
    7454.719     0.993750         5223       160.00
    7507.967     0.994531         5227       182.86
    7573.503     0.995313         5231       213.33
    7626.751     0.996094         5235       256.00
    7712.767     0.996484         5237       284.44
    7733.247     0.996875         5240       320.00
    7757.823     0.997266         5241       365.71
    7774.207     0.997656         5243       426.67
    7872.511     0.998047         5245       512.00
    7880.703     0.998242         5246       568.89
    7884.799     0.998437         5247       640.00
    7979.007     0.998633         5248       731.43
    8019.967     0.998828         5249       853.33
    8056.831     0.999023         5250      1024.00
    8065.023     0.999121         5251      1137.78
    8065.023     0.999219         5251      1280.00
    8073.215     0.999316         5252      1462.86
    8073.215     0.999414         5252      1706.67
    8114.175     0.999512         5253      2048.00
    8114.175     0.999561         5253      2275.56
    8114.175     0.999609         5253      2560.00
    8269.823     0.999658         5254      2925.71
    8269.823     0.999707         5254      3413.33
    8269.823     0.999756         5254      4096.00
    8269.823     0.999780         5254      4551.11
    8269.823     0.999805         5254      5120.00
    8302.591     0.999829         5255      5851.43
    8302.591     1.000000         5255          inf
#[Mean    =     2899.661, StdDeviation   =     1810.826]
#[Max     =     8298.496, Total count    =         5255]
#[Buckets =           27, SubBuckets     =         2048]
----------------------------------------------------------
  5256 requests in 10.00s, 1.81MB read
  Non-2xx or 3xx responses: 5256
Requests/sec:    525.62
Transfer/sec:    185.81KB
Running 10s test @ http://localhost:8080/wrk2-api/review/compose
  1 threads and 100 connections
  Thread Stats   Avg      Stdev     99%   +/- Stdev
    Latency     3.10s     2.03s    8.04s    63.22%
    Req/Sec       -nan      -nan   0.00      0.00%
  Latency Distribution (HdrHistogram - Recorded Latency)
 50.000%    2.82s 
 75.000%    4.55s 
 90.000%    6.04s 
 99.000%    8.04s 
 99.900%    8.77s 
 99.990%    8.83s 
 99.999%    9.02s 
100.000%    9.02s 

  Detailed Percentile spectrum:
       Value   Percentile   TotalCount 1/(1-Percentile)

       7.987     0.000000            1         1.00
     593.919     0.100000          501         1.11
    1204.223     0.200000         1002         1.25
    1751.039     0.300000         1503         1.43
    2242.559     0.400000         2002         1.67
    2824.191     0.500000         2503         2.00
    3098.623     0.550000         2753         2.22
    3395.583     0.600000         3003         2.50
    3725.311     0.650000         3258         2.86
    4065.279     0.700000         3504         3.33
    4546.559     0.750000         3755         4.00
    4784.127     0.775000         3880         4.44
    4997.119     0.800000         4005         5.00
    5246.975     0.825000         4130         5.71
    5492.735     0.850000         4255         6.67
    5738.495     0.875000         4383         8.00
    5865.471     0.887500         4443         8.89
    6037.503     0.900000         4505        10.00
    6205.439     0.912500         4569        11.43
    6369.279     0.925000         4630        13.33
    6590.463     0.937500         4693        16.00
    6721.535     0.943750         4724        17.78
    6844.415     0.950000         4757        20.00
    6987.775     0.956250         4787        22.86
    7147.519     0.962500         4818        26.67
    7282.687     0.968750         4849        32.00
    7360.511     0.971875         4865        35.56
    7434.239     0.975000         4880        40.00
    7553.023     0.978125         4896        45.71
    7667.711     0.981250         4913        53.33
    7778.303     0.984375         4928        64.00
    7839.743     0.985938         4935        71.11
    7913.471     0.987500         4943        80.00
    7970.815     0.989062         4951        91.43
    8085.503     0.990625         4959       106.67
    8151.039     0.992188         4966       128.00
    8175.615     0.992969         4970       142.22
    8220.671     0.993750         4974       160.00
    8282.111     0.994531         4978       182.86
    8364.031     0.995313         4982       213.33
    8429.567     0.996094         4987       256.00
    8437.759     0.996484         4989       284.44
    8486.911     0.996875         4990       320.00
    8519.679     0.997266         4992       365.71
    8593.407     0.997656         4994       426.67
    8683.519     0.998047         4997       512.00
    8683.519     0.998242         4997       568.89
    8691.711     0.998437         4998       640.00
    8749.055     0.998633         4999       731.43
    8765.439     0.998828         5000       853.33
    8773.631     0.999023         5002      1024.00
    8773.631     0.999121         5002      1137.78
    8773.631     0.999219         5002      1280.00
    8773.631     0.999316         5002      1462.86
    8822.783     0.999414         5003      1706.67
    8822.783     0.999512         5003      2048.00
    8822.783     0.999561         5003      2275.56
    8830.975     0.999609         5004      2560.00
    8830.975     0.999658         5004      2925.71
    8830.975     0.999707         5004      3413.33
    8830.975     0.999756         5004      4096.00
    8830.975     0.999780         5004      4551.11
    9019.391     0.999805         5005      5120.00
    9019.391     1.000000         5005          inf
#[Mean    =     3101.623, StdDeviation   =     2025.569]
#[Max     =     9011.200, Total count    =         5005]
#[Buckets =           27, SubBuckets     =         2048]
----------------------------------------------------------
  5006 requests in 10.00s, 1.73MB read
  Non-2xx or 3xx responses: 5006
Requests/sec:    500.53
Transfer/sec:    176.94KB
