Running 5s test @ http://127.0.0.1:8080
  1 threads and 50 connections
  Thread Stats   Avg      Stdev     99%   +/- Stdev
    Latency   186.90us   51.15us 328.00us   87.10%
    Req/Sec       -nan      -nan   0.00      0.00%
  Latency Distribution (HdrHistogram - Recorded Latency)
 50.000%  172.00us
 75.000%  204.00us
 90.000%  245.00us
 99.000%  328.00us
 99.900%  590.00us
 99.990%    1.21ms
 99.999%    1.21ms
100.000%    1.21ms

  Detailed Percentile spectrum:
       Value   Percentile   TotalCount 1/(1-Percentile)

       0.126     0.000000            1         1.00
       0.149     0.100000          265         1.11
       0.155     0.200000          542         1.25
       0.158     0.300000          762         1.43
       0.165     0.400000          985         1.67
       0.172     0.500000         1230         2.00
       0.176     0.550000         1353         2.22
       0.181     0.600000         1500         2.50
       0.186     0.650000         1604         2.86
       0.194     0.700000         1723         3.33
       0.204     0.750000         1842         4.00
       0.209     0.775000         1900         4.44
       0.216     0.800000         1963         5.00
       0.226     0.825000         2024         5.71
       0.233     0.850000         2095         6.67
       0.239     0.875000         2149         8.00
       0.242     0.887500         2179         8.89
       0.245     0.900000         2208        10.00
       0.250     0.912500         2238        11.43
       0.255     0.925000         2271        13.33
       0.263     0.937500         2301        16.00
       0.267     0.943750         2314        17.78
       0.271     0.950000         2328        20.00
       0.276     0.956250         2343        22.86
       0.280     0.962500         2360        26.67
       0.285     0.968750         2379        32.00
       0.286     0.971875         2382        35.56
       0.291     0.975000         2389        40.00
       0.296     0.978125         2397        45.71
       0.303     0.981250         2406        53.33
       0.312     0.984375         2412        64.00
       0.316     0.985938         2417        71.11
       0.323     0.987500         2420        80.00
       0.327     0.989062         2425        91.43
       0.330     0.990625         2428       106.67
       0.336     0.992188         2432       128.00
       0.342     0.992969         2433       142.22
       0.347     0.993750         2435       160.00
       0.355     0.994531         2437       182.86
       0.356     0.995313         2439       213.33
       0.367     0.996094         2441       256.00
       0.368     0.996484         2442       284.44
       0.369     0.996875         2443       320.00
       0.370     0.997266         2444       365.71
       0.384     0.997656         2445       426.67
       0.393     0.998047         2446       512.00
       0.393     0.998242         2446       568.89
       0.536     0.998437         2447       640.00
       0.536     0.998633         2447       731.43
       0.590     0.998828         2448       853.33
       0.590     0.999023         2448      1024.00
       0.590     0.999121         2448      1137.78
       1.181     0.999219         2449      1280.00
       1.181     0.999316         2449      1462.86
       1.181     0.999414         2449      1706.67
       1.181     0.999512         2449      2048.00
       1.181     0.999561         2449      2275.56
       1.205     0.999609         2450      2560.00
       1.205     1.000000         2450          inf
#[Mean    =        0.187, StdDeviation   =        0.051]
#[Max     =        1.205, Total count    =         2450]
#[Buckets =           27, SubBuckets     =         2048]
----------------------------------------------------------
  2451 requests in 5.01s, 2.09MB read
Requests/sec:    489.65
Transfer/sec:    428.44KB
Running 5s test @ http://127.0.0.1:8080
  1 threads and 50 connections
  Thread Stats   Avg      Stdev     99%   +/- Stdev
    Latency   694.94us  222.33us   1.22ms   70.07%
    Req/Sec       -nan      -nan   0.00      0.00%
  Latency Distribution (HdrHistogram - Recorded Latency)
 50.000%  673.00us
 75.000%  829.00us
 90.000%    0.99ms
 99.000%    1.22ms
 99.900%    1.94ms
 99.990%    3.96ms
 99.999%    7.33ms
100.000%    7.33ms

  Detailed Percentile spectrum:
       Value   Percentile   TotalCount 1/(1-Percentile)

       0.152     0.000000            1         1.00
       0.437     0.100000         5016         1.11
       0.508     0.200000         9954         1.25
       0.566     0.300000        14910         1.43
       0.619     0.400000        19904         1.67
       0.673     0.500000        24894         2.00
       0.702     0.550000        27410         2.22
       0.729     0.600000        29852         2.50
       0.760     0.650000        32330         2.86
       0.794     0.700000        34828         3.33
       0.829     0.750000        37260         4.00
       0.850     0.775000        38530         4.44
       0.871     0.800000        39772         5.00
       0.896     0.825000        41001         5.71
       0.924     0.850000        42258         6.67
       0.953     0.875000        43505         8.00
       0.968     0.887500        44126         8.89
       0.985     0.900000        44734        10.00
       1.002     0.912500        45328        11.43
       1.023     0.925000        45959        13.33
       1.046     0.937500        46574        16.00
       1.058     0.943750        46879        17.78
       1.071     0.950000        47206        20.00
       1.084     0.956250        47500        22.86
       1.100     0.962500        47804        26.67
       1.118     0.968750        48115        32.00
       1.128     0.971875        48280        35.56
       1.139     0.975000        48440        40.00
       1.150     0.978125        48589        45.71
       1.165     0.981250        48736        53.33
       1.182     0.984375        48899        64.00
       1.189     0.985938        48968        71.11
       1.200     0.987500        49049        80.00
       1.214     0.989062        49126        91.43
       1.229     0.990625        49206       106.67
       1.247     0.992188        49279       128.00
       1.263     0.992969        49318       142.22
       1.279     0.993750        49356       160.00
       1.304     0.994531        49396       182.86
       1.328     0.995313        49435       213.33
       1.357     0.996094        49475       256.00
       1.376     0.996484        49492       284.44
       1.398     0.996875        49511       320.00
       1.433     0.997266        49531       365.71
       1.482     0.997656        49550       426.67
       1.510     0.998047        49570       512.00
       1.549     0.998242        49579       568.89
       1.587     0.998437        49589       640.00
       1.610     0.998633        49600       731.43
       1.717     0.998828        49608       853.33
       1.946     0.999023        49618      1024.00
       1.980     0.999121        49623      1137.78
       2.021     0.999219        49628      1280.00
       2.077     0.999316        49633      1462.86
       2.189     0.999414        49637      1706.67
       2.227     0.999512        49643      2048.00
       2.257     0.999561        49645      2275.56
       2.269     0.999609        49647      2560.00
       2.301     0.999658        49650      2925.71
       2.313     0.999707        49652      3413.33
       2.373     0.999756        49654      4096.00
       2.419     0.999780        49656      4551.11
       2.423     0.999805        49657      5120.00
       2.443     0.999829        49658      5851.43
       2.893     0.999854        49659      6826.67
       3.221     0.999878        49660      8192.00
       3.963     0.999890        49661      9102.22
       4.335     0.999902        49662     10240.00
       4.335     0.999915        49662     11702.86
       4.351     0.999927        49663     13653.33
       4.351     0.999939        49663     16384.00
       6.623     0.999945        49664     18204.44
       6.623     0.999951        49664     20480.00
       6.623     0.999957        49664     23405.71
       6.643     0.999963        49665     27306.67
       6.643     0.999969        49665     32768.00
       6.643     0.999973        49665     36408.89
       6.643     0.999976        49665     40960.00
       6.643     0.999979        49665     46811.43
       7.331     0.999982        49666     54613.33
       7.331     1.000000        49666          inf
#[Mean    =        0.695, StdDeviation   =        0.222]
#[Max     =        7.328, Total count    =        49666]
#[Buckets =           27, SubBuckets     =         2048]
----------------------------------------------------------
  49686 requests in 5.00s, 42.46MB read
Requests/sec:   9936.54
Transfer/sec:      8.49MB
Running 5s test @ http://127.0.0.1:8080
  1 threads and 50 connections
  Thread Stats   Avg      Stdev     99%   +/- Stdev
    Latency     0.97ms  395.94us   1.97ms   75.94%
    Req/Sec       -nan      -nan   0.00      0.00%
  Latency Distribution (HdrHistogram - Recorded Latency)
 50.000%    0.90ms
 75.000%    1.20ms
 90.000%    1.42ms
 99.000%    1.97ms
 99.900%    4.60ms
 99.990%    5.62ms
 99.999%    5.93ms
100.000%    6.53ms

  Detailed Percentile spectrum:
       Value   Percentile   TotalCount 1/(1-Percentile)

       0.172     0.000000            1         1.00
       0.560     0.100000         7482         1.11
       0.650     0.200000        14944         1.25
       0.725     0.300000        22449         1.43
       0.804     0.400000        29865         1.67
       0.904     0.500000        37307         2.00
       0.960     0.550000        41017         2.22
       1.019     0.600000        44777         2.50
       1.079     0.650000        48488         2.86
       1.140     0.700000        52196         3.33
       1.202     0.750000        55966         4.00
       1.231     0.775000        57768         4.44
       1.263     0.800000        59664         5.00
       1.297     0.825000        61551         5.71
       1.332     0.850000        63373         6.67
       1.376     0.875000        65251         8.00
       1.399     0.887500        66171         8.89
       1.423     0.900000        67093        10.00
       1.454     0.912500        68029        11.43
       1.486     0.925000        68964        13.33
       1.523     0.937500        69899        16.00
       1.541     0.943750        70358        17.78
       1.562     0.950000        70816        20.00
       1.588     0.956250        71280        22.86
       1.621     0.962500        71740        26.67
       1.663     0.968750        72219        32.00
       1.686     0.971875        72441        35.56
       1.711     0.975000        72678        40.00
       1.741     0.978125        72906        45.71
       1.781     0.981250        73139        53.33
       1.827     0.984375        73373        64.00
       1.856     0.985938        73487        71.11
       1.893     0.987500        73603        80.00
       1.939     0.989062        73719        91.43
       1.997     0.990625        73838       106.67
       2.046     0.992188        73953       128.00
       2.093     0.992969        74013       142.22
       2.153     0.993750        74070       160.00
       2.235     0.994531        74127       182.86
       2.439     0.995313        74185       213.33
       2.917     0.996094        74245       256.00
       3.105     0.996484        74273       284.44
       3.323     0.996875        74302       320.00
       3.565     0.997266        74332       365.71
       3.719     0.997656        74360       426.67
       3.885     0.998047        74389       512.00
       4.045     0.998242        74403       568.89
       4.139     0.998437        74419       640.00
       4.343     0.998633        74433       731.43
       4.491     0.998828        74447       853.33
       4.615     0.999023        74462      1024.00
       4.683     0.999121        74470      1137.78
       4.743     0.999219        74476      1280.00
       4.827     0.999316        74484      1462.86
       4.923     0.999414        74491      1706.67
       5.007     0.999512        74498      2048.00
       5.063     0.999561        74502      2275.56
       5.155     0.999609        74505      2560.00
       5.183     0.999658        74509      2925.71
       5.287     0.999707        74513      3413.33
       5.355     0.999756        74516      4096.00
       5.387     0.999780        74518      4551.11
       5.407     0.999805        74520      5120.00
       5.427     0.999829        74523      5851.43
       5.483     0.999854        74524      6826.67
       5.527     0.999878        74526      8192.00
       5.527     0.999890        74526      9102.22
       5.619     0.999902        74527     10240.00
       5.691     0.999915        74528     11702.86
       5.747     0.999927        74529     13653.33
       5.887     0.999939        74530     16384.00
       5.887     0.999945        74530     18204.44
       5.895     0.999951        74531     20480.00
       5.895     0.999957        74531     23405.71
       5.935     0.999963        74533     27306.67
       5.935     0.999969        74533     32768.00
       5.935     0.999973        74533     36408.89
       5.935     0.999976        74533     40960.00
       5.935     0.999979        74533     46811.43
       5.935     0.999982        74533     54613.33
       5.935     0.999985        74533     65536.00
       5.935     0.999986        74533     72817.78
       6.535     0.999988        74534     81920.00
       6.535     1.000000        74534          inf
#[Mean    =        0.967, StdDeviation   =        0.396]
#[Max     =        6.532, Total count    =        74534]
#[Buckets =           27, SubBuckets     =         2048]
----------------------------------------------------------
  74554 requests in 5.00s, 63.71MB read
Requests/sec:  14904.21
Transfer/sec:     12.74MB
Running 5s test @ http://127.0.0.1:8080
  1 threads and 50 connections
  Thread Stats   Avg      Stdev     99%   +/- Stdev
    Latency     1.27ms  581.61us   3.55ms   81.52%
    Req/Sec       -nan      -nan   0.00      0.00%
  Latency Distribution (HdrHistogram - Recorded Latency)
 50.000%    1.12ms
 75.000%    1.51ms
 90.000%    1.94ms
 99.000%    3.55ms
 99.900%    4.90ms
 99.990%    5.66ms
 99.999%    6.47ms
100.000%    7.75ms

  Detailed Percentile spectrum:
       Value   Percentile   TotalCount 1/(1-Percentile)

       0.229     0.000000            1         1.00
       0.733     0.100000         9943         1.11
       0.830     0.200000        19953         1.25
       0.915     0.300000        29901         1.43
       1.010     0.400000        39835         1.67
       1.121     0.500000        49705         2.00
       1.189     0.550000        54711         2.22
       1.264     0.600000        59619         2.50
       1.345     0.650000        64631         2.86
       1.425     0.700000        69561         3.33
       1.513     0.750000        74578         4.00
       1.558     0.775000        77043         4.44
       1.610     0.800000        79496         5.00
       1.671     0.825000        81985         5.71
       1.742     0.850000        84485         6.67
       1.833     0.875000        86952         8.00
       1.885     0.887500        88191         8.89
       1.943     0.900000        89430        10.00
       2.016     0.912500        90687        11.43
       2.097     0.925000        91917        13.33
       2.197     0.937500        93156        16.00
       2.265     0.943750        93787        17.78
       2.327     0.950000        94393        20.00
       2.395     0.956250        95017        22.86
       2.479     0.962500        95633        26.67
       2.605     0.968750        96257        32.00
       2.671     0.971875        96564        35.56
       2.779     0.975000        96875        40.00
       2.893     0.978125        97187        45.71
       3.025     0.981250        97505        53.33
       3.149     0.984375        97812        64.00
       3.241     0.985938        97963        71.11
       3.369     0.987500        98119        80.00
       3.475     0.989062        98273        91.43
       3.585     0.990625        98428       106.67
       3.717     0.992188        98583       128.00
       3.815     0.992969        98661       142.22
       3.877     0.993750        98739       160.00
       3.961     0.994531        98815       182.86
       4.051     0.995313        98893       213.33
       4.183     0.996094        98970       256.00
       4.231     0.996484        99009       284.44
       4.323     0.996875        99048       320.00
       4.419     0.997266        99091       365.71
       4.495     0.997656        99126       426.67
       4.587     0.998047        99164       512.00
       4.663     0.998242        99184       568.89
       4.707     0.998437        99205       640.00
       4.739     0.998633        99223       731.43
       4.795     0.998828        99242       853.33
       4.923     0.999023        99262      1024.00
       4.979     0.999121        99271      1137.78
       5.039     0.999219        99282      1280.00
       5.083     0.999316        99291      1462.86
       5.191     0.999414        99301      1706.67
       5.271     0.999512        99310      2048.00
       5.331     0.999561        99316      2275.56
       5.339     0.999609        99320      2560.00
       5.355     0.999658        99325      2925.71
       5.371     0.999707        99329      3413.33
       5.407     0.999756        99336      4096.00
       5.419     0.999780        99337      4551.11
       5.435     0.999805        99340      5120.00
       5.455     0.999829        99342      5851.43
       5.543     0.999854        99344      6826.67
       5.563     0.999878        99346      8192.00
       5.655     0.999890        99348      9102.22
       5.735     0.999902        99349     10240.00
       5.815     0.999915        99350     11702.86
       5.831     0.999927        99351     13653.33
       5.863     0.999939        99353     16384.00
       5.863     0.999945        99353     18204.44
       5.959     0.999951        99354     20480.00
       5.959     0.999957        99354     23405.71
       6.407     0.999963        99355     27306.67
       6.407     0.999969        99355     32768.00
       6.435     0.999973        99356     36408.89
       6.435     0.999976        99356     40960.00
       6.435     0.999979        99356     46811.43
       6.475     0.999982        99357     54613.33
       6.475     0.999985        99357     65536.00
       6.475     0.999986        99357     72817.78
       6.475     0.999988        99357     81920.00
       6.475     0.999989        99357     93622.86
       7.751     0.999991        99358    109226.67
       7.751     1.000000        99358          inf
#[Mean    =        1.269, StdDeviation   =        0.582]
#[Max     =        7.748, Total count    =        99358]
#[Buckets =           27, SubBuckets     =         2048]
----------------------------------------------------------
  99360 requests in 5.00s, 84.90MB read
Requests/sec:  19869.97
Transfer/sec:     16.98MB
Running 5s test @ http://127.0.0.1:8080
  1 threads and 50 connections
  Thread Stats   Avg      Stdev     99%   +/- Stdev
    Latency     2.40ms    1.06ms   5.97ms   75.65%
    Req/Sec       -nan      -nan   0.00      0.00%
  Latency Distribution (HdrHistogram - Recorded Latency)
 50.000%    2.14ms
 75.000%    2.94ms
 90.000%    3.75ms
 99.000%    5.97ms
 99.900%    8.39ms
 99.990%    9.77ms
 99.999%   11.12ms
100.000%   11.18ms

  Detailed Percentile spectrum:
       Value   Percentile   TotalCount 1/(1-Percentile)

       0.223     0.000000            1         1.00
       1.356     0.100000        12422         1.11
       1.602     0.200000        24849         1.25
       1.776     0.300000        37278         1.43
       1.943     0.400000        49707         1.67
       2.145     0.500000        62133         2.00
       2.249     0.550000        68293         2.22
       2.369     0.600000        74514         2.50
       2.525     0.650000        80714         2.86
       2.719     0.700000        86918         3.33
       2.939     0.750000        93148         4.00
       3.057     0.775000        96205         4.44
       3.173     0.800000        99340         5.00
       3.297     0.825000       102423         5.71
       3.439     0.850000       105543         6.67
       3.587     0.875000       108624         8.00
       3.665     0.887500       110182         8.89
       3.749     0.900000       111745        10.00
       3.851     0.912500       113279        11.43
       3.973     0.925000       114832        13.33
       4.135     0.937500       116406        16.00
       4.231     0.943750       117158        17.78
       4.355     0.950000       117933        20.00
       4.503     0.956250       118718        22.86
       4.651     0.962500       119505        26.67
       4.839     0.968750       120257        32.00
       4.959     0.971875       120652        35.56
       5.083     0.975000       121035        40.00
       5.227     0.978125       121424        45.71
       5.343     0.981250       121808        53.33
       5.547     0.984375       122196        64.00
       5.663     0.985938       122394        71.11
       5.775     0.987500       122590        80.00
       5.895     0.989062       122779        91.43
       6.023     0.990625       122972       106.67
       6.175     0.992188       123167       128.00
       6.295     0.992969       123267       142.22
       6.427     0.993750       123362       160.00
       6.603     0.994531       123457       182.86
       6.747     0.995313       123556       213.33
       6.863     0.996094       123651       256.00
       6.955     0.996484       123699       284.44
       7.143     0.996875       123748       320.00
       7.463     0.997266       123797       365.71
       7.691     0.997656       123845       426.67
       7.851     0.998047       123893       512.00
       7.923     0.998242       123917       568.89
       8.083     0.998437       123942       640.00
       8.199     0.998633       123969       731.43
       8.303     0.998828       123991       853.33
       8.407     0.999023       124018      1024.00
       8.439     0.999121       124026      1137.78
       8.503     0.999219       124045      1280.00
       8.511     0.999316       124055      1462.86
       8.543     0.999414       124063      1706.67
       8.647     0.999512       124076      2048.00
       8.703     0.999561       124084      2275.56
       8.727     0.999609       124087      2560.00
       8.767     0.999658       124093      2925.71
       8.903     0.999707       124100      3413.33
       8.935     0.999756       124106      4096.00
       8.967     0.999780       124108      4551.11
       9.159     0.999805       124111      5120.00
       9.503     0.999829       124114      5851.43
       9.751     0.999854       124118      6826.67
       9.759     0.999878       124121      8192.00
       9.767     0.999890       124124      9102.22
       9.767     0.999902       124124     10240.00
       9.783     0.999915       124125     11702.86
       9.791     0.999927       124126     13653.33
       9.847     0.999939       124128     16384.00
      11.031     0.999945       124129     18204.44
      11.031     0.999951       124129     20480.00
      11.111     0.999957       124131     23405.71
      11.111     0.999963       124131     27306.67
      11.119     0.999969       124134     32768.00
      11.119     0.999973       124134     36408.89
      11.119     0.999976       124134     40960.00
      11.119     0.999979       124134     46811.43
      11.119     0.999982       124134     54613.33
      11.119     0.999985       124134     65536.00
      11.119     0.999986       124134     72817.78
      11.119     0.999988       124134     81920.00
      11.119     0.999989       124134     93622.86
      11.119     0.999991       124134    109226.67
      11.175     0.999992       124135    131072.00
      11.175     1.000000       124135          inf
#[Mean    =        2.405, StdDeviation   =        1.055]
#[Max     =       11.168, Total count    =       124135]
#[Buckets =           27, SubBuckets     =         2048]
----------------------------------------------------------
  124196 requests in 5.00s, 106.12MB read
Requests/sec:  24837.66
Transfer/sec:     21.22MB
Running 5s test @ http://127.0.0.1:8080
  1 threads and 50 connections
  Thread Stats   Avg      Stdev     99%   +/- Stdev
    Latency     4.89ms    6.29ms  43.62ms   95.36%
    Req/Sec       -nan      -nan   0.00      0.00%
  Latency Distribution (HdrHistogram - Recorded Latency)
 50.000%    3.53ms
 75.000%    4.79ms
 90.000%    6.30ms
 99.000%   43.62ms
 99.900%   63.55ms
 99.990%   71.29ms
 99.999%   78.46ms
100.000%   79.10ms

  Detailed Percentile spectrum:
       Value   Percentile   TotalCount 1/(1-Percentile)

       0.217     0.000000            1         1.00
       2.251     0.100000        14922         1.11
       2.605     0.200000        29889         1.25
       2.863     0.300000        44804         1.43
       3.145     0.400000        59630         1.67
       3.525     0.500000        74573         2.00
       3.781     0.550000        82027         2.22
       4.055     0.600000        89477         2.50
       4.303     0.650000        96916         2.86
       4.543     0.700000       104436         3.33
       4.787     0.750000       111849         4.00
       4.923     0.775000       115597         4.44
       5.087     0.800000       119326         5.00
       5.267     0.825000       123018         5.71
       5.515     0.850000       126748         6.67
       5.823     0.875000       130456         8.00
       6.023     0.887500       132303         8.89
       6.299     0.900000       134179        10.00
       6.663     0.912500       136038        11.43
       7.219     0.925000       137897        13.33
       8.207     0.937500       139755        16.00
       9.063     0.943750       140684        17.78
      10.431     0.950000       141618        20.00
      12.023     0.956250       142546        22.86
      14.255     0.962500       143478        26.67
      17.231     0.968750       144411        32.00
      18.735     0.971875       144874        35.56
      20.751     0.975000       145345        40.00
      22.927     0.978125       145806        45.71
      25.423     0.981250       146272        53.33
      28.207     0.984375       146737        64.00
      31.023     0.985938       146970        71.11
      34.207     0.987500       147203        80.00
      40.383     0.989062       147436        91.43
      45.727     0.990625       147673       106.67
      49.503     0.992188       147903       128.00
      50.783     0.992969       148021       142.22
      51.807     0.993750       148136       160.00
      53.343     0.994531       148251       182.86
      54.975     0.995313       148372       213.33
      55.775     0.996094       148484       256.00
      56.479     0.996484       148544       284.44
      58.367     0.996875       148605       320.00
      59.071     0.997266       148660       365.71
      59.551     0.997656       148717       426.67
      59.871     0.998047       148776       512.00
      60.127     0.998242       148805       568.89
      60.511     0.998437       148836       640.00
      60.991     0.998633       148863       731.43
      62.975     0.998828       148892       853.33
      63.583     0.999023       148922      1024.00
      64.031     0.999121       148935      1137.78
      64.415     0.999219       148951      1280.00
      65.023     0.999316       148965      1462.86
      65.663     0.999414       148980      1706.67
      66.239     0.999512       148999      2048.00
      66.367     0.999561       149002      2275.56
      66.495     0.999609       149013      2560.00
      66.559     0.999658       149023      2925.71
      66.559     0.999707       149023      3413.33
      66.815     0.999756       149032      4096.00
      66.879     0.999780       149040      4551.11
      66.879     0.999805       149040      5120.00
      67.583     0.999829       149041      5851.43
      70.975     0.999854       149046      6826.67
      71.295     0.999878       149051      8192.00
      71.295     0.999890       149051      9102.22
      71.487     0.999902       149052     10240.00
      73.663     0.999915       149054     11702.86
      74.303     0.999927       149056     13653.33
      74.367     0.999939       149057     16384.00
      74.623     0.999945       149058     18204.44
      75.199     0.999951       149059     20480.00
      77.055     0.999957       149060     23405.71
      78.015     0.999963       149061     27306.67
      78.079     0.999969       149062     32768.00
      78.079     0.999973       149062     36408.89
      78.143     0.999976       149063     40960.00
      78.143     0.999979       149063     46811.43
      78.271     0.999982       149064     54613.33
      78.271     0.999985       149064     65536.00
      78.271     0.999986       149064     72817.78
      78.463     0.999988       149065     81920.00
      78.463     0.999989       149065     93622.86
      78.463     0.999991       149065    109226.67
      78.463     0.999992       149065    131072.00
      78.463     0.999993       149065    145635.56
      79.103     0.999994       149066    163840.00
      79.103     1.000000       149066          inf
#[Mean    =        4.886, StdDeviation   =        6.290]
#[Max     =       79.040, Total count    =       149066]
#[Buckets =           27, SubBuckets     =         2048]
----------------------------------------------------------
  149075 requests in 5.00s, 127.38MB read
Requests/sec:  29801.00
Transfer/sec:     25.46MB
Running 5s test @ http://127.0.0.1:8080
  1 threads and 50 connections
  Thread Stats   Avg      Stdev     99%   +/- Stdev
    Latency     5.14ms    2.55ms  15.40ms   81.91%
    Req/Sec       -nan      -nan   0.00      0.00%
  Latency Distribution (HdrHistogram - Recorded Latency)
 50.000%    4.68ms
 75.000%    6.09ms
 90.000%    7.79ms
 99.000%   15.40ms
 99.900%   21.58ms
 99.990%   26.67ms
 99.999%   30.90ms
100.000%   30.91ms

  Detailed Percentile spectrum:
       Value   Percentile   TotalCount 1/(1-Percentile)

       0.210     0.000000            1         1.00
       2.759     0.100000        17398         1.11
       3.265     0.200000        34764         1.25
       3.643     0.300000        52233         1.43
       4.025     0.400000        69541         1.67
       4.679     0.500000        87008         2.00
       5.023     0.550000        95657         2.22
       5.319     0.600000       104335         2.50
       5.571     0.650000       113099         2.86
       5.803     0.700000       121764         3.33
       6.091     0.750000       130444         4.00
       6.263     0.775000       134708         4.44
       6.459     0.800000       139067         5.00
       6.703     0.825000       143418         5.71
       6.987     0.850000       147764         6.67
       7.355     0.875000       152114         8.00
       7.555     0.887500       154289         8.89
       7.791     0.900000       156441        10.00
       8.115     0.912500       158607        11.43
       8.479     0.925000       160786        13.33
       8.911     0.937500       162971        16.00
       9.231     0.943750       164051        17.78
       9.639     0.950000       165156        20.00
      10.023     0.956250       166209        22.86
      10.671     0.962500       167300        26.67
      11.375     0.968750       168391        32.00
      11.623     0.971875       168933        35.56
      11.895     0.975000       169476        40.00
      12.519     0.978125       170014        45.71
      13.031     0.981250       170556        53.33
      13.767     0.984375       171102        64.00
      14.159     0.985938       171371        71.11
      14.575     0.987500       171646        80.00
      14.983     0.989062       171914        91.43
      15.703     0.990625       172184       106.67
      16.287     0.992188       172458       128.00
      16.575     0.992969       172593       142.22
      16.799     0.993750       172728       160.00
      17.135     0.994531       172865       182.86
      17.535     0.995313       173002       213.33
      18.095     0.996094       173141       256.00
      18.575     0.996484       173204       284.44
      18.799     0.996875       173277       320.00
      19.183     0.997266       173338       365.71
      19.967     0.997656       173406       426.67
      20.415     0.998047       173474       512.00
      20.687     0.998242       173513       568.89
      20.815     0.998437       173542       640.00
      21.023     0.998633       173578       731.43
      21.311     0.998828       173613       853.33
      21.615     0.999023       173648      1024.00
      21.679     0.999121       173664      1137.78
      21.823     0.999219       173679      1280.00
      22.127     0.999316       173696      1462.86
      22.463     0.999414       173712      1706.67
      23.247     0.999512       173731      2048.00
      23.519     0.999561       173737      2275.56
      23.551     0.999609       173746      2560.00
      23.663     0.999658       173754      2925.71
      23.887     0.999707       173763      3413.33
      23.967     0.999756       173771      4096.00
      24.431     0.999780       173777      4551.11
      24.463     0.999805       173780      5120.00
      24.831     0.999829       173786      5851.43
      24.879     0.999854       173788      6826.67
      26.111     0.999878       173792      8192.00
      26.223     0.999890       173794      9102.22
      26.687     0.999902       173797     10240.00
      27.391     0.999915       173799     11702.86
      27.679     0.999927       173801     13653.33
      27.727     0.999939       173803     16384.00
      27.743     0.999945       173804     18204.44
      27.839     0.999951       173807     20480.00
      27.839     0.999957       173807     23405.71
      27.839     0.999963       173807     27306.67
      29.295     0.999969       173808     32768.00
      29.311     0.999973       173809     36408.89
      29.311     0.999976       173809     40960.00
      29.327     0.999979       173810     46811.43
      29.327     0.999982       173810     54613.33
      30.895     0.999985       173811     65536.00
      30.895     0.999986       173811     72817.78
      30.895     0.999988       173811     81920.00
      30.911     0.999989       173813     93622.86
      30.911     1.000000       173813          inf
#[Mean    =        5.138, StdDeviation   =        2.554]
#[Max     =       30.896, Total count    =       173813]
#[Buckets =           27, SubBuckets     =         2048]
----------------------------------------------------------
  173933 requests in 5.00s, 148.63MB read
Requests/sec:  34776.34
Transfer/sec:     29.72MB
Running 5s test @ http://127.0.0.1:8080
  1 threads and 50 connections
  Thread Stats   Avg      Stdev     99%   +/- Stdev
    Latency     8.29ms    4.90ms  25.76ms   79.67%
    Req/Sec       -nan      -nan   0.00      0.00%
  Latency Distribution (HdrHistogram - Recorded Latency)
 50.000%    6.99ms
 75.000%    9.80ms
 90.000%   14.98ms
 99.000%   25.76ms
 99.900%   32.46ms
 99.990%   35.17ms
 99.999%   36.42ms
100.000%   38.75ms

  Detailed Percentile spectrum:
       Value   Percentile   TotalCount 1/(1-Percentile)

       0.259     0.000000            1         1.00
       3.731     0.100000        19878         1.11
       4.611     0.200000        39751         1.25
       5.459     0.300000        59582         1.43
       6.239     0.400000        79374         1.67
       6.987     0.500000        99253         2.00
       7.411     0.550000       109236         2.22
       7.811     0.600000       119089         2.50
       8.335     0.650000       129093         2.86
       8.911     0.700000       138965         3.33
       9.799     0.750000       148865         4.00
      10.391     0.775000       153826         4.44
      11.039     0.800000       158782         5.00
      11.783     0.825000       163754         5.71
      12.631     0.850000       168691         6.67
      13.799     0.875000       173644         8.00
      14.383     0.887500       176112         8.89
      14.983     0.900000       178582        10.00
      15.767     0.912500       181066        11.43
      16.559     0.925000       183579        13.33
      17.455     0.937500       186038        16.00
      17.935     0.943750       187269        17.78
      18.639     0.950000       188526        20.00
      19.407     0.956250       189754        22.86
      20.191     0.962500       190983        26.67
      21.055     0.968750       192236        32.00
      21.615     0.971875       192845        35.56
      22.271     0.975000       193472        40.00
      22.815     0.978125       194082        45.71
      23.471     0.981250       194713        53.33
      24.047     0.984375       195322        64.00
      24.463     0.985938       195637        71.11
      24.927     0.987500       195949        80.00
      25.455     0.989062       196256        91.43
      25.935     0.990625       196574       106.67
      26.703     0.992188       196879       128.00
      27.151     0.992969       197027       142.22
      27.631     0.993750       197184       160.00
      27.983     0.994531       197345       182.86
      28.351     0.995313       197500       213.33
      28.719     0.996094       197646       256.00
      28.911     0.996484       197727       284.44
      29.151     0.996875       197801       320.00
      29.551     0.997266       197881       365.71
      30.063     0.997656       197957       426.67
      30.847     0.998047       198034       512.00
      31.279     0.998242       198074       568.89
      31.599     0.998437       198112       640.00
      31.935     0.998633       198150       731.43
      32.303     0.998828       198189       853.33
      32.479     0.999023       198228      1024.00
      32.623     0.999121       198247      1137.78
      32.767     0.999219       198268      1280.00
      32.863     0.999316       198288      1462.86
      32.959     0.999414       198306      1706.67
      33.183     0.999512       198325      2048.00
      33.215     0.999561       198335      2275.56
      33.343     0.999609       198351      2560.00
      33.407     0.999658       198354      2925.71
      33.535     0.999707       198369      3413.33
      33.631     0.999756       198373      4096.00
      33.759     0.999780       198378      4551.11
      33.951     0.999805       198384      5120.00
      34.399     0.999829       198388      5851.43
      34.911     0.999854       198393      6826.67
      35.103     0.999878       198397      8192.00
      35.167     0.999890       198402      9102.22
      35.167     0.999902       198402     10240.00
      35.327     0.999915       198405     11702.86
      35.423     0.999927       198409     13653.33
      35.423     0.999939       198409     16384.00
      35.487     0.999945       198411     18204.44
      35.551     0.999951       198412     20480.00
      35.583     0.999957       198413     23405.71
      36.063     0.999963       198414     27306.67
      36.095     0.999969       198415     32768.00
      36.319     0.999973       198416     36408.89
      36.383     0.999976       198417     40960.00
      36.383     0.999979       198417     46811.43
      36.415     0.999982       198419     54613.33
      36.415     0.999985       198419     65536.00
      36.415     0.999986       198419     72817.78
      36.415     0.999988       198419     81920.00
      36.415     0.999989       198419     93622.86
      38.335     0.999991       198420    109226.67
      38.335     0.999992       198420    131072.00
      38.335     0.999993       198420    145635.56
      38.335     0.999994       198420    163840.00
      38.335     0.999995       198420    187245.71
      38.751     0.999995       198421    218453.33
      38.751     1.000000       198421          inf
#[Mean    =        8.287, StdDeviation   =        4.897]
#[Max     =       38.720, Total count    =       198421]
#[Buckets =           27, SubBuckets     =         2048]
----------------------------------------------------------
  198650 requests in 5.00s, 169.75MB read
Requests/sec:  39704.14
Transfer/sec:     33.93MB
Running 5s test @ http://127.0.0.1:8080
  1 threads and 50 connections
  Thread Stats   Avg      Stdev     99%   +/- Stdev
    Latency    66.62ms   74.17ms 228.86ms   76.95%
    Req/Sec       -nan      -nan   0.00      0.00%
  Latency Distribution (HdrHistogram - Recorded Latency)
 50.000%   25.23ms
 75.000%  132.99ms
 90.000%  192.26ms
 99.000%  228.86ms
 99.900%  392.96ms
 99.990%  426.49ms
 99.999%  430.59ms
100.000%  431.61ms

  Detailed Percentile spectrum:
       Value   Percentile   TotalCount 1/(1-Percentile)

       0.252     0.000000            1         1.00
       5.615     0.100000        21963         1.11
       7.255     0.200000        43923         1.25
       9.367     0.300000        65888         1.43
      14.727     0.400000        87846         1.67
      25.231     0.500000       109801         2.00
      35.487     0.550000       120770         2.22
      49.695     0.600000       131751         2.50
      65.375     0.650000       142740         2.86
      95.487     0.700000       153717         3.33
     132.991     0.750000       164705         4.00
     143.231     0.775000       170240         4.44
     152.319     0.800000       175668         5.00
     159.487     0.825000       181191         5.71
     171.135     0.850000       186671         6.67
     181.503     0.875000       192159         8.00
     187.647     0.887500       194941         8.89
     192.255     0.900000       197640        10.00
     196.095     0.912500       200421        11.43
     200.063     0.925000       203146        13.33
     204.287     0.937500       205899        16.00
     206.463     0.943750       207272        17.78
     209.535     0.950000       208651        20.00
     211.967     0.956250       209979        22.86
     213.887     0.962500       211358        26.67
     216.063     0.968750       212730        32.00
     217.215     0.971875       213428        35.56
     218.367     0.975000       214128        40.00
     219.391     0.978125       214790        45.71
     221.183     0.981250       215492        53.33
     223.231     0.984375       216161        64.00
     224.767     0.985938       216513        71.11
     226.047     0.987500       216847        80.00
     227.839     0.989062       217188        91.43
     229.631     0.990625       217540       106.67
     231.679     0.992188       217881       128.00
     232.703     0.992969       218051       142.22
     233.471     0.993750       218212       160.00
     234.239     0.994531       218379       182.86
     235.391     0.995313       218570       213.33
     238.335     0.996094       218727       256.00
     239.359     0.996484       218815       284.44
     242.175     0.996875       218896       320.00
     254.719     0.997266       218979       365.71
     301.567     0.997656       219065       426.67
     340.735     0.998047       219153       512.00
     353.023     0.998242       219194       568.89
     362.239     0.998437       219238       640.00
     366.591     0.998633       219280       731.43
     375.807     0.998828       219323       853.33
     396.287     0.999023       219365      1024.00
     400.639     0.999121       219387      1137.78
     404.223     0.999219       219408      1280.00
     406.271     0.999316       219429      1462.86
     411.903     0.999414       219452      1706.67
     414.975     0.999512       219472      2048.00
     417.791     0.999561       219487      2275.56
     418.815     0.999609       219495      2560.00
     420.863     0.999658       219505      2925.71
     422.399     0.999707       219517      3413.33
     422.911     0.999756       219527      4096.00
     423.167     0.999780       219534      4551.11
     423.679     0.999805       219537      5120.00
     424.703     0.999829       219542      5851.43
     425.727     0.999854       219548      6826.67
     426.239     0.999878       219556      8192.00
     426.239     0.999890       219556      9102.22
     426.495     0.999902       219559     10240.00
     426.751     0.999915       219564     11702.86
     426.751     0.999927       219564     13653.33
     427.007     0.999939       219567     16384.00
     427.007     0.999945       219567     18204.44
     427.519     0.999951       219570     20480.00
     427.519     0.999957       219570     23405.71
     427.775     0.999963       219572     27306.67
     428.031     0.999969       219573     32768.00
     428.031     0.999973       219573     36408.89
     428.799     0.999976       219575     40960.00
     428.799     0.999979       219575     46811.43
     428.799     0.999982       219575     54613.33
     429.823     0.999985       219576     65536.00
     429.823     0.999986       219576     72817.78
     430.591     0.999988       219577     81920.00
     430.591     0.999989       219577     93622.86
     430.591     0.999991       219577    109226.67
     431.103     0.999992       219578    131072.00
     431.103     0.999993       219578    145635.56
     431.103     0.999994       219578    163840.00
     431.103     0.999995       219578    187245.71
     431.103     0.999995       219578    218453.33
     431.615     0.999996       219579    262144.00
     431.615     1.000000       219579          inf
#[Mean    =       66.623, StdDeviation   =       74.165]
#[Max     =      431.360, Total count    =       219579]
#[Buckets =           27, SubBuckets     =         2048]
----------------------------------------------------------
  219942 requests in 5.00s, 187.95MB read
Requests/sec:  43971.09
Transfer/sec:     37.58MB
Running 5s test @ http://127.0.0.1:8080
  1 threads and 50 connections
  Thread Stats   Avg      Stdev     99%   +/- Stdev
    Latency   284.31ms  297.50ms 942.59ms   78.21%
    Req/Sec       -nan      -nan   0.00      0.00%
  Latency Distribution (HdrHistogram - Recorded Latency)
 50.000%  138.75ms
 75.000%  450.82ms
 90.000%  774.14ms
 99.000%  942.59ms
 99.900%  950.27ms
 99.990%  953.85ms
 99.999%  955.39ms
100.000%  956.93ms

  Detailed Percentile spectrum:
       Value   Percentile   TotalCount 1/(1-Percentile)

       0.279     0.000000            1         1.00
      12.455     0.100000        22008         1.11
      28.687     0.200000        44036         1.25
      54.367     0.300000        66033         1.43
      97.599     0.400000        88046         1.67
     138.751     0.500000       110093         2.00
     184.319     0.550000       121057         2.22
     251.135     0.600000       132048         2.50
     309.247     0.650000       143115         2.86
     392.447     0.700000       154117         3.33
     450.815     0.750000       165072         4.00
     549.887     0.775000       170564         4.44
     646.143     0.800000       176102         5.00
     707.583     0.825000       181768         5.71
     721.919     0.850000       187087         6.67
     744.447     0.875000       192618         8.00
     752.639     0.887500       195544         8.89
     774.143     0.900000       198110        10.00
     809.983     0.912500       200851        11.43
     850.943     0.925000       203574        13.33
     869.887     0.937500       206362        16.00
     876.031     0.943750       207770        17.78
     881.151     0.950000       209107        20.00
     887.807     0.956250       210494        22.86
     897.023     0.962500       211869        26.67
     906.751     0.968750       213238        32.00
     914.943     0.971875       213894        35.56
     923.647     0.975000       214595        40.00
     931.839     0.978125       215283        45.71
     935.935     0.981250       216034        53.33
     938.495     0.984375       216760        64.00
     939.519     0.985938       217018        71.11
     940.543     0.987500       217362        80.00
     941.567     0.989062       217674        91.43
     942.591     0.990625       218081       106.67
     943.615     0.992188       218436       128.00
     944.127     0.992969       218628       142.22
     944.639     0.993750       218786       160.00
     945.151     0.994531       218964       182.86
     945.663     0.995313       219080       213.33
     946.175     0.996094       219221       256.00
     946.687     0.996484       219354       284.44
     947.199     0.996875       219461       320.00
     947.711     0.997266       219549       365.71
     948.223     0.997656       219588       426.67
     948.735     0.998047       219678       512.00
     949.247     0.998242       219771       568.89
     949.247     0.998437       219771       640.00
     949.759     0.998633       219854       731.43
     949.759     0.998828       219854       853.33
     950.271     0.999023       219901      1024.00
     950.271     0.999121       219901      1137.78
     950.783     0.999219       219945      1280.00
     950.783     0.999316       219945      1462.86
     951.295     0.999414       219972      1706.67
     951.295     0.999512       219972      2048.00
     951.807     0.999561       219991      2275.56
     952.319     0.999609       220012      2560.00
     952.319     0.999658       220012      2925.71
     952.831     0.999707       220025      3413.33
     953.343     0.999756       220038      4096.00
     953.343     0.999780       220038      4551.11
     953.343     0.999805       220038      5120.00
     953.855     0.999829       220059      5851.43
     953.855     0.999854       220059      6826.67
     953.855     0.999878       220059      8192.00
     953.855     0.999890       220059      9102.22
     953.855     0.999902       220059     10240.00
     954.367     0.999915       220068     11702.86
     954.367     0.999927       220068     13653.33
     954.367     0.999939       220068     16384.00
     954.367     0.999945       220068     18204.44
     954.879     0.999951       220072     20480.00
     954.879     0.999957       220072     23405.71
     954.879     0.999963       220072     27306.67
     955.391     0.999969       220077     32768.00
     955.391     0.999973       220077     36408.89
     955.391     0.999976       220077     40960.00
     955.391     0.999979       220077     46811.43
     955.391     0.999982       220077     54613.33
     955.391     0.999985       220077     65536.00
     955.391     0.999986       220077     72817.78
     955.391     0.999988       220077     81920.00
     955.391     0.999989       220077     93622.86
     955.391     0.999991       220077    109226.67
     956.927     0.999992       220079    131072.00
     956.927     1.000000       220079          inf
#[Mean    =      284.312, StdDeviation   =      297.496]
#[Max     =      956.416, Total count    =       220079]
#[Buckets =           27, SubBuckets     =         2048]
----------------------------------------------------------
  220259 requests in 5.00s, 188.24MB read
Requests/sec:  44026.85
Transfer/sec:     37.63MB
