Running 10s test @ http://localhost:8080/wrk2-api/review/compose
  1 threads and 100 connections
  Thread Stats   Avg      Stdev     99%   +/- Stdev
    Latency     5.69ms    2.69ms  17.89ms   89.28%
    Req/Sec       -nan      -nan   0.00      0.00%
  Latency Distribution (HdrHistogram - Recorded Latency)
 50.000%    4.84ms
 75.000%    6.28ms
 90.000%    8.57ms
 99.000%   17.89ms
 99.900%   25.74ms
 99.990%   26.32ms
 99.999%   26.32ms
100.000%   26.32ms

  Detailed Percentile spectrum:
       Value   Percentile   TotalCount 1/(1-Percentile)

       2.961     0.000000            1         1.00
       3.727     0.100000          200         1.11
       3.951     0.200000          398         1.25
       4.195     0.300000          598         1.43
       4.491     0.400000          798         1.67
       4.843     0.500000          999         2.00
       5.039     0.550000         1094         2.22
       5.279     0.600000         1194         2.50
       5.587     0.650000         1292         2.86
       5.903     0.700000         1393         3.33
       6.283     0.750000         1492         4.00
       6.559     0.775000         1541         4.44
       6.851     0.800000         1592         5.00
       7.187     0.825000         1641         5.71
       7.551     0.850000         1689         6.67
       7.975     0.875000         1739         8.00
       8.231     0.887500         1764         8.89
       8.575     0.900000         1789        10.00
       8.863     0.912500         1814        11.43
       9.247     0.925000         1838        13.33
       9.831     0.937500         1863        16.00
      10.111     0.943750         1876        17.78
      10.391     0.950000         1888        20.00
      11.055     0.956250         1901        22.86
      11.575     0.962500         1913        26.67
      12.527     0.968750         1925        32.00
      12.847     0.971875         1932        35.56
      13.207     0.975000         1939        40.00
      13.391     0.978125         1944        45.71
      14.159     0.981250         1950        53.33
      15.175     0.984375         1956        64.00
      15.743     0.985938         1960        71.11
      16.135     0.987500         1963        80.00
      17.871     0.989062         1966        91.43
      18.655     0.990625         1969       106.67
      19.599     0.992188         1972       128.00
      19.775     0.992969         1974       142.22
      20.031     0.993750         1975       160.00
      20.367     0.994531         1977       182.86
      20.399     0.995313         1978       213.33
      20.751     0.996094         1980       256.00
      20.783     0.996484         1981       284.44
      20.783     0.996875         1981       320.00
      22.079     0.997266         1982       365.71
      22.847     0.997656         1983       426.67
      23.919     0.998047         1984       512.00
      23.919     0.998242         1984       568.89
      23.919     0.998437         1984       640.00
      25.743     0.998633         1985       731.43
      25.743     0.998828         1985       853.33
      25.967     0.999023         1986      1024.00
      25.967     0.999121         1986      1137.78
      25.967     0.999219         1986      1280.00
      25.967     0.999316         1986      1462.86
      25.967     0.999414         1986      1706.67
      26.319     0.999512         1987      2048.00
      26.319     1.000000         1987          inf
#[Mean    =        5.693, StdDeviation   =        2.686]
#[Max     =       26.304, Total count    =         1987]
#[Buckets =           27, SubBuckets     =         2048]
----------------------------------------------------------
  1988 requests in 10.01s, 702.79KB read
  Socket errors: connect 0, read 0, write 0, timeout 5
  Non-2xx or 3xx responses: 1988
Requests/sec:    198.68
Transfer/sec:     70.24KB
Running 10s test @ http://localhost:8080/wrk2-api/review/compose
  1 threads and 100 connections
  Thread Stats   Avg      Stdev     99%   +/- Stdev
    Latency     6.35ms    3.86ms  19.68ms   89.46%
    Req/Sec       -nan      -nan   0.00      0.00%
  Latency Distribution (HdrHistogram - Recorded Latency)
 50.000%    5.13ms
 75.000%    7.11ms
 90.000%   10.34ms
 99.000%   19.68ms
 99.900%   44.45ms
 99.990%   60.38ms
 99.999%   60.38ms
100.000%   60.38ms

  Detailed Percentile spectrum:
       Value   Percentile   TotalCount 1/(1-Percentile)

       3.005     0.000000            1         1.00
       3.751     0.100000          300         1.11
       4.043     0.200000          597         1.25
       4.359     0.300000          898         1.43
       4.691     0.400000         1195         1.67
       5.131     0.500000         1491         2.00
       5.439     0.550000         1644         2.22
       5.779     0.600000         1788         2.50
       6.163     0.650000         1940         2.86
       6.571     0.700000         2085         3.33
       7.115     0.750000         2234         4.00
       7.547     0.775000         2308         4.44
       7.895     0.800000         2383         5.00
       8.311     0.825000         2457         5.71
       8.791     0.850000         2533         6.67
       9.495     0.875000         2606         8.00
       9.903     0.887500         2644         8.89
      10.343     0.900000         2681        10.00
      10.703     0.912500         2719        11.43
      11.247     0.925000         2755        13.33
      11.759     0.937500         2792        16.00
      12.295     0.943750         2811        17.78
      12.903     0.950000         2831        20.00
      13.327     0.956250         2848        22.86
      13.799     0.962500         2867        26.67
      14.471     0.968750         2885        32.00
      14.823     0.971875         2895        35.56
      15.479     0.975000         2904        40.00
      15.863     0.978125         2913        45.71
      16.367     0.981250         2923        53.33
      17.039     0.984375         2932        64.00
      17.535     0.985938         2937        71.11
      18.063     0.987500         2941        80.00
      18.447     0.989062         2946        91.43
      20.463     0.990625         2951       106.67
      21.935     0.992188         2955       128.00
      22.943     0.992969         2958       142.22
      23.215     0.993750         2960       160.00
      23.551     0.994531         2962       182.86
      26.111     0.995313         2965       213.33
      33.343     0.996094         2967       256.00
      34.303     0.996484         2968       284.44
      34.431     0.996875         2969       320.00
      36.127     0.997266         2970       365.71
      40.479     0.997656         2972       426.67
      41.599     0.998047         2973       512.00
      41.599     0.998242         2973       568.89
      41.951     0.998437         2974       640.00
      41.951     0.998633         2974       731.43
      44.447     0.998828         2975       853.33
      48.895     0.999023         2976      1024.00
      48.895     0.999121         2976      1137.78
      48.895     0.999219         2976      1280.00
      48.895     0.999316         2976      1462.86
      54.079     0.999414         2977      1706.67
      54.079     0.999512         2977      2048.00
      54.079     0.999561         2977      2275.56
      54.079     0.999609         2977      2560.00
      54.079     0.999658         2977      2925.71
      60.383     0.999707         2978      3413.33
      60.383     1.000000         2978          inf
#[Mean    =        6.355, StdDeviation   =        3.862]
#[Max     =       60.352, Total count    =         2978]
#[Buckets =           27, SubBuckets     =         2048]
----------------------------------------------------------
  2979 requests in 10.00s, 1.03MB read
  Socket errors: connect 0, read 0, write 0, timeout 1
  Non-2xx or 3xx responses: 2979
Requests/sec:    297.82
Transfer/sec:    105.28KB
Running 10s test @ http://localhost:8080/wrk2-api/review/compose
  1 threads and 100 connections
  Thread Stats   Avg      Stdev     99%   +/- Stdev
    Latency     8.10ms    5.37ms  29.77ms   88.64%
    Req/Sec       -nan      -nan   0.00      0.00%
  Latency Distribution (HdrHistogram - Recorded Latency)
 50.000%    6.45ms
 75.000%    9.56ms
 90.000%   14.02ms
 99.000%   29.77ms
 99.900%   51.62ms
 99.990%   60.90ms
 99.999%   60.90ms
100.000%   60.90ms

  Detailed Percentile spectrum:
       Value   Percentile   TotalCount 1/(1-Percentile)

       3.015     0.000000            1         1.00
       3.951     0.100000          399         1.11
       4.423     0.200000          797         1.25
       4.959     0.300000         1194         1.43
       5.635     0.400000         1589         1.67
       6.451     0.500000         1987         2.00
       6.919     0.550000         2185         2.22
       7.411     0.600000         2382         2.50
       8.075     0.650000         2580         2.86
       8.695     0.700000         2779         3.33
       9.559     0.750000         2977         4.00
      10.079     0.775000         3080         4.44
      10.703     0.800000         3176         5.00
      11.335     0.825000         3275         5.71
      12.095     0.850000         3375         6.67
      12.975     0.875000         3473         8.00
      13.511     0.887500         3524         8.89
      14.039     0.900000         3573        10.00
      14.687     0.912500         3623        11.43
      15.495     0.925000         3673        13.33
      16.639     0.937500         3722        16.00
      17.151     0.943750         3746        17.78
      18.063     0.950000         3771        20.00
      18.863     0.956250         3797        22.86
      19.807     0.962500         3821        26.67
      20.751     0.968750         3845        32.00
      21.055     0.971875         3859        35.56
      21.711     0.975000         3870        40.00
      22.943     0.978125         3883        45.71
      23.503     0.981250         3895        53.33
      25.791     0.984375         3907        64.00
      26.751     0.985938         3914        71.11
      27.551     0.987500         3920        80.00
      29.023     0.989062         3926        91.43
      30.111     0.990625         3932       106.67
      31.215     0.992188         3938       128.00
      32.687     0.992969         3942       142.22
      33.343     0.993750         3945       160.00
      34.559     0.994531         3949       182.86
      34.687     0.995313         3951       213.33
      36.511     0.996094         3954       256.00
      38.047     0.996484         3956       284.44
      40.543     0.996875         3957       320.00
      43.071     0.997266         3959       365.71
      43.967     0.997656         3960       426.67
      47.007     0.998047         3962       512.00
      48.607     0.998242         3963       568.89
      48.607     0.998437         3963       640.00
      49.567     0.998633         3964       731.43
      51.615     0.998828         3965       853.33
      53.983     0.999023         3966      1024.00
      53.983     0.999121         3966      1137.78
      53.983     0.999219         3966      1280.00
      60.159     0.999316         3967      1462.86
      60.159     0.999414         3967      1706.67
      60.191     0.999512         3968      2048.00
      60.191     0.999561         3968      2275.56
      60.191     0.999609         3968      2560.00
      60.191     0.999658         3968      2925.71
      60.191     0.999707         3968      3413.33
      60.895     0.999756         3969      4096.00
      60.895     1.000000         3969          inf
#[Mean    =        8.099, StdDeviation   =        5.373]
#[Max     =       60.864, Total count    =         3969]
#[Buckets =           27, SubBuckets     =         2048]
----------------------------------------------------------
  3970 requests in 10.00s, 1.37MB read
  Non-2xx or 3xx responses: 3970
Requests/sec:    396.89
Transfer/sec:    140.31KB
Running 10s test @ http://localhost:8080/wrk2-api/review/compose
  1 threads and 100 connections
  Thread Stats   Avg      Stdev     99%   +/- Stdev
    Latency    22.34ms   40.33ms 210.94ms   91.37%
    Req/Sec       -nan      -nan   0.00      0.00%
  Latency Distribution (HdrHistogram - Recorded Latency)
 50.000%    8.50ms
 75.000%   17.81ms
 90.000%   50.56ms
 99.000%  210.94ms
 99.900%  342.78ms
 99.990%  378.62ms
 99.999%  378.62ms
100.000%  378.62ms

  Detailed Percentile spectrum:
       Value   Percentile   TotalCount 1/(1-Percentile)

       3.057     0.000000            1         1.00
       4.203     0.100000          495         1.11
       4.855     0.200000          997         1.25
       5.751     0.300000         1488         1.43
       6.927     0.400000         1979         1.67
       8.503     0.500000         2474         2.00
       9.567     0.550000         2721         2.22
      10.815     0.600000         2968         2.50
      12.439     0.650000         3216         2.86
      14.775     0.700000         3463         3.33
      17.807     0.750000         3713         4.00
      19.919     0.775000         3836         4.44
      22.719     0.800000         3957         5.00
      25.535     0.825000         4082         5.71
      30.111     0.850000         4205         6.67
      37.471     0.875000         4328         8.00
      43.615     0.887500         4390         8.89
      50.655     0.900000         4452        10.00
      61.279     0.912500         4514        11.43
      73.151     0.925000         4577        13.33
      87.807     0.937500         4637        16.00
      95.999     0.943750         4668        17.78
     104.191     0.950000         4699        20.00
     113.919     0.956250         4730        22.86
     125.439     0.962500         4761        26.67
     141.055     0.968750         4792        32.00
     147.839     0.971875         4807        35.56
     156.671     0.975000         4823        40.00
     165.375     0.978125         4838        45.71
     173.055     0.981250         4854        53.33
     180.863     0.984375         4869        64.00
     188.799     0.985938         4877        71.11
     194.559     0.987500         4885        80.00
     205.695     0.989062         4892        91.43
     212.863     0.990625         4900       106.67
     227.711     0.992188         4908       128.00
     232.063     0.992969         4912       142.22
     238.847     0.993750         4916       160.00
     246.399     0.994531         4919       182.86
     261.375     0.995313         4923       213.33
     271.359     0.996094         4927       256.00
     276.479     0.996484         4929       284.44
     286.463     0.996875         4931       320.00
     305.407     0.997266         4933       365.71
     322.303     0.997656         4936       426.67
     324.351     0.998047         4937       512.00
     334.847     0.998242         4938       568.89
     341.247     0.998437         4939       640.00
     342.015     0.998633         4940       731.43
     342.783     0.998828         4941       853.33
     343.807     0.999023         4942      1024.00
     343.807     0.999121         4942      1137.78
     346.367     0.999219         4943      1280.00
     346.367     0.999316         4943      1462.86
     360.447     0.999414         4944      1706.67
     360.447     0.999512         4944      2048.00
     360.447     0.999561         4944      2275.56
     368.127     0.999609         4945      2560.00
     368.127     0.999658         4945      2925.71
     368.127     0.999707         4945      3413.33
     368.127     0.999756         4945      4096.00
     368.127     0.999780         4945      4551.11
     378.623     0.999805         4946      5120.00
     378.623     1.000000         4946          inf
#[Mean    =       22.335, StdDeviation   =       40.328]
#[Max     =      378.368, Total count    =         4946]
#[Buckets =           27, SubBuckets     =         2048]
----------------------------------------------------------
  4947 requests in 10.00s, 1.71MB read
  Non-2xx or 3xx responses: 4947
Requests/sec:    494.75
Transfer/sec:    174.90KB
Running 10s test @ http://localhost:8080/wrk2-api/review/compose
  1 threads and 100 connections
  Thread Stats   Avg      Stdev     99%   +/- Stdev
    Latency   503.62ms  535.94ms   2.40s    86.46%
    Req/Sec       -nan      -nan   0.00      0.00%
  Latency Distribution (HdrHistogram - Recorded Latency)
 50.000%  338.94ms
 75.000%  697.85ms
 90.000%    1.25s 
 99.000%    2.40s 
 99.900%    2.81s 
 99.990%    3.08s 
 99.999%    3.32s 
100.000%    3.32s 

  Detailed Percentile spectrum:
       Value   Percentile   TotalCount 1/(1-Percentile)

       3.363     0.000000            1         1.00
       7.851     0.100000          516         1.11
      58.527     0.200000         1030         1.25
     167.295     0.300000         1546         1.43
     247.679     0.400000         2062         1.67
     338.943     0.500000         2574         2.00
     391.167     0.550000         2833         2.22
     449.791     0.600000         3089         2.50
     517.119     0.650000         3347         2.86
     599.039     0.700000         3606         3.33
     697.855     0.750000         3861         4.00
     759.295     0.775000         3992         4.44
     826.879     0.800000         4120         5.00
     895.999     0.825000         4249         5.71
     988.671     0.850000         4376         6.67
    1083.391     0.875000         4505         8.00
    1162.239     0.887500         4570         8.89
    1248.255     0.900000         4634        10.00
    1359.871     0.912500         4698        11.43
    1447.935     0.925000         4762        13.33
    1553.407     0.937500         4827        16.00
    1626.111     0.943750         4859        17.78
    1682.431     0.950000         4891        20.00
    1745.919     0.956250         4923        22.86
    1801.215     0.962500         4955        26.67
    1905.663     0.968750         4988        32.00
    1953.791     0.971875         5004        35.56
    2017.279     0.975000         5020        40.00
    2053.119     0.978125         5036        45.71
    2136.063     0.981250         5052        53.33
    2250.751     0.984375         5069        64.00
    2285.567     0.985938         5076        71.11
    2320.383     0.987500         5084        80.00
    2363.391     0.989062         5092        91.43
    2437.119     0.990625         5100       106.67
    2514.943     0.992188         5108       128.00
    2543.615     0.992969         5112       142.22
    2580.479     0.993750         5116       160.00
    2607.103     0.994531         5120       182.86
    2639.871     0.995313         5124       213.33
    2684.927     0.996094         5129       256.00
    2693.119     0.996484         5131       284.44
    2699.263     0.996875         5132       320.00
    2725.887     0.997266         5134       365.71
    2742.271     0.997656         5136       426.67
    2754.559     0.998047         5138       512.00
    2775.039     0.998242         5140       568.89
    2775.039     0.998437         5140       640.00
    2781.183     0.998633         5141       731.43
    2809.855     0.998828         5142       853.33
    2813.951     0.999023         5143      1024.00
    2863.103     0.999121         5144      1137.78
    2863.103     0.999219         5144      1280.00
    2869.247     0.999316         5145      1462.86
    2869.247     0.999414         5145      1706.67
    2969.599     0.999512         5146      2048.00
    2969.599     0.999561         5146      2275.56
    2969.599     0.999609         5146      2560.00
    3082.239     0.999658         5147      2925.71
    3082.239     0.999707         5147      3413.33
    3082.239     0.999756         5147      4096.00
    3082.239     0.999780         5147      4551.11
    3082.239     0.999805         5147      5120.00
    3321.855     0.999829         5148      5851.43
    3321.855     1.000000         5148          inf
#[Mean    =      503.618, StdDeviation   =      535.937]
#[Max     =     3319.808, Total count    =         5148]
#[Buckets =           27, SubBuckets     =         2048]
----------------------------------------------------------
  5149 requests in 10.00s, 1.78MB read
  Non-2xx or 3xx responses: 5149
Requests/sec:    514.92
Transfer/sec:    182.03KB
Running 10s test @ http://localhost:8080/wrk2-api/review/compose
  1 threads and 100 connections
  Thread Stats   Avg      Stdev     99%   +/- Stdev
    Latency     1.92s     1.33s    5.23s    63.33%
    Req/Sec       -nan      -nan   0.00      0.00%
  Latency Distribution (HdrHistogram - Recorded Latency)
 50.000%    1.73s 
 75.000%    2.88s 
 90.000%    3.78s 
 99.000%    5.23s 
 99.900%    6.14s 
 99.990%    6.62s 
 99.999%    6.62s 
100.000%    6.62s 

  Detailed Percentile spectrum:
       Value   Percentile   TotalCount 1/(1-Percentile)

       3.369     0.000000            1         1.00
     315.903     0.100000          442         1.11
     643.071     0.200000          885         1.25
     974.847     0.300000         1326         1.43
    1330.175     0.400000         1768         1.67
    1730.559     0.500000         2211         2.00
    1956.863     0.550000         2430         2.22
    2160.639     0.600000         2651         2.50
    2422.783     0.650000         2872         2.86
    2633.727     0.700000         3095         3.33
    2881.535     0.750000         3315         4.00
    3026.943     0.775000         3425         4.44
    3178.495     0.800000         3540         5.00
    3299.327     0.825000         3647         5.71
    3465.215     0.850000         3757         6.67
    3596.287     0.875000         3866         8.00
    3696.639     0.887500         3921         8.89
    3788.799     0.900000         3978        10.00
    3876.863     0.912500         4032        11.43
    4005.887     0.925000         4087        13.33
    4167.679     0.937500         4142        16.00
    4243.455     0.943750         4173        17.78
    4317.183     0.950000         4199        20.00
    4476.927     0.956250         4226        22.86
    4591.615     0.962500         4253        26.67
    4689.919     0.968750         4281        32.00
    4739.071     0.971875         4294        35.56
    4788.223     0.975000         4309        40.00
    4861.951     0.978125         4322        45.71
    4931.583     0.981250         4336        53.33
    5001.215     0.984375         4349        64.00
    5074.943     0.985938         4356        71.11
    5119.999     0.987500         4363        80.00
    5193.727     0.989062         4370        91.43
    5242.879     0.990625         4377       106.67
    5324.799     0.992188         4384       128.00
    5451.775     0.992969         4387       142.22
    5496.831     0.993750         4391       160.00
    5513.215     0.994531         4394       182.86
    5541.887     0.995313         4398       213.33
    5586.943     0.996094         4401       256.00
    5631.999     0.996484         4403       284.44
    5668.863     0.996875         4405       320.00
    5722.111     0.997266         4406       365.71
    5775.359     0.997656         4408       426.67
    5804.031     0.998047         4410       512.00
    5820.415     0.998242         4411       568.89
    5832.703     0.998437         4412       640.00
    5832.703     0.998633         4412       731.43
    6017.023     0.998828         4413       853.33
    6143.999     0.999023         4414      1024.00
    6434.815     0.999121         4415      1137.78
    6434.815     0.999219         4415      1280.00
    6434.815     0.999316         4415      1462.86
    6488.063     0.999414         4416      1706.67
    6488.063     0.999512         4416      2048.00
    6578.175     0.999561         4417      2275.56
    6578.175     0.999609         4417      2560.00
    6578.175     0.999658         4417      2925.71
    6578.175     0.999707         4417      3413.33
    6578.175     0.999756         4417      4096.00
    6615.039     0.999780         4418      4551.11
    6615.039     1.000000         4418          inf
#[Mean    =     1924.502, StdDeviation   =     1334.162]
#[Max     =     6610.944, Total count    =         4418]
#[Buckets =           27, SubBuckets     =         2048]
----------------------------------------------------------
  4419 requests in 10.00s, 1.53MB read
  Non-2xx or 3xx responses: 4419
Requests/sec:    441.95
Transfer/sec:    156.24KB
Running 10s test @ http://localhost:8080/wrk2-api/review/compose
  1 threads and 100 connections
  Thread Stats   Avg      Stdev     99%   +/- Stdev
    Latency     1.77s     1.24s    4.78s    63.85%
    Req/Sec       -nan      -nan   0.00      0.00%
  Latency Distribution (HdrHistogram - Recorded Latency)
 50.000%    1.58s 
 75.000%    2.57s 
 90.000%    3.63s 
 99.000%    4.78s 
 99.900%    5.41s 
 99.990%    5.82s 
 99.999%    5.83s 
100.000%    5.83s 

  Detailed Percentile spectrum:
       Value   Percentile   TotalCount 1/(1-Percentile)

       3.453     0.000000            1         1.00
     275.455     0.100000          509         1.11
     589.823     0.200000         1020         1.25
     910.335     0.300000         1527         1.43
    1245.183     0.400000         2037         1.67
    1580.031     0.500000         2545         2.00
    1750.015     0.550000         2800         2.22
    1939.455     0.600000         3054         2.50
    2131.967     0.650000         3308         2.86
    2359.295     0.700000         3565         3.33
    2570.239     0.750000         3817         4.00
    2707.455     0.775000         3945         4.44
    2869.247     0.800000         4071         5.00
    3041.279     0.825000         4197         5.71
    3239.935     0.850000         4324         6.67
    3446.783     0.875000         4454         8.00
    3540.991     0.887500         4516         8.89
    3627.007     0.900000         4579        10.00
    3719.167     0.912500         4642        11.43
    3842.047     0.925000         4706        13.33
    3960.831     0.937500         4770        16.00
    4016.127     0.943750         4802        17.78
    4089.855     0.950000         4833        20.00
    4153.343     0.956250         4865        22.86
    4243.455     0.962500         4899        26.67
    4337.663     0.968750         4930        32.00
    4395.007     0.971875         4944        35.56
    4444.159     0.975000         4961        40.00
    4509.695     0.978125         4976        45.71
    4579.327     0.981250         4992        53.33
    4640.767     0.984375         5009        64.00
    4677.631     0.985938         5016        71.11
    4726.783     0.987500         5025        80.00
    4759.551     0.989062         5032        91.43
    4825.087     0.990625         5040       106.67
    4915.199     0.992188         5050       128.00
    4923.391     0.992969         5053       142.22
    4964.351     0.993750         5056       160.00
    5046.271     0.994531         5060       182.86
    5128.191     0.995313         5064       213.33
    5173.247     0.996094         5068       256.00
    5210.111     0.996484         5070       284.44
    5234.687     0.996875         5072       320.00
    5283.839     0.997266         5074       365.71
    5332.991     0.997656         5076       426.67
    5353.471     0.998047         5079       512.00
    5353.471     0.998242         5079       568.89
    5378.047     0.998437         5080       640.00
    5382.143     0.998633         5081       731.43
    5406.719     0.998828         5082       853.33
    5435.391     0.999023         5083      1024.00
    5435.391     0.999121         5083      1137.78
    5447.679     0.999219         5084      1280.00
    5447.679     0.999316         5084      1462.86
    5500.927     0.999414         5085      1706.67
    5500.927     0.999512         5085      2048.00
    5500.927     0.999561         5085      2275.56
    5816.319     0.999609         5086      2560.00
    5816.319     0.999658         5086      2925.71
    5816.319     0.999707         5086      3413.33
    5816.319     0.999756         5086      4096.00
    5816.319     0.999780         5086      4551.11
    5828.607     0.999805         5087      5120.00
    5828.607     1.000000         5087          inf
#[Mean    =     1771.959, StdDeviation   =     1235.366]
#[Max     =     5824.512, Total count    =         5087]
#[Buckets =           27, SubBuckets     =         2048]
----------------------------------------------------------
  5088 requests in 10.01s, 1.76MB read
  Non-2xx or 3xx responses: 5088
Requests/sec:    508.36
Transfer/sec:    179.71KB
Running 10s test @ http://localhost:8080/wrk2-api/review/compose
  1 threads and 100 connections
  Thread Stats   Avg      Stdev     99%   +/- Stdev
    Latency     2.21s     1.40s    5.55s    61.86%
    Req/Sec       -nan      -nan   0.00      0.00%
  Latency Distribution (HdrHistogram - Recorded Latency)
 50.000%    2.08s 
 75.000%    3.25s 
 90.000%    4.14s 
 99.000%    5.55s 
 99.900%    6.08s 
 99.990%    6.53s 
 99.999%    6.53s 
100.000%    6.53s 

  Detailed Percentile spectrum:
       Value   Percentile   TotalCount 1/(1-Percentile)

       4.359     0.000000            1         1.00
     402.943     0.100000          499         1.11
     824.319     0.200000          998         1.25
    1235.967     0.300000         1497         1.43
    1657.855     0.400000         1996         1.67
    2075.647     0.500000         2495         2.00
    2308.095     0.550000         2747         2.22
    2551.807     0.600000         2995         2.50
    2764.799     0.650000         3244         2.86
    3026.943     0.700000         3495         3.33
    3248.127     0.750000         3743         4.00
    3389.439     0.775000         3870         4.44
    3522.559     0.800000         3993         5.00
    3651.583     0.825000         4120         5.71
    3829.759     0.850000         4243         6.67
    3962.879     0.875000         4367         8.00
    4050.943     0.887500         4431         8.89
    4141.055     0.900000         4491        10.00
    4243.455     0.912500         4554        11.43
    4333.567     0.925000         4618        13.33
    4456.447     0.937500         4682        16.00
    4538.367     0.943750         4710        17.78
    4607.999     0.950000         4741        20.00
    4685.823     0.956250         4772        22.86
    4763.647     0.962500         4803        26.67
    4857.855     0.968750         4835        32.00
    4907.007     0.971875         4850        35.56
    4984.831     0.975000         4868        40.00
    5033.983     0.978125         4881        45.71
    5148.671     0.981250         4897        53.33
    5308.415     0.984375         4913        64.00
    5365.759     0.985938         4920        71.11
    5410.815     0.987500         4928        80.00
    5525.503     0.989062         4936        91.43
    5574.655     0.990625         4944       106.67
    5652.479     0.992188         4952       128.00
    5681.151     0.992969         4955       142.22
    5718.015     0.993750         4959       160.00
    5746.687     0.994531         4964       182.86
    5758.975     0.995313         4967       213.33
    5804.031     0.996094         4971       256.00
    5828.607     0.996484         4973       284.44
    5894.143     0.996875         4975       320.00
    5935.103     0.997266         4977       365.71
    5947.391     0.997656         4979       426.67
    5976.063     0.998047         4981       512.00
    6037.503     0.998242         4982       568.89
    6078.463     0.998437         4985       640.00
    6078.463     0.998633         4985       731.43
    6078.463     0.998828         4985       853.33
    6082.559     0.999023         4987      1024.00
    6082.559     0.999121         4987      1137.78
    6082.559     0.999219         4987      1280.00
    6082.559     0.999316         4987      1462.86
    6160.383     0.999414         4988      1706.67
    6160.383     0.999512         4988      2048.00
    6160.383     0.999561         4988      2275.56
    6234.111     0.999609         4989      2560.00
    6234.111     0.999658         4989      2925.71
    6234.111     0.999707         4989      3413.33
    6234.111     0.999756         4989      4096.00
    6234.111     0.999780         4989      4551.11
    6529.023     0.999805         4990      5120.00
    6529.023     1.000000         4990          inf
#[Mean    =     2205.832, StdDeviation   =     1396.693]
#[Max     =     6524.928, Total count    =         4990]
#[Buckets =           27, SubBuckets     =         2048]
----------------------------------------------------------
  4991 requests in 10.00s, 1.72MB read
  Non-2xx or 3xx responses: 4991
Requests/sec:    499.10
Transfer/sec:    176.44KB
Running 10s test @ http://localhost:8080/wrk2-api/review/compose
  1 threads and 100 connections
  Thread Stats   Avg      Stdev     99%   +/- Stdev
    Latency     2.88s     1.53s    6.27s    61.87%
    Req/Sec       -nan      -nan   0.00      0.00%
  Latency Distribution (HdrHistogram - Recorded Latency)
 50.000%    2.81s 
 75.000%    4.06s 
 90.000%    5.02s 
 99.000%    6.27s 
 99.900%    7.09s 
 99.990%    7.29s 
 99.999%    7.29s 
100.000%    7.29s 

  Detailed Percentile spectrum:
       Value   Percentile   TotalCount 1/(1-Percentile)

       3.555     0.000000            1         1.00
     870.911     0.100000          457         1.11
    1371.135     0.200000          911         1.25
    1878.015     0.300000         1368         1.43
    2351.103     0.400000         1822         1.67
    2809.855     0.500000         2280         2.00
    3020.799     0.550000         2506         2.22
    3291.135     0.600000         2733         2.50
    3530.751     0.650000         2961         2.86
    3780.607     0.700000         3191         3.33
    4063.231     0.750000         3417         4.00
    4173.823     0.775000         3532         4.44
    4313.087     0.800000         3648         5.00
    4485.119     0.825000         3758         5.71
    4653.055     0.850000         3873         6.67
    4849.663     0.875000         3987         8.00
    4939.775     0.887500         4044         8.89
    5021.695     0.900000         4102        10.00
    5111.807     0.912500         4157        11.43
    5230.591     0.925000         4218        13.33
    5337.087     0.937500         4272        16.00
    5406.719     0.943750         4303        17.78
    5451.775     0.950000         4328        20.00
    5537.791     0.956250         4356        22.86
    5607.423     0.962500         4385        26.67
    5701.631     0.968750         4413        32.00
    5758.975     0.971875         4427        35.56
    5799.935     0.975000         4444        40.00
    5865.471     0.978125         4456        45.71
    5926.911     0.981250         4470        53.33
    6017.023     0.984375         4484        64.00
    6086.655     0.985938         4492        71.11
    6152.191     0.987500         4499        80.00
    6246.399     0.989062         4506        91.43
    6299.647     0.990625         4513       106.67
    6365.183     0.992188         4520       128.00
    6397.951     0.992969         4523       142.22
    6430.719     0.993750         4527       160.00
    6492.159     0.994531         4531       182.86
    6520.831     0.995313         4534       213.33
    6561.791     0.996094         4538       256.00
    6590.463     0.996484         4539       284.44
    6647.807     0.996875         4541       320.00
    6701.055     0.997266         4544       365.71
    6713.343     0.997656         4546       426.67
    6762.495     0.998047         4547       512.00
    6762.495     0.998242         4547       568.89
    6799.359     0.998437         4548       640.00
    6815.743     0.998633         4549       731.43
    7086.079     0.998828         4550       853.33
    7110.655     0.999023         4551      1024.00
    7110.655     0.999121         4551      1137.78
    7241.727     0.999219         4552      1280.00
    7241.727     0.999316         4552      1462.86
    7270.399     0.999414         4553      1706.67
    7270.399     0.999512         4553      2048.00
    7270.399     0.999561         4553      2275.56
    7278.591     0.999609         4554      2560.00
    7278.591     0.999658         4554      2925.71
    7278.591     0.999707         4554      3413.33
    7278.591     0.999756         4554      4096.00
    7278.591     0.999780         4554      4551.11
    7286.783     0.999805         4555      5120.00
    7286.783     1.000000         4555          inf
#[Mean    =     2883.383, StdDeviation   =     1533.605]
#[Max     =     7282.688, Total count    =         4555]
#[Buckets =           27, SubBuckets     =         2048]
----------------------------------------------------------
  4556 requests in 10.00s, 1.57MB read
  Non-2xx or 3xx responses: 4556
Requests/sec:    455.64
Transfer/sec:    161.08KB
Running 10s test @ http://localhost:8080/wrk2-api/review/compose
  1 threads and 100 connections
  Thread Stats   Avg      Stdev     99%   +/- Stdev
    Latency     3.67s     2.20s    7.66s    55.60%
    Req/Sec       -nan      -nan   0.00      0.00%
  Latency Distribution (HdrHistogram - Recorded Latency)
 50.000%    3.64s 
 75.000%    5.60s 
 90.000%    6.62s 
 99.000%    7.66s 
 99.900%    8.34s 
 99.990%    8.43s 
 99.999%    8.43s 
100.000%    8.43s 

  Detailed Percentile spectrum:
       Value   Percentile   TotalCount 1/(1-Percentile)

       4.299     0.000000            1         1.00
     737.791     0.100000          329         1.11
    1265.663     0.200000          660         1.25
    1887.231     0.300000          990         1.43
    2893.823     0.400000         1318         1.67
    3639.295     0.500000         1644         2.00
    4145.151     0.550000         1809         2.22
    4632.575     0.600000         1973         2.50
    4960.255     0.650000         2138         2.86
    5255.167     0.700000         2303         3.33
    5599.231     0.750000         2466         4.00
    5775.359     0.775000         2549         4.44
    5935.103     0.800000         2631         5.00
    6086.655     0.825000         2713         5.71
    6246.399     0.850000         2796         6.67
    6443.007     0.875000         2877         8.00
    6541.311     0.887500         2920         8.89
    6623.231     0.900000         2960        10.00
    6750.207     0.912500         3001        11.43
    6836.223     0.925000         3042        13.33
    6914.047     0.937500         3084        16.00
    6971.391     0.943750         3104        17.78
    7024.639     0.950000         3124        20.00
    7065.599     0.956250         3146        22.86
    7147.519     0.962500         3166        26.67
    7200.767     0.968750         3186        32.00
    7217.151     0.971875         3196        35.56
    7278.591     0.975000         3206        40.00
    7327.743     0.978125         3218        45.71
    7360.511     0.981250         3227        53.33
    7442.431     0.984375         3237        64.00
    7499.775     0.985938         3242        71.11
    7589.887     0.987500         3247        80.00
    7643.135     0.989062         3253        91.43
    7716.863     0.990625         3259       106.67
    7770.111     0.992188         3263       128.00
    7831.551     0.992969         3265       142.22
    7880.703     0.993750         3268       160.00
    7933.951     0.994531         3271       182.86
    7946.239     0.995313         3273       213.33
    8065.023     0.996094         3276       256.00
    8089.599     0.996484         3277       284.44
    8093.695     0.996875         3279       320.00
    8122.367     0.997266         3280       365.71
    8163.327     0.997656         3281       426.67
    8175.615     0.998047         3282       512.00
    8183.807     0.998242         3283       568.89
    8183.807     0.998437         3283       640.00
    8212.479     0.998633         3284       731.43
    8335.359     0.998828         3285       853.33
    8335.359     0.999023         3285      1024.00
    8339.455     0.999121         3286      1137.78
    8339.455     0.999219         3286      1280.00
    8339.455     0.999316         3286      1462.86
    8413.183     0.999414         3287      1706.67
    8413.183     0.999512         3287      2048.00
    8413.183     0.999561         3287      2275.56
    8413.183     0.999609         3287      2560.00
    8413.183     0.999658         3287      2925.71
    8429.567     0.999707         3288      3413.33
    8429.567     1.000000         3288          inf
#[Mean    =     3668.165, StdDeviation   =     2203.514]
#[Max     =     8421.376, Total count    =         3288]
#[Buckets =           27, SubBuckets     =         2048]
----------------------------------------------------------
  3289 requests in 10.01s, 1.14MB read
  Non-2xx or 3xx responses: 3289
Requests/sec:    328.55
Transfer/sec:    116.15KB
