Running 10s test @ http://localhost:8080/wrk2-api/review/compose
  1 threads and 100 connections
  Thread Stats   Avg      Stdev     99%   +/- Stdev
    Latency     5.61ms    2.59ms  16.91ms   89.10%
    Req/Sec       -nan      -nan   0.00      0.00%
  Latency Distribution (HdrHistogram - Recorded Latency)
 50.000%    4.77ms
 75.000%    6.34ms
 90.000%    8.37ms
 99.000%   16.91ms
 99.900%   22.69ms
 99.990%   30.14ms
 99.999%   30.14ms
100.000%   30.14ms

  Detailed Percentile spectrum:
       Value   Percentile   TotalCount 1/(1-Percentile)

       3.071     0.000000            1         1.00
       3.643     0.100000          182         1.11
       3.889     0.200000          363         1.25
       4.135     0.300000          543         1.43
       4.439     0.400000          726         1.67
       4.771     0.500000          905         2.00
       5.015     0.550000          996         2.22
       5.239     0.600000         1085         2.50
       5.563     0.650000         1176         2.86
       5.879     0.700000         1266         3.33
       6.335     0.750000         1356         4.00
       6.571     0.775000         1402         4.44
       6.847     0.800000         1447         5.00
       7.119     0.825000         1492         5.71
       7.535     0.850000         1537         6.67
       7.911     0.875000         1582         8.00
       8.179     0.887500         1606         8.89
       8.367     0.900000         1628        10.00
       8.647     0.912500         1650        11.43
       9.047     0.925000         1673        13.33
       9.439     0.937500         1695        16.00
       9.791     0.943750         1707        17.78
      10.207     0.950000         1718        20.00
      10.599     0.956250         1729        22.86
      11.079     0.962500         1741        26.67
      11.471     0.968750         1752        32.00
      11.791     0.971875         1758        35.56
      12.047     0.975000         1763        40.00
      12.719     0.978125         1769        45.71
      13.391     0.981250         1775        53.33
      14.407     0.984375         1780        64.00
      14.903     0.985938         1783        71.11
      15.415     0.987500         1786        80.00
      16.879     0.989062         1789        91.43
      17.375     0.990625         1792       106.67
      17.807     0.992188         1794       128.00
      18.767     0.992969         1796       142.22
      19.631     0.993750         1797       160.00
      20.015     0.994531         1799       182.86
      20.319     0.995313         1800       213.33
      20.751     0.996094         1801       256.00
      20.767     0.996484         1802       284.44
      21.423     0.996875         1803       320.00
      22.223     0.997266         1804       365.71
      22.223     0.997656         1804       426.67
      22.623     0.998047         1805       512.00
      22.623     0.998242         1805       568.89
      22.687     0.998437         1806       640.00
      22.687     0.998633         1806       731.43
      22.687     0.998828         1806       853.33
      27.759     0.999023         1807      1024.00
      27.759     0.999121         1807      1137.78
      27.759     0.999219         1807      1280.00
      27.759     0.999316         1807      1462.86
      27.759     0.999414         1807      1706.67
      30.143     0.999512         1808      2048.00
      30.143     1.000000         1808          inf
#[Mean    =        5.606, StdDeviation   =        2.590]
#[Max     =       30.128, Total count    =         1808]
#[Buckets =           27, SubBuckets     =         2048]
----------------------------------------------------------
  1809 requests in 10.00s, 639.51KB read
  Socket errors: connect 0, read 0, write 0, timeout 16
  Non-2xx or 3xx responses: 1809
Requests/sec:    180.81
Transfer/sec:     63.92KB
Running 10s test @ http://localhost:8080/wrk2-api/review/compose
  1 threads and 100 connections
  Thread Stats   Avg      Stdev     99%   +/- Stdev
    Latency     6.30ms    3.16ms  18.54ms   88.26%
    Req/Sec       -nan      -nan   0.00      0.00%
  Latency Distribution (HdrHistogram - Recorded Latency)
 50.000%    5.32ms
 75.000%    7.27ms
 90.000%    9.90ms
 99.000%   18.54ms
 99.900%   29.41ms
 99.990%   39.94ms
 99.999%   39.94ms
100.000%   39.94ms

  Detailed Percentile spectrum:
       Value   Percentile   TotalCount 1/(1-Percentile)

       3.103     0.000000            1         1.00
       3.763     0.100000          301         1.11
       4.083     0.200000          596         1.25
       4.447     0.300000          899         1.43
       4.859     0.400000         1196         1.67
       5.319     0.500000         1492         2.00
       5.615     0.550000         1641         2.22
       5.971     0.600000         1788         2.50
       6.335     0.650000         1937         2.86
       6.747     0.700000         2086         3.33
       7.267     0.750000         2235         4.00
       7.555     0.775000         2313         4.44
       7.895     0.800000         2384         5.00
       8.279     0.825000         2461         5.71
       8.671     0.850000         2533         6.67
       9.207     0.875000         2609         8.00
       9.567     0.887500         2647         8.89
       9.895     0.900000         2683        10.00
      10.343     0.912500         2720        11.43
      10.767     0.925000         2757        13.33
      11.255     0.937500         2794        16.00
      11.639     0.943750         2813        17.78
      11.999     0.950000         2831        20.00
      12.551     0.956250         2850        22.86
      13.255     0.962500         2869        26.67
      13.831     0.968750         2887        32.00
      14.247     0.971875         2897        35.56
      14.655     0.975000         2906        40.00
      15.071     0.978125         2915        45.71
      16.151     0.981250         2925        53.33
      16.943     0.984375         2934        64.00
      17.455     0.985938         2940        71.11
      17.663     0.987500         2943        80.00
      18.351     0.989062         2949        91.43
      19.263     0.990625         2953       106.67
      20.063     0.992188         2957       128.00
      20.335     0.992969         2960       142.22
      21.119     0.993750         2962       160.00
      21.647     0.994531         2964       182.86
      22.063     0.995313         2967       213.33
      23.727     0.996094         2969       256.00
      24.031     0.996484         2970       284.44
      24.159     0.996875         2971       320.00
      24.575     0.997266         2972       365.71
      27.247     0.997656         2974       426.67
      27.503     0.998047         2975       512.00
      27.503     0.998242         2975       568.89
      28.751     0.998437         2976       640.00
      28.751     0.998633         2976       731.43
      29.407     0.998828         2977       853.33
      29.535     0.999023         2978      1024.00
      29.535     0.999121         2978      1137.78
      29.535     0.999219         2978      1280.00
      29.535     0.999316         2978      1462.86
      29.583     0.999414         2979      1706.67
      29.583     0.999512         2979      2048.00
      29.583     0.999561         2979      2275.56
      29.583     0.999609         2979      2560.00
      29.583     0.999658         2979      2925.71
      39.935     0.999707         2980      3413.33
      39.935     1.000000         2980          inf
#[Mean    =        6.297, StdDeviation   =        3.155]
#[Max     =       39.904, Total count    =         2980]
#[Buckets =           27, SubBuckets     =         2048]
----------------------------------------------------------
  2981 requests in 10.00s, 1.03MB read
  Socket errors: connect 0, read 0, write 0, timeout 1
  Non-2xx or 3xx responses: 2981
Requests/sec:    298.06
Transfer/sec:    105.37KB
Running 10s test @ http://localhost:8080/wrk2-api/review/compose
  1 threads and 100 connections
  Thread Stats   Avg      Stdev     99%   +/- Stdev
    Latency     7.71ms    4.64ms  25.23ms   88.51%
    Req/Sec       -nan      -nan   0.00      0.00%
  Latency Distribution (HdrHistogram - Recorded Latency)
 50.000%    6.22ms
 75.000%    9.08ms
 90.000%   13.02ms
 99.000%   25.23ms
 99.900%   41.76ms
 99.990%   62.59ms
 99.999%   62.59ms
100.000%   62.59ms

  Detailed Percentile spectrum:
       Value   Percentile   TotalCount 1/(1-Percentile)

       3.067     0.000000            1         1.00
       3.961     0.100000          397         1.11
       4.479     0.200000          796         1.25
       4.983     0.300000         1191         1.43
       5.515     0.400000         1590         1.67
       6.223     0.500000         1984         2.00
       6.699     0.550000         2182         2.22
       7.311     0.600000         2383         2.50
       7.871     0.650000         2579         2.86
       8.463     0.700000         2778         3.33
       9.087     0.750000         2980         4.00
       9.495     0.775000         3075         4.44
       9.991     0.800000         3174         5.00
      10.471     0.825000         3273         5.71
      11.119     0.850000         3372         6.67
      11.975     0.875000         3472         8.00
      12.511     0.887500         3522         8.89
      13.031     0.900000         3571        10.00
      13.663     0.912500         3621        11.43
      14.551     0.925000         3670        13.33
      15.383     0.937500         3720        16.00
      15.887     0.943750         3744        17.78
      16.559     0.950000         3769        20.00
      17.327     0.956250         3794        22.86
      18.063     0.962500         3819        26.67
      18.879     0.968750         3845        32.00
      19.391     0.971875         3856        35.56
      19.695     0.975000         3868        40.00
      20.719     0.978125         3881        45.71
      21.503     0.981250         3893        53.33
      22.479     0.984375         3906        64.00
      23.071     0.985938         3912        71.11
      23.631     0.987500         3918        80.00
      24.575     0.989062         3924        91.43
      25.791     0.990625         3930       106.67
      27.055     0.992188         3937       128.00
      27.359     0.992969         3940       142.22
      27.743     0.993750         3943       160.00
      28.383     0.994531         3946       182.86
      29.567     0.995313         3949       213.33
      34.207     0.996094         3952       256.00
      35.007     0.996484         3954       284.44
      35.679     0.996875         3955       320.00
      37.375     0.997266         3957       365.71
      38.143     0.997656         3958       426.67
      39.455     0.998047         3960       512.00
      39.743     0.998242         3961       568.89
      39.743     0.998437         3961       640.00
      40.767     0.998633         3962       731.43
      41.759     0.998828         3963       853.33
      43.487     0.999023         3964      1024.00
      43.487     0.999121         3964      1137.78
      43.487     0.999219         3964      1280.00
      44.767     0.999316         3965      1462.86
      44.767     0.999414         3965      1706.67
      45.887     0.999512         3966      2048.00
      45.887     0.999561         3966      2275.56
      45.887     0.999609         3966      2560.00
      45.887     0.999658         3966      2925.71
      45.887     0.999707         3966      3413.33
      62.591     0.999756         3967      4096.00
      62.591     1.000000         3967          inf
#[Mean    =        7.712, StdDeviation   =        4.643]
#[Max     =       62.560, Total count    =         3967]
#[Buckets =           27, SubBuckets     =         2048]
----------------------------------------------------------
  3968 requests in 10.00s, 1.37MB read
  Non-2xx or 3xx responses: 3968
Requests/sec:    396.82
Transfer/sec:    140.28KB
Running 10s test @ http://localhost:8080/wrk2-api/review/compose
  1 threads and 100 connections
  Thread Stats   Avg      Stdev     99%   +/- Stdev
    Latency    10.71ms   10.06ms  55.17ms   91.87%
    Req/Sec       -nan      -nan   0.00      0.00%
  Latency Distribution (HdrHistogram - Recorded Latency)
 50.000%    7.86ms
 75.000%   12.53ms
 90.000%   19.33ms
 99.000%   55.17ms
 99.900%   99.07ms
 99.990%  183.17ms
 99.999%  183.17ms
100.000%  183.17ms

  Detailed Percentile spectrum:
       Value   Percentile   TotalCount 1/(1-Percentile)

       2.991     0.000000            1         1.00
       4.271     0.100000          495         1.11
       5.035     0.200000          991         1.25
       5.803     0.300000         1485         1.43
       6.695     0.400000         1982         1.67
       7.863     0.500000         2473         2.00
       8.567     0.550000         2722         2.22
       9.271     0.600000         2968         2.50
      10.239     0.650000         3218         2.86
      11.303     0.700000         3466         3.33
      12.527     0.750000         3711         4.00
      13.279     0.775000         3834         4.44
      14.103     0.800000         3957         5.00
      14.999     0.825000         4082         5.71
      16.071     0.850000         4205         6.67
      17.471     0.875000         4329         8.00
      18.431     0.887500         4390         8.89
      19.327     0.900000         4452        10.00
      20.335     0.912500         4515        11.43
      21.503     0.925000         4577        13.33
      22.911     0.937500         4637        16.00
      23.983     0.943750         4669        17.78
      24.927     0.950000         4699        20.00
      26.479     0.956250         4730        22.86
      27.935     0.962500         4761        26.67
      29.903     0.968750         4792        32.00
      30.911     0.971875         4807        35.56
      32.863     0.975000         4823        40.00
      35.647     0.978125         4838        45.71
      38.495     0.981250         4854        53.33
      42.911     0.984375         4869        64.00
      45.503     0.985938         4877        71.11
      49.599     0.987500         4885        80.00
      53.663     0.989062         4892        91.43
      56.767     0.990625         4900       106.67
      61.183     0.992188         4908       128.00
      65.279     0.992969         4912       142.22
      68.223     0.993750         4917       160.00
      69.247     0.994531         4919       182.86
      71.679     0.995313         4923       213.33
      74.815     0.996094         4927       256.00
      76.799     0.996484         4929       284.44
      80.895     0.996875         4931       320.00
      83.071     0.997266         4933       365.71
      84.031     0.997656         4935       426.67
      86.911     0.998047         4937       512.00
      87.999     0.998242         4938       568.89
      89.663     0.998437         4939       640.00
      90.175     0.998633         4940       731.43
      99.071     0.998828         4941       853.33
     115.263     0.999023         4942      1024.00
     115.263     0.999121         4942      1137.78
     117.375     0.999219         4943      1280.00
     117.375     0.999316         4943      1462.86
     147.327     0.999414         4944      1706.67
     147.327     0.999512         4944      2048.00
     147.327     0.999561         4944      2275.56
     175.231     0.999609         4945      2560.00
     175.231     0.999658         4945      2925.71
     175.231     0.999707         4945      3413.33
     175.231     0.999756         4945      4096.00
     175.231     0.999780         4945      4551.11
     183.167     0.999805         4946      5120.00
     183.167     1.000000         4946          inf
#[Mean    =       10.710, StdDeviation   =       10.062]
#[Max     =      183.040, Total count    =         4946]
#[Buckets =           27, SubBuckets     =         2048]
----------------------------------------------------------
  4947 requests in 10.00s, 1.71MB read
  Non-2xx or 3xx responses: 4947
Requests/sec:    494.77
Transfer/sec:    174.91KB
Running 10s test @ http://localhost:8080/wrk2-api/review/compose
  1 threads and 100 connections
  Thread Stats   Avg      Stdev     99%   +/- Stdev
    Latency    15.02ms   12.50ms  60.48ms   86.56%
    Req/Sec       -nan      -nan   0.00      0.00%
  Latency Distribution (HdrHistogram - Recorded Latency)
 50.000%   10.70ms
 75.000%   19.65ms
 90.000%   31.28ms
 99.000%   60.48ms
 99.900%   91.65ms
 99.990%  106.88ms
 99.999%  116.99ms
100.000%  116.99ms

  Detailed Percentile spectrum:
       Value   Percentile   TotalCount 1/(1-Percentile)

       3.119     0.000000            1         1.00
       4.647     0.100000          596         1.11
       5.683     0.200000         1191         1.25
       6.903     0.300000         1785         1.43
       8.391     0.400000         2380         1.67
      10.703     0.500000         2973         2.00
      11.951     0.550000         3271         2.22
      13.535     0.600000         3568         2.50
      15.471     0.650000         3865         2.86
      17.359     0.700000         4163         3.33
      19.647     0.750000         4460         4.00
      21.039     0.775000         4611         4.44
      22.559     0.800000         4757         5.00
      24.319     0.825000         4906         5.71
      26.351     0.850000         5055         6.67
      28.511     0.875000         5203         8.00
      29.759     0.887500         5278         8.89
      31.279     0.900000         5352        10.00
      33.119     0.912500         5426        11.43
      34.655     0.925000         5504        13.33
      36.671     0.937500         5575        16.00
      37.919     0.943750         5613        17.78
      39.231     0.950000         5650        20.00
      41.119     0.956250         5686        22.86
      43.519     0.962500         5725        26.67
      45.695     0.968750         5763        32.00
      46.719     0.971875         5779        35.56
      48.127     0.975000         5798        40.00
      49.823     0.978125         5816        45.71
      52.415     0.981250         5835        53.33
      54.975     0.984375         5854        64.00
      56.479     0.985938         5863        71.11
      57.727     0.987500         5872        80.00
      59.359     0.989062         5881        91.43
      61.119     0.990625         5891       106.67
      64.895     0.992188         5900       128.00
      67.263     0.992969         5905       142.22
      68.735     0.993750         5909       160.00
      70.463     0.994531         5914       182.86
      72.767     0.995313         5919       213.33
      74.175     0.996094         5923       256.00
      77.119     0.996484         5926       284.44
      80.319     0.996875         5928       320.00
      82.047     0.997266         5930       365.71
      83.839     0.997656         5933       426.67
      84.991     0.998047         5935       512.00
      88.255     0.998242         5936       568.89
      88.447     0.998437         5938       640.00
      88.447     0.998633         5938       731.43
      91.647     0.998828         5940       853.33
      94.527     0.999023         5941      1024.00
      94.527     0.999121         5941      1137.78
      97.279     0.999219         5942      1280.00
      97.279     0.999316         5942      1462.86
     100.031     0.999414         5943      1706.67
     105.791     0.999512         5944      2048.00
     105.791     0.999561         5944      2275.56
     105.791     0.999609         5944      2560.00
     105.791     0.999658         5944      2925.71
     106.879     0.999707         5945      3413.33
     106.879     0.999756         5945      4096.00
     106.879     0.999780         5945      4551.11
     106.879     0.999805         5945      5120.00
     106.879     0.999829         5945      5851.43
     116.991     0.999854         5946      6826.67
     116.991     1.000000         5946          inf
#[Mean    =       15.023, StdDeviation   =       12.496]
#[Max     =      116.928, Total count    =         5946]
#[Buckets =           27, SubBuckets     =         2048]
----------------------------------------------------------
  5948 requests in 10.00s, 2.05MB read
  Non-2xx or 3xx responses: 5948
Requests/sec:    594.74
Transfer/sec:    210.25KB
Running 10s test @ http://localhost:8080/wrk2-api/review/compose
  1 threads and 100 connections
  Thread Stats   Avg      Stdev     99%   +/- Stdev
    Latency   319.87ms  363.78ms   1.55s    84.98%
    Req/Sec       -nan      -nan   0.00      0.00%
  Latency Distribution (HdrHistogram - Recorded Latency)
 50.000%  202.75ms
 75.000%  457.21ms
 90.000%  856.06ms
 99.000%    1.55s 
 99.900%    2.14s 
 99.990%    2.30s 
 99.999%    2.34s 
100.000%    2.34s 

  Detailed Percentile spectrum:
       Value   Percentile   TotalCount 1/(1-Percentile)

       3.179     0.000000            1         1.00
       6.403     0.100000          644         1.11
      13.271     0.200000         1287         1.25
      79.487     0.300000         1931         1.43
     135.807     0.400000         2576         1.67
     202.751     0.500000         3218         2.00
     230.783     0.550000         3539         2.22
     258.687     0.600000         3860         2.50
     308.479     0.650000         4183         2.86
     381.695     0.700000         4504         3.33
     457.215     0.750000         4825         4.00
     499.711     0.775000         4986         4.44
     552.959     0.800000         5148         5.00
     612.863     0.825000         5309         5.71
     685.055     0.850000         5469         6.67
     763.391     0.875000         5630         8.00
     809.983     0.887500         5710         8.89
     856.063     0.900000         5791        10.00
     904.703     0.912500         5872        11.43
     958.975     0.925000         5951        13.33
    1029.119     0.937500         6031        16.00
    1063.935     0.943750         6072        17.78
    1101.823     0.950000         6112        20.00
    1151.999     0.956250         6152        22.86
    1200.127     0.962500         6195        26.67
    1240.063     0.968750         6232        32.00
    1271.807     0.971875         6253        35.56
    1295.359     0.975000         6273        40.00
    1328.127     0.978125         6293        45.71
    1358.847     0.981250         6313        53.33
    1407.999     0.984375         6333        64.00
    1452.031     0.985938         6343        71.11
    1480.703     0.987500         6353        80.00
    1524.735     0.989062         6363        91.43
    1550.335     0.990625         6373       106.67
    1600.511     0.992188         6383       128.00
    1628.159     0.992969         6388       142.22
    1690.623     0.993750         6393       160.00
    1722.367     0.994531         6398       182.86
    1794.047     0.995313         6404       213.33
    1815.551     0.996094         6408       256.00
    1850.367     0.996484         6411       284.44
    1878.015     0.996875         6413       320.00
    1894.399     0.997266         6416       365.71
    1952.767     0.997656         6418       426.67
    2033.663     0.998047         6421       512.00
    2035.711     0.998242         6422       568.89
    2073.599     0.998437         6423       640.00
    2134.015     0.998633         6425       731.43
    2138.111     0.998828         6426       853.33
    2140.159     0.999023         6427      1024.00
    2142.207     0.999121         6428      1137.78
    2142.207     0.999219         6428      1280.00
    2166.783     0.999316         6429      1462.86
    2207.743     0.999414         6430      1706.67
    2207.743     0.999512         6430      2048.00
    2222.079     0.999561         6431      2275.56
    2222.079     0.999609         6431      2560.00
    2222.079     0.999658         6431      2925.71
    2301.951     0.999707         6432      3413.33
    2301.951     0.999756         6432      4096.00
    2301.951     0.999780         6432      4551.11
    2301.951     0.999805         6432      5120.00
    2301.951     0.999829         6432      5851.43
    2338.815     0.999854         6433      6826.67
    2338.815     1.000000         6433          inf
#[Mean    =      319.874, StdDeviation   =      363.775]
#[Max     =     2336.768, Total count    =         6433]
#[Buckets =           27, SubBuckets     =         2048]
----------------------------------------------------------
  6434 requests in 10.00s, 2.22MB read
  Non-2xx or 3xx responses: 6434
Requests/sec:    643.28
Transfer/sec:    227.41KB
Running 10s test @ http://localhost:8080/wrk2-api/review/compose
  1 threads and 100 connections
  Thread Stats   Avg      Stdev     99%   +/- Stdev
    Latency   934.86ms  726.10ms   2.93s    66.70%
    Req/Sec       -nan      -nan   0.00      0.00%
  Latency Distribution (HdrHistogram - Recorded Latency)
 50.000%  781.31ms
 75.000%    1.39s 
 90.000%    1.99s 
 99.000%    2.93s 
 99.900%    3.43s 
 99.990%    3.53s 
 99.999%    3.56s 
100.000%    3.56s 

  Detailed Percentile spectrum:
       Value   Percentile   TotalCount 1/(1-Percentile)

       3.305     0.000000            1         1.00
     119.295     0.100000          644         1.11
     273.663     0.200000         1288         1.25
     422.655     0.300000         1931         1.43
     589.311     0.400000         2574         1.67
     781.311     0.500000         3219         2.00
     891.903     0.550000         3540         2.22
     991.231     0.600000         3861         2.50
    1105.919     0.650000         4183         2.86
    1247.231     0.700000         4505         3.33
    1387.519     0.750000         4828         4.00
    1471.487     0.775000         4987         4.44
    1562.623     0.800000         5150         5.00
    1661.951     0.825000         5308         5.71
    1762.303     0.850000         5469         6.67
    1870.847     0.875000         5629         8.00
    1925.119     0.887500         5711         8.89
    1986.559     0.900000         5790        10.00
    2069.503     0.912500         5872        11.43
    2144.255     0.925000         5953        13.33
    2240.511     0.937500         6033        16.00
    2285.567     0.943750         6073        17.78
    2344.959     0.950000         6112        20.00
    2402.303     0.956250         6152        22.86
    2459.647     0.962500         6192        26.67
    2568.191     0.968750         6233        32.00
    2588.671     0.971875         6253        35.56
    2639.871     0.975000         6273        40.00
    2676.735     0.978125         6294        45.71
    2721.791     0.981250         6314        53.33
    2785.279     0.984375         6333        64.00
    2822.143     0.985938         6343        71.11
    2850.815     0.987500         6354        80.00
    2904.063     0.989062         6363        91.43
    2932.735     0.990625         6373       106.67
    2969.599     0.992188         6384       128.00
    2977.791     0.992969         6388       142.22
    3020.799     0.993750         6393       160.00
    3094.527     0.994531         6398       182.86
    3133.439     0.995313         6403       213.33
    3198.975     0.996094         6408       256.00
    3225.599     0.996484         6411       284.44
    3250.175     0.996875         6413       320.00
    3266.559     0.997266         6416       365.71
    3276.799     0.997656         6418       426.67
    3311.615     0.998047         6421       512.00
    3325.951     0.998242         6422       568.89
    3344.383     0.998437         6424       640.00
    3360.767     0.998633         6425       731.43
    3389.439     0.998828         6426       853.33
    3430.399     0.999023         6427      1024.00
    3448.831     0.999121         6428      1137.78
    3448.831     0.999219         6428      1280.00
    3450.879     0.999316         6429      1462.86
    3485.695     0.999414         6430      1706.67
    3485.695     0.999512         6430      2048.00
    3520.511     0.999561         6431      2275.56
    3520.511     0.999609         6431      2560.00
    3520.511     0.999658         6431      2925.71
    3532.799     0.999707         6432      3413.33
    3532.799     0.999756         6432      4096.00
    3532.799     0.999780         6432      4551.11
    3532.799     0.999805         6432      5120.00
    3532.799     0.999829         6432      5851.43
    3555.327     0.999854         6433      6826.67
    3555.327     1.000000         6433          inf
#[Mean    =      934.865, StdDeviation   =      726.097]
#[Max     =     3553.280, Total count    =         6433]
#[Buckets =           27, SubBuckets     =         2048]
----------------------------------------------------------
  6434 requests in 10.00s, 2.22MB read
  Non-2xx or 3xx responses: 6434
Requests/sec:    643.46
Transfer/sec:    227.47KB
Running 10s test @ http://localhost:8080/wrk2-api/review/compose
  1 threads and 100 connections
  Thread Stats   Avg      Stdev     99%   +/- Stdev
    Latency     1.31s   988.54ms   3.91s    64.82%
    Req/Sec       -nan      -nan   0.00      0.00%
  Latency Distribution (HdrHistogram - Recorded Latency)
 50.000%    1.08s 
 75.000%    2.00s 
 90.000%    2.75s 
 99.000%    3.91s 
 99.900%    4.56s 
 99.990%    4.95s 
 99.999%    5.06s 
100.000%    5.06s 

  Detailed Percentile spectrum:
       Value   Percentile   TotalCount 1/(1-Percentile)

       3.641     0.000000            1         1.00
     195.583     0.100000          651         1.11
     381.183     0.200000         1302         1.25
     586.239     0.300000         1954         1.43
     824.319     0.400000         2604         1.67
    1079.295     0.500000         3255         2.00
    1233.919     0.550000         3584         2.22
    1402.879     0.600000         3908         2.50
    1596.415     0.650000         4232         2.86
    1786.879     0.700000         4559         3.33
    2001.919     0.750000         4882         4.00
    2103.295     0.775000         5047         4.44
    2209.791     0.800000         5209         5.00
    2324.479     0.825000         5371         5.71
    2441.215     0.850000         5534         6.67
    2574.335     0.875000         5697         8.00
    2650.111     0.887500         5779         8.89
    2746.367     0.900000         5860        10.00
    2838.527     0.912500         5940        11.43
    2926.591     0.925000         6022        13.33
    3020.799     0.937500         6103        16.00
    3076.095     0.943750         6143        17.78
    3141.631     0.950000         6184        20.00
    3231.743     0.956250         6226        22.86
    3301.375     0.962500         6265        26.67
    3414.015     0.968750         6307        32.00
    3465.215     0.971875         6326        35.56
    3547.135     0.975000         6347        40.00
    3612.671     0.978125         6367        45.71
    3692.543     0.981250         6388        53.33
    3768.319     0.984375         6408        64.00
    3817.471     0.985938         6418        71.11
    3844.095     0.987500         6428        80.00
    3876.863     0.989062         6438        91.43
    3940.351     0.990625         6448       106.67
    4012.031     0.992188         6459       128.00
    4069.375     0.992969         6464       142.22
    4089.855     0.993750         6469       160.00
    4106.239     0.994531         6475       182.86
    4112.383     0.995313         6479       213.33
    4188.159     0.996094         6484       256.00
    4284.415     0.996484         6487       284.44
    4308.991     0.996875         6489       320.00
    4362.239     0.997266         6492       365.71
    4390.911     0.997656         6494       426.67
    4476.927     0.998047         6497       512.00
    4481.023     0.998242         6498       568.89
    4538.367     0.998437         6499       640.00
    4550.655     0.998633         6501       731.43
    4562.943     0.998828         6502       853.33
    4591.615     0.999023         6504      1024.00
    4591.615     0.999121         6504      1137.78
    4591.615     0.999219         6504      1280.00
    4595.711     0.999316         6505      1462.86
    4620.287     0.999414         6506      1706.67
    4620.287     0.999512         6506      2048.00
    4857.855     0.999561         6507      2275.56
    4857.855     0.999609         6507      2560.00
    4857.855     0.999658         6507      2925.71
    4952.063     0.999707         6508      3413.33
    4952.063     0.999756         6508      4096.00
    4952.063     0.999780         6508      4551.11
    4952.063     0.999805         6508      5120.00
    4952.063     0.999829         6508      5851.43
    5062.655     0.999854         6509      6826.67
    5062.655     1.000000         6509          inf
#[Mean    =     1305.211, StdDeviation   =      988.544]
#[Max     =     5058.560, Total count    =         6509]
#[Buckets =           27, SubBuckets     =         2048]
----------------------------------------------------------
  6510 requests in 10.00s, 2.25MB read
  Non-2xx or 3xx responses: 6510
Requests/sec:    651.07
Transfer/sec:    230.16KB
Running 10s test @ http://localhost:8080/wrk2-api/review/compose
  1 threads and 100 connections
  Thread Stats   Avg      Stdev     99%   +/- Stdev
    Latency     1.74s     1.15s    4.63s    63.14%
    Req/Sec       -nan      -nan   0.00      0.00%
  Latency Distribution (HdrHistogram - Recorded Latency)
 50.000%    1.61s 
 75.000%    2.54s 
 90.000%    3.38s 
 99.000%    4.63s 
 99.900%    5.30s 
 99.990%    5.59s 
 99.999%    5.82s 
100.000%    5.82s 

  Detailed Percentile spectrum:
       Value   Percentile   TotalCount 1/(1-Percentile)

       3.701     0.000000            1         1.00
     293.375     0.100000          642         1.11
     631.295     0.200000         1284         1.25
     957.439     0.300000         1926         1.43
    1277.951     0.400000         2569         1.67
    1607.679     0.500000         3210         2.00
    1784.831     0.550000         3536         2.22
    1949.695     0.600000         3853         2.50
    2136.063     0.650000         4175         2.86
    2324.479     0.700000         4495         3.33
    2535.423     0.750000         4818         4.00
    2650.111     0.775000         4975         4.44
    2766.847     0.800000         5136         5.00
    2916.351     0.825000         5301         5.71
    3057.663     0.850000         5458         6.67
    3196.927     0.875000         5618         8.00
    3287.039     0.887500         5697         8.89
    3377.151     0.900000         5778        10.00
    3457.023     0.912500         5858        11.43
    3545.087     0.925000         5938        13.33
    3661.823     0.937500         6019        16.00
    3741.695     0.943750         6064        17.78
    3809.279     0.950000         6099        20.00
    3874.815     0.956250         6139        22.86
    3956.735     0.962500         6179        26.67
    4044.799     0.968750         6219        32.00
    4093.951     0.971875         6239        35.56
    4149.247     0.975000         6259        40.00
    4247.551     0.978125         6279        45.71
    4308.991     0.981250         6300        53.33
    4395.007     0.984375         6319        64.00
    4440.063     0.985938         6329        71.11
    4468.735     0.987500         6339        80.00
    4562.943     0.989062         6349        91.43
    4648.959     0.990625         6359       106.67
    4734.975     0.992188         6369       128.00
    4788.223     0.992969         6374       142.22
    4894.719     0.993750         6379       160.00
    4931.583     0.994531         6384       182.86
    4960.255     0.995313         6389       213.33
    5001.215     0.996094         6394       256.00
    5058.559     0.996484         6398       284.44
    5074.943     0.996875         6399       320.00
    5103.615     0.997266         6402       365.71
    5132.287     0.997656         6404       426.67
    5185.535     0.998047         6407       512.00
    5197.823     0.998242         6408       568.89
    5206.015     0.998437         6409       640.00
    5230.591     0.998633         6411       731.43
    5283.839     0.998828         6412       853.33
    5304.319     0.999023         6413      1024.00
    5308.415     0.999121         6414      1137.78
    5308.415     0.999219         6414      1280.00
    5324.799     0.999316         6415      1462.86
    5459.967     0.999414         6416      1706.67
    5459.967     0.999512         6416      2048.00
    5558.271     0.999561         6417      2275.56
    5558.271     0.999609         6417      2560.00
    5558.271     0.999658         6417      2925.71
    5586.943     0.999707         6418      3413.33
    5586.943     0.999756         6418      4096.00
    5586.943     0.999780         6418      4551.11
    5586.943     0.999805         6418      5120.00
    5586.943     0.999829         6418      5851.43
    5824.511     0.999854         6419      6826.67
    5824.511     1.000000         6419          inf
#[Mean    =     1740.204, StdDeviation   =     1147.391]
#[Max     =     5820.416, Total count    =         6419]
#[Buckets =           27, SubBuckets     =         2048]
----------------------------------------------------------
  6420 requests in 10.00s, 2.22MB read
  Non-2xx or 3xx responses: 6420
Requests/sec:    641.86
Transfer/sec:    226.91KB
Running 10s test @ http://localhost:8080/wrk2-api/review/compose
  1 threads and 100 connections
  Thread Stats   Avg      Stdev     99%   +/- Stdev
    Latency     2.11s     1.31s    5.11s    61.28%
    Req/Sec       -nan      -nan   0.00      0.00%
  Latency Distribution (HdrHistogram - Recorded Latency)
 50.000%    2.00s 
 75.000%    3.12s 
 90.000%    3.94s 
 99.000%    5.11s 
 99.900%    5.75s 
 99.990%    6.03s 
 99.999%    6.04s 
100.000%    6.04s 

  Detailed Percentile spectrum:
       Value   Percentile   TotalCount 1/(1-Percentile)

       3.851     0.000000            1         1.00
     401.151     0.100000          623         1.11
     836.095     0.200000         1246         1.25
    1196.031     0.300000         1869         1.43
    1579.007     0.400000         2493         1.67
    1995.775     0.500000         3119         2.00
    2201.599     0.550000         3427         2.22
    2424.831     0.600000         3740         2.50
    2650.111     0.650000         4051         2.86
    2879.487     0.700000         4362         3.33
    3121.151     0.750000         4674         4.00
    3262.463     0.775000         4833         4.44
    3403.775     0.800000         4984         5.00
    3534.847     0.825000         5140         5.71
    3653.631     0.850000         5296         6.67
    3796.991     0.875000         5454         8.00
    3868.671     0.887500         5531         8.89
    3936.255     0.900000         5609        10.00
    4007.935     0.912500         5685        11.43
    4104.191     0.925000         5764        13.33
    4184.063     0.937500         5841        16.00
    4268.031     0.943750         5882        17.78
    4333.567     0.950000         5920        20.00
    4399.103     0.956250         5958        22.86
    4485.119     0.962500         6004        26.67
    4558.847     0.968750         6036        32.00
    4624.383     0.971875         6055        35.56
    4689.919     0.975000         6075        40.00
    4743.167     0.978125         6094        45.71
    4816.895     0.981250         6114        53.33
    4935.679     0.984375         6133        64.00
    4984.831     0.985938         6144        71.11
    5025.791     0.987500         6153        80.00
    5079.039     0.989062         6162        91.43
    5140.479     0.990625         6172       106.67
    5197.823     0.992188         6182       128.00
    5226.495     0.992969         6187       142.22
    5259.263     0.993750         6192       160.00
    5283.839     0.994531         6196       182.86
    5357.567     0.995313         6201       213.33
    5484.543     0.996094         6206       256.00
    5513.215     0.996484         6209       284.44
    5623.807     0.996875         6211       320.00
    5640.191     0.997266         6213       365.71
    5656.575     0.997656         6216       426.67
    5701.631     0.998047         6218       512.00
    5730.303     0.998242         6220       568.89
    5734.399     0.998437         6222       640.00
    5734.399     0.998633         6222       731.43
    5742.591     0.998828         6223       853.33
    5746.687     0.999023         6224      1024.00
    5787.647     0.999121         6225      1137.78
    5799.935     0.999219         6226      1280.00
    5799.935     0.999316         6226      1462.86
    5836.799     0.999414         6227      1706.67
    5836.799     0.999512         6227      2048.00
    5943.295     0.999561         6228      2275.56
    5943.295     0.999609         6228      2560.00
    5943.295     0.999658         6228      2925.71
    6029.311     0.999707         6229      3413.33
    6029.311     0.999756         6229      4096.00
    6029.311     0.999780         6229      4551.11
    6029.311     0.999805         6229      5120.00
    6029.311     0.999829         6229      5851.43
    6037.503     0.999854         6230      6826.67
    6037.503     1.000000         6230          inf
#[Mean    =     2110.322, StdDeviation   =     1314.724]
#[Max     =     6033.408, Total count    =         6230]
#[Buckets =           27, SubBuckets     =         2048]
----------------------------------------------------------
  6231 requests in 10.00s, 2.15MB read
  Non-2xx or 3xx responses: 6231
Requests/sec:    622.96
Transfer/sec:    220.23KB
