Running 10s test @ http://localhost:8080/wrk2-api/review/compose
  1 threads and 100 connections
  Thread Stats   Avg      Stdev     99%   +/- Stdev
    Latency     5.41ms    2.27ms  14.06ms   87.82%
    Req/Sec       -nan      -nan   0.00      0.00%
  Latency Distribution (HdrHistogram - Recorded Latency)
 50.000%    4.68ms
 75.000%    6.01ms
 90.000%    8.14ms
 99.000%   14.06ms
 99.900%   22.48ms
 99.990%   24.45ms
 99.999%   24.45ms
100.000%   24.45ms

  Detailed Percentile spectrum:
       Value   Percentile   TotalCount 1/(1-Percentile)

       3.091     0.000000            1         1.00
       3.691     0.100000          199         1.11
       3.911     0.200000          398         1.25
       4.127     0.300000          599         1.43
       4.379     0.400000          796         1.67
       4.675     0.500000          994         2.00
       4.819     0.550000         1097         2.22
       5.027     0.600000         1194         2.50
       5.251     0.650000         1293         2.86
       5.587     0.700000         1391         3.33
       6.023     0.750000         1492         4.00
       6.271     0.775000         1540         4.44
       6.507     0.800000         1590         5.00
       6.807     0.825000         1641         5.71
       7.115     0.850000         1689         6.67
       7.583     0.875000         1739         8.00
       7.835     0.887500         1764         8.89
       8.159     0.900000         1789        10.00
       8.423     0.912500         1814        11.43
       8.727     0.925000         1838        13.33
       9.287     0.937500         1863        16.00
       9.543     0.943750         1876        17.78
       9.831     0.950000         1888        20.00
      10.143     0.956250         1901        22.86
      10.359     0.962500         1913        26.67
      10.879     0.968750         1926        32.00
      11.127     0.971875         1932        35.56
      11.447     0.975000         1938        40.00
      11.703     0.978125         1944        45.71
      12.327     0.981250         1950        53.33
      12.647     0.984375         1956        64.00
      13.191     0.985938         1960        71.11
      13.703     0.987500         1963        80.00
      13.855     0.989062         1966        91.43
      14.135     0.990625         1969       106.67
      14.559     0.992188         1972       128.00
      15.663     0.992969         1974       142.22
      16.015     0.993750         1975       160.00
      17.135     0.994531         1977       182.86
      17.407     0.995313         1978       213.33
      19.103     0.996094         1980       256.00
      19.119     0.996484         1981       284.44
      19.119     0.996875         1981       320.00
      19.903     0.997266         1982       365.71
      20.127     0.997656         1983       426.67
      21.215     0.998047         1984       512.00
      21.215     0.998242         1984       568.89
      21.215     0.998437         1984       640.00
      22.479     0.998633         1985       731.43
      22.479     0.998828         1985       853.33
      23.503     0.999023         1986      1024.00
      23.503     0.999121         1986      1137.78
      23.503     0.999219         1986      1280.00
      23.503     0.999316         1986      1462.86
      23.503     0.999414         1986      1706.67
      24.447     0.999512         1987      2048.00
      24.447     1.000000         1987          inf
#[Mean    =        5.414, StdDeviation   =        2.269]
#[Max     =       24.432, Total count    =         1987]
#[Buckets =           27, SubBuckets     =         2048]
----------------------------------------------------------
  1988 requests in 10.01s, 702.79KB read
  Socket errors: connect 0, read 0, write 0, timeout 5
  Non-2xx or 3xx responses: 1988
Requests/sec:    198.66
Transfer/sec:     70.23KB
Running 10s test @ http://localhost:8080/wrk2-api/review/compose
  1 threads and 100 connections
  Thread Stats   Avg      Stdev     99%   +/- Stdev
    Latency     5.99ms    2.69ms  16.08ms   85.69%
    Req/Sec       -nan      -nan   0.00      0.00%
  Latency Distribution (HdrHistogram - Recorded Latency)
 50.000%    5.09ms
 75.000%    6.94ms
 90.000%    9.61ms
 99.000%   16.08ms
 99.900%   22.06ms
 99.990%   30.96ms
 99.999%   30.96ms
100.000%   30.96ms

  Detailed Percentile spectrum:
       Value   Percentile   TotalCount 1/(1-Percentile)

       2.969     0.000000            1         1.00
       3.739     0.100000          299         1.11
       4.039     0.200000          597         1.25
       4.343     0.300000          897         1.43
       4.651     0.400000         1193         1.67
       5.091     0.500000         1489         2.00
       5.367     0.550000         1639         2.22
       5.655     0.600000         1788         2.50
       6.043     0.650000         1935         2.86
       6.463     0.700000         2084         3.33
       6.943     0.750000         2234         4.00
       7.223     0.775000         2307         4.44
       7.475     0.800000         2382         5.00
       7.807     0.825000         2456         5.71
       8.319     0.850000         2530         6.67
       8.863     0.875000         2604         8.00
       9.247     0.887500         2642         8.89
       9.663     0.900000         2679        10.00
       9.991     0.912500         2716        11.43
      10.295     0.925000         2753        13.33
      10.807     0.937500         2790        16.00
      11.055     0.943750         2810        17.78
      11.231     0.950000         2828        20.00
      11.607     0.956250         2846        22.86
      11.903     0.962500         2865        26.67
      12.239     0.968750         2883        32.00
      12.551     0.971875         2893        35.56
      13.007     0.975000         2902        40.00
      13.495     0.978125         2911        45.71
      13.967     0.981250         2921        53.33
      14.727     0.984375         2930        64.00
      14.991     0.985938         2935        71.11
      15.559     0.987500         2939        80.00
      15.879     0.989062         2944        91.43
      16.447     0.990625         2949       106.67
      17.023     0.992188         2953       128.00
      17.279     0.992969         2956       142.22
      17.407     0.993750         2958       160.00
      17.567     0.994531         2960       182.86
      18.063     0.995313         2963       213.33
      18.303     0.996094         2965       256.00
      18.351     0.996484         2966       284.44
      19.231     0.996875         2967       320.00
      19.871     0.997266         2968       365.71
      20.031     0.997656         2970       426.67
      21.151     0.998047         2971       512.00
      21.151     0.998242         2971       568.89
      21.775     0.998437         2972       640.00
      21.775     0.998633         2972       731.43
      22.063     0.998828         2973       853.33
      24.431     0.999023         2974      1024.00
      24.431     0.999121         2974      1137.78
      24.431     0.999219         2974      1280.00
      24.431     0.999316         2974      1462.86
      26.895     0.999414         2975      1706.67
      26.895     0.999512         2975      2048.00
      26.895     0.999561         2975      2275.56
      26.895     0.999609         2975      2560.00
      26.895     0.999658         2975      2925.71
      30.959     0.999707         2976      3413.33
      30.959     1.000000         2976          inf
#[Mean    =        5.994, StdDeviation   =        2.693]
#[Max     =       30.944, Total count    =         2976]
#[Buckets =           27, SubBuckets     =         2048]
----------------------------------------------------------
  2977 requests in 10.00s, 1.03MB read
  Socket errors: connect 0, read 0, write 0, timeout 1
  Non-2xx or 3xx responses: 2977
Requests/sec:    297.70
Transfer/sec:    105.24KB
Running 10s test @ http://localhost:8080/wrk2-api/review/compose
  1 threads and 100 connections
  Thread Stats   Avg      Stdev     99%   +/- Stdev
    Latency     7.62ms    5.53ms  23.53ms   90.85%
    Req/Sec       -nan      -nan   0.00      0.00%
  Latency Distribution (HdrHistogram - Recorded Latency)
 50.000%    6.16ms
 75.000%    8.92ms
 90.000%   12.76ms
 99.000%   23.53ms
 99.900%   75.84ms
 99.990%  110.21ms
 99.999%  110.21ms
100.000%  110.21ms

  Detailed Percentile spectrum:
       Value   Percentile   TotalCount 1/(1-Percentile)

       3.123     0.000000            1         1.00
       3.931     0.100000          397         1.11
       4.363     0.200000          795         1.25
       4.823     0.300000         1193         1.43
       5.383     0.400000         1588         1.67
       6.155     0.500000         1985         2.00
       6.571     0.550000         2183         2.22
       7.087     0.600000         2385         2.50
       7.575     0.650000         2581         2.86
       8.223     0.700000         2781         3.33
       8.919     0.750000         2978         4.00
       9.399     0.775000         3077         4.44
       9.823     0.800000         3181         5.00
      10.391     0.825000         3276         5.71
      11.031     0.850000         3375         6.67
      11.735     0.875000         3474         8.00
      12.167     0.887500         3524         8.89
      12.759     0.900000         3573        10.00
      13.335     0.912500         3622        11.43
      14.031     0.925000         3672        13.33
      14.743     0.937500         3721        16.00
      15.271     0.943750         3747        17.78
      15.999     0.950000         3771        20.00
      16.623     0.956250         3796        22.86
      17.391     0.962500         3821        26.67
      18.495     0.968750         3846        32.00
      18.847     0.971875         3859        35.56
      19.263     0.975000         3870        40.00
      20.207     0.978125         3883        45.71
      20.703     0.981250         3895        53.33
      21.471     0.984375         3907        64.00
      22.159     0.985938         3914        71.11
      22.575     0.987500         3920        80.00
      23.023     0.989062         3926        91.43
      23.839     0.990625         3932       106.67
      24.911     0.992188         3938       128.00
      26.367     0.992969         3942       142.22
      27.407     0.993750         3945       160.00
      28.863     0.994531         3948       182.86
      30.047     0.995313         3951       213.33
      31.471     0.996094         3954       256.00
      36.895     0.996484         3956       284.44
      37.855     0.996875         3957       320.00
      40.895     0.997266         3959       365.71
      41.247     0.997656         3960       426.67
      48.063     0.998047         3962       512.00
      57.759     0.998242         3963       568.89
      57.759     0.998437         3963       640.00
      64.927     0.998633         3964       731.43
      75.839     0.998828         3965       853.33
      99.391     0.999023         3966      1024.00
      99.391     0.999121         3966      1137.78
      99.391     0.999219         3966      1280.00
     106.495     0.999316         3967      1462.86
     106.495     0.999414         3967      1706.67
     106.623     0.999512         3968      2048.00
     106.623     0.999561         3968      2275.56
     106.623     0.999609         3968      2560.00
     106.623     0.999658         3968      2925.71
     106.623     0.999707         3968      3413.33
     110.207     0.999756         3969      4096.00
     110.207     1.000000         3969          inf
#[Mean    =        7.615, StdDeviation   =        5.527]
#[Max     =      110.144, Total count    =         3969]
#[Buckets =           27, SubBuckets     =         2048]
----------------------------------------------------------
  3970 requests in 10.00s, 1.37MB read
  Non-2xx or 3xx responses: 3970
Requests/sec:    396.94
Transfer/sec:    140.32KB
Running 10s test @ http://localhost:8080/wrk2-api/review/compose
  1 threads and 100 connections
  Thread Stats   Avg      Stdev     99%   +/- Stdev
    Latency     9.70ms    6.47ms  32.90ms   87.31%
    Req/Sec       -nan      -nan   0.00      0.00%
  Latency Distribution (HdrHistogram - Recorded Latency)
 50.000%    7.61ms
 75.000%   12.03ms
 90.000%   17.60ms
 99.000%   32.90ms
 99.900%   57.22ms
 99.990%   71.74ms
 99.999%   71.74ms
100.000%   71.74ms

  Detailed Percentile spectrum:
       Value   Percentile   TotalCount 1/(1-Percentile)

       3.181     0.000000            1         1.00
       4.347     0.100000          495         1.11
       4.915     0.200000          990         1.25
       5.615     0.300000         1485         1.43
       6.539     0.400000         1979         1.67
       7.607     0.500000         2474         2.00
       8.151     0.550000         2721         2.22
       8.903     0.600000         2969         2.50
       9.823     0.650000         3218         2.86
      10.855     0.700000         3463         3.33
      12.039     0.750000         3711         4.00
      12.823     0.775000         3834         4.44
      13.535     0.800000         3958         5.00
      14.295     0.825000         4082         5.71
      15.095     0.850000         4205         6.67
      16.271     0.875000         4329         8.00
      16.895     0.887500         4394         8.89
      17.615     0.900000         4455        10.00
      18.543     0.912500         4515        11.43
      19.439     0.925000         4576        13.33
      20.703     0.937500         4639        16.00
      21.503     0.943750         4669        17.78
      22.479     0.950000         4701        20.00
      23.199     0.956250         4731        22.86
      24.143     0.962500         4762        26.67
      25.615     0.968750         4793        32.00
      26.287     0.971875         4809        35.56
      27.023     0.975000         4825        40.00
      27.807     0.978125         4839        45.71
      28.607     0.981250         4855        53.33
      30.111     0.984375         4870        64.00
      30.687     0.985938         4878        71.11
      31.135     0.987500         4886        80.00
      31.855     0.989062         4893        91.43
      33.503     0.990625         4901       106.67
      35.167     0.992188         4909       128.00
      36.415     0.992969         4913       142.22
      37.567     0.993750         4917       160.00
      38.495     0.994531         4920       182.86
      39.903     0.995313         4924       213.33
      41.951     0.996094         4928       256.00
      42.847     0.996484         4930       284.44
      44.415     0.996875         4932       320.00
      46.335     0.997266         4934       365.71
      46.911     0.997656         4936       426.67
      48.831     0.998047         4938       512.00
      50.335     0.998242         4939       568.89
      54.559     0.998437         4940       640.00
      56.863     0.998633         4941       731.43
      57.215     0.998828         4942       853.33
      57.311     0.999023         4943      1024.00
      57.311     0.999121         4943      1137.78
      57.375     0.999219         4944      1280.00
      57.375     0.999316         4944      1462.86
      58.079     0.999414         4945      1706.67
      58.079     0.999512         4945      2048.00
      58.079     0.999561         4945      2275.56
      58.751     0.999609         4946      2560.00
      58.751     0.999658         4946      2925.71
      58.751     0.999707         4946      3413.33
      58.751     0.999756         4946      4096.00
      58.751     0.999780         4946      4551.11
      71.743     0.999805         4947      5120.00
      71.743     1.000000         4947          inf
#[Mean    =        9.700, StdDeviation   =        6.467]
#[Max     =       71.680, Total count    =         4947]
#[Buckets =           27, SubBuckets     =         2048]
----------------------------------------------------------
  4948 requests in 10.00s, 1.71MB read
  Non-2xx or 3xx responses: 4948
Requests/sec:    494.84
Transfer/sec:    174.93KB
Running 10s test @ http://localhost:8080/wrk2-api/review/compose
  1 threads and 100 connections
  Thread Stats   Avg      Stdev     99%   +/- Stdev
    Latency    22.15ms   31.04ms 157.82ms   91.25%
    Req/Sec       -nan      -nan   0.00      0.00%
  Latency Distribution (HdrHistogram - Recorded Latency)
 50.000%   11.28ms
 75.000%   23.47ms
 90.000%   47.84ms
 99.000%  157.82ms
 99.900%  274.94ms
 99.990%  340.22ms
 99.999%  385.02ms
100.000%  385.02ms

  Detailed Percentile spectrum:
       Value   Percentile   TotalCount 1/(1-Percentile)

       3.223     0.000000            1         1.00
       4.671     0.100000          589         1.11
       5.735     0.200000         1179         1.25
       7.103     0.300000         1767         1.43
       8.863     0.400000         2354         1.67
      11.279     0.500000         2944         2.00
      13.007     0.550000         3238         2.22
      15.023     0.600000         3532         2.50
      17.359     0.650000         3827         2.86
      20.383     0.700000         4120         3.33
      23.471     0.750000         4414         4.00
      25.583     0.775000         4561         4.44
      28.223     0.800000         4709         5.00
      31.343     0.825000         4856         5.71
      35.359     0.850000         5004         6.67
      40.703     0.875000         5150         8.00
      43.935     0.887500         5223         8.89
      47.839     0.900000         5299        10.00
      53.247     0.912500         5371        11.43
      59.519     0.925000         5444        13.33
      69.183     0.937500         5518        16.00
      74.367     0.943750         5554        17.78
      80.831     0.950000         5591        20.00
      87.807     0.956250         5628        22.86
      98.815     0.962500         5665        26.67
     113.087     0.968750         5702        32.00
     120.127     0.971875         5720        35.56
     125.055     0.975000         5738        40.00
     129.343     0.978125         5757        45.71
     133.759     0.981250         5775        53.33
     142.207     0.984375         5795        64.00
     145.535     0.985938         5803        71.11
     150.527     0.987500         5812        80.00
     155.135     0.989062         5822        91.43
     160.255     0.990625         5830       106.67
     165.887     0.992188         5840       128.00
     168.959     0.992969         5844       142.22
     175.103     0.993750         5849       160.00
     188.799     0.994531         5853       182.86
     207.103     0.995313         5858       213.33
     210.175     0.996094         5863       256.00
     213.375     0.996484         5865       284.44
     215.551     0.996875         5867       320.00
     220.671     0.997266         5869       365.71
     237.311     0.997656         5872       426.67
     246.655     0.998047         5874       512.00
     248.063     0.998242         5875       568.89
     250.495     0.998437         5876       640.00
     256.639     0.998633         5877       731.43
     274.943     0.998828         5879       853.33
     275.711     0.999023         5880      1024.00
     275.711     0.999121         5880      1137.78
     279.295     0.999219         5881      1280.00
     279.295     0.999316         5881      1462.86
     280.319     0.999414         5882      1706.67
     293.631     0.999512         5883      2048.00
     293.631     0.999561         5883      2275.56
     293.631     0.999609         5883      2560.00
     293.631     0.999658         5883      2925.71
     340.223     0.999707         5884      3413.33
     340.223     0.999756         5884      4096.00
     340.223     0.999780         5884      4551.11
     340.223     0.999805         5884      5120.00
     340.223     0.999829         5884      5851.43
     385.023     0.999854         5885      6826.67
     385.023     1.000000         5885          inf
#[Mean    =       22.149, StdDeviation   =       31.042]
#[Max     =      384.768, Total count    =         5885]
#[Buckets =           27, SubBuckets     =         2048]
----------------------------------------------------------
  5886 requests in 10.00s, 2.03MB read
  Non-2xx or 3xx responses: 5886
Requests/sec:    588.52
Transfer/sec:    208.05KB
Running 10s test @ http://localhost:8080/wrk2-api/review/compose
  1 threads and 100 connections
  Thread Stats   Avg      Stdev     99%   +/- Stdev
    Latency   358.93ms  358.25ms   1.59s    85.41%
    Req/Sec       -nan      -nan   0.00      0.00%
  Latency Distribution (HdrHistogram - Recorded Latency)
 50.000%  252.80ms
 75.000%  503.04ms
 90.000%  843.26ms
 99.000%    1.59s 
 99.900%    2.19s 
 99.990%    2.41s 
 99.999%    2.47s 
100.000%    2.47s 

  Detailed Percentile spectrum:
       Value   Percentile   TotalCount 1/(1-Percentile)

       3.199     0.000000            1         1.00
       7.779     0.100000          644         1.11
      54.143     0.200000         1286         1.25
     154.367     0.300000         1929         1.43
     198.143     0.400000         2572         1.67
     252.799     0.500000         3215         2.00
     278.015     0.550000         3537         2.22
     322.047     0.600000         3857         2.50
     371.199     0.650000         4179         2.86
     428.543     0.700000         4500         3.33
     503.039     0.750000         4821         4.00
     539.135     0.775000         4982         4.44
     586.239     0.800000         5145         5.00
     638.463     0.825000         5305         5.71
     702.463     0.850000         5466         6.67
     770.559     0.875000         5625         8.00
     800.767     0.887500         5705         8.89
     843.775     0.900000         5787        10.00
     903.679     0.912500         5866        11.43
     959.487     0.925000         5947        13.33
    1032.191     0.937500         6028        16.00
    1070.079     0.943750         6067        17.78
    1122.303     0.950000         6107        20.00
    1157.119     0.956250         6147        22.86
    1204.223     0.962500         6188        26.67
    1267.711     0.968750         6228        32.00
    1305.599     0.971875         6248        35.56
    1335.295     0.975000         6269        40.00
    1366.015     0.978125         6289        45.71
    1422.335     0.981250         6308        53.33
    1456.127     0.984375         6328        64.00
    1484.799     0.985938         6338        71.11
    1558.527     0.987500         6348        80.00
    1580.031     0.989062         6358        91.43
    1608.703     0.990625         6368       106.67
    1648.639     0.992188         6378       128.00
    1685.503     0.992969         6383       142.22
    1709.055     0.993750         6388       160.00
    1753.087     0.994531         6393       182.86
    1788.927     0.995313         6398       213.33
    1805.311     0.996094         6403       256.00
    1843.199     0.996484         6406       284.44
    1871.871     0.996875         6408       320.00
    1926.143     0.997266         6411       365.71
    1995.775     0.997656         6413       426.67
    2043.903     0.998047         6416       512.00
    2062.335     0.998242         6417       568.89
    2067.455     0.998437         6418       640.00
    2092.031     0.998633         6420       731.43
    2156.543     0.998828         6421       853.33
    2185.215     0.999023         6422      1024.00
    2201.599     0.999121         6423      1137.78
    2201.599     0.999219         6423      1280.00
    2250.751     0.999316         6424      1462.86
    2314.239     0.999414         6426      1706.67
    2314.239     0.999512         6426      2048.00
    2314.239     0.999561         6426      2275.56
    2314.239     0.999609         6426      2560.00
    2314.239     0.999658         6426      2925.71
    2412.543     0.999707         6427      3413.33
    2412.543     0.999756         6427      4096.00
    2412.543     0.999780         6427      4551.11
    2412.543     0.999805         6427      5120.00
    2412.543     0.999829         6427      5851.43
    2469.887     0.999854         6428      6826.67
    2469.887     1.000000         6428          inf
#[Mean    =      358.932, StdDeviation   =      358.249]
#[Max     =     2467.840, Total count    =         6428]
#[Buckets =           27, SubBuckets     =         2048]
----------------------------------------------------------
  6430 requests in 10.00s, 2.22MB read
  Non-2xx or 3xx responses: 6430
Requests/sec:    642.99
Transfer/sec:    227.31KB
Running 10s test @ http://localhost:8080/wrk2-api/review/compose
  1 threads and 100 connections
  Thread Stats   Avg      Stdev     99%   +/- Stdev
    Latency   863.38ms  753.05ms   3.04s    68.75%
    Req/Sec       -nan      -nan   0.00      0.00%
  Latency Distribution (HdrHistogram - Recorded Latency)
 50.000%  670.21ms
 75.000%    1.33s 
 90.000%    1.95s 
 99.000%    3.04s 
 99.900%    3.69s 
 99.990%    3.81s 
 99.999%    3.83s 
100.000%    3.83s 

  Detailed Percentile spectrum:
       Value   Percentile   TotalCount 1/(1-Percentile)

       3.307     0.000000            1         1.00
      23.727     0.100000          648         1.11
     192.255     0.200000         1296         1.25
     307.199     0.300000         1943         1.43
     479.231     0.400000         2592         1.67
     670.207     0.500000         3236         2.00
     780.799     0.550000         3560         2.22
     886.783     0.600000         3885         2.50
    1021.439     0.650000         4209         2.86
    1163.263     0.700000         4531         3.33
    1329.151     0.750000         4854         4.00
    1405.951     0.775000         5018         4.44
    1489.919     0.800000         5178         5.00
    1594.367     0.825000         5339         5.71
    1692.671     0.850000         5501         6.67
    1811.455     0.875000         5663         8.00
    1881.087     0.887500         5745         8.89
    1952.767     0.900000         5824        10.00
    2042.879     0.912500         5906        11.43
    2136.063     0.925000         5986        13.33
    2242.559     0.937500         6067        16.00
    2285.567     0.943750         6108        17.78
    2353.151     0.950000         6148        20.00
    2408.447     0.956250         6188        22.86
    2500.607     0.962500         6229        26.67
    2562.047     0.968750         6269        32.00
    2613.247     0.971875         6291        35.56
    2668.543     0.975000         6311        40.00
    2721.791     0.978125         6330        45.71
    2795.519     0.981250         6350        53.33
    2887.679     0.984375         6370        64.00
    2932.735     0.985938         6381        71.11
    2969.599     0.987500         6391        80.00
    3002.367     0.989062         6401        91.43
    3059.711     0.990625         6411       106.67
    3119.103     0.992188         6421       128.00
    3186.687     0.992969         6426       142.22
    3270.655     0.993750         6431       160.00
    3303.423     0.994531         6436       182.86
    3381.247     0.995313         6441       213.33
    3418.111     0.996094         6446       256.00
    3487.743     0.996484         6449       284.44
    3497.983     0.996875         6451       320.00
    3520.511     0.997266         6454       365.71
    3545.087     0.997656         6456       426.67
    3588.095     0.998047         6459       512.00
    3590.143     0.998242         6460       568.89
    3606.527     0.998437         6461       640.00
    3647.487     0.998633         6463       731.43
    3659.775     0.998828         6464       853.33
    3686.399     0.999023         6465      1024.00
    3690.495     0.999121         6466      1137.78
    3690.495     0.999219         6466      1280.00
    3733.503     0.999316         6467      1462.86
    3745.791     0.999414         6468      1706.67
    3745.791     0.999512         6468      2048.00
    3794.943     0.999561         6469      2275.56
    3794.943     0.999609         6469      2560.00
    3794.943     0.999658         6469      2925.71
    3805.183     0.999707         6470      3413.33
    3805.183     0.999756         6470      4096.00
    3805.183     0.999780         6470      4551.11
    3805.183     0.999805         6470      5120.00
    3805.183     0.999829         6470      5851.43
    3829.759     0.999854         6471      6826.67
    3829.759     1.000000         6471          inf
#[Mean    =      863.376, StdDeviation   =      753.047]
#[Max     =     3827.712, Total count    =         6471]
#[Buckets =           27, SubBuckets     =         2048]
----------------------------------------------------------
  6472 requests in 10.00s, 2.23MB read
  Non-2xx or 3xx responses: 6472
Requests/sec:    647.19
Transfer/sec:    228.79KB
Running 10s test @ http://localhost:8080/wrk2-api/review/compose
  1 threads and 100 connections
  Thread Stats   Avg      Stdev     99%   +/- Stdev
    Latency     1.49s     1.15s    4.49s    62.34%
    Req/Sec       -nan      -nan   0.00      0.00%
  Latency Distribution (HdrHistogram - Recorded Latency)
 50.000%    1.29s 
 75.000%    2.30s 
 90.000%    3.11s 
 99.000%    4.49s 
 99.900%    5.04s 
 99.990%    5.21s 
 99.999%    5.41s 
100.000%    5.41s 

  Detailed Percentile spectrum:
       Value   Percentile   TotalCount 1/(1-Percentile)

       3.573     0.000000            1         1.00
     132.351     0.100000          593         1.11
     358.911     0.200000         1186         1.25
     649.215     0.300000         1779         1.43
     963.071     0.400000         2371         1.67
    1289.215     0.500000         2964         2.00
    1470.463     0.550000         3261         2.22
    1671.167     0.600000         3556         2.50
    1884.159     0.650000         3852         2.86
    2082.815     0.700000         4150         3.33
    2297.855     0.750000         4448         4.00
    2402.303     0.775000         4593         4.44
    2527.231     0.800000         4741         5.00
    2670.591     0.825000         4890         5.71
    2809.855     0.850000         5038         6.67
    2940.927     0.875000         5186         8.00
    3033.087     0.887500         5261         8.89
    3115.007     0.900000         5334        10.00
    3223.551     0.912500         5409        11.43
    3340.287     0.925000         5485        13.33
    3471.359     0.937500         5556        16.00
    3538.943     0.943750         5594        17.78
    3622.911     0.950000         5630        20.00
    3688.447     0.956250         5667        22.86
    3778.559     0.962500         5704        26.67
    3907.583     0.968750         5741        32.00
    3973.119     0.971875         5760        35.56
    4036.607     0.975000         5779        40.00
    4118.527     0.978125         5797        45.71
    4198.399     0.981250         5818        53.33
    4255.743     0.984375         5834        64.00
    4321.279     0.985938         5844        71.11
    4370.431     0.987500         5852        80.00
    4444.159     0.989062         5862        91.43
    4501.503     0.990625         5871       106.67
    4571.135     0.992188         5880       128.00
    4603.903     0.992969         5885       142.22
    4669.439     0.993750         5889       160.00
    4718.591     0.994531         5894       182.86
    4751.359     0.995313         5899       213.33
    4755.455     0.996094         5903       256.00
    4800.511     0.996484         5906       284.44
    4829.183     0.996875         5908       320.00
    4907.007     0.997266         5910       365.71
    4927.487     0.997656         5913       426.67
    4968.447     0.998047         5915       512.00
    4972.543     0.998242         5916       568.89
    4980.735     0.998437         5917       640.00
    5001.215     0.998633         5918       731.43
    5042.175     0.998828         5920       853.33
    5074.943     0.999023         5921      1024.00
    5074.943     0.999121         5921      1137.78
    5083.135     0.999219         5922      1280.00
    5083.135     0.999316         5922      1462.86
    5173.247     0.999414         5923      1706.67
    5193.727     0.999512         5924      2048.00
    5193.727     0.999561         5924      2275.56
    5193.727     0.999609         5924      2560.00
    5193.727     0.999658         5924      2925.71
    5214.207     0.999707         5925      3413.33
    5214.207     0.999756         5925      4096.00
    5214.207     0.999780         5925      4551.11
    5214.207     0.999805         5925      5120.00
    5214.207     0.999829         5925      5851.43
    5410.815     0.999854         5926      6826.67
    5410.815     1.000000         5926          inf
#[Mean    =     1492.178, StdDeviation   =     1146.275]
#[Max     =     5406.720, Total count    =         5926]
#[Buckets =           27, SubBuckets     =         2048]
----------------------------------------------------------
  5927 requests in 10.00s, 2.05MB read
  Non-2xx or 3xx responses: 5927
Requests/sec:    592.75
Transfer/sec:    209.55KB
Running 10s test @ http://localhost:8080/wrk2-api/review/compose
  1 threads and 100 connections
  Thread Stats   Avg      Stdev     99%   +/- Stdev
    Latency     2.08s     1.43s    5.45s    61.57%
    Req/Sec       -nan      -nan   0.00      0.00%
  Latency Distribution (HdrHistogram - Recorded Latency)
 50.000%    1.97s 
 75.000%    3.16s 
 90.000%    4.10s 
 99.000%    5.45s 
 99.900%    5.96s 
 99.990%    6.07s 
 99.999%    6.27s 
100.000%    6.27s 

  Detailed Percentile spectrum:
       Value   Percentile   TotalCount 1/(1-Percentile)

       3.289     0.000000            1         1.00
     289.791     0.100000          541         1.11
     651.775     0.200000         1080         1.25
    1030.143     0.300000         1619         1.43
    1460.223     0.400000         2158         1.67
    1971.199     0.500000         2697         2.00
    2215.935     0.550000         2971         2.22
    2410.495     0.600000         3239         2.50
    2603.007     0.650000         3509         2.86
    2873.343     0.700000         3776         3.33
    3162.111     0.750000         4047         4.00
    3287.039     0.775000         4181         4.44
    3444.735     0.800000         4317         5.00
    3579.903     0.825000         4452         5.71
    3745.791     0.850000         4585         6.67
    3911.679     0.875000         4720         8.00
    3995.647     0.887500         4788         8.89
    4104.191     0.900000         4856        10.00
    4214.783     0.912500         4923        11.43
    4345.855     0.925000         4992        13.33
    4485.119     0.937500         5060        16.00
    4554.751     0.943750         5092        17.78
    4632.575     0.950000         5127        20.00
    4714.495     0.956250         5159        22.86
    4808.703     0.962500         5194        26.67
    4894.719     0.968750         5227        32.00
    4947.967     0.971875         5243        35.56
    5013.503     0.975000         5260        40.00
    5095.423     0.978125         5277        45.71
    5210.111     0.981250         5295        53.33
    5300.223     0.984375         5310        64.00
    5357.567     0.985938         5319        71.11
    5386.239     0.987500         5327        80.00
    5423.103     0.989062         5336        91.43
    5468.159     0.990625         5345       106.67
    5529.599     0.992188         5352       128.00
    5545.983     0.992969         5357       142.22
    5574.655     0.993750         5361       160.00
    5615.615     0.994531         5365       182.86
    5660.671     0.995313         5369       213.33
    5668.863     0.996094         5373       256.00
    5697.535     0.996484         5376       284.44
    5713.919     0.996875         5378       320.00
    5726.207     0.997266         5380       365.71
    5771.263     0.997656         5382       426.67
    5812.223     0.998047         5385       512.00
    5812.223     0.998242         5385       568.89
    5828.607     0.998437         5386       640.00
    5857.279     0.998633         5387       731.43
    5869.567     0.998828         5388       853.33
    5955.583     0.999023         5389      1024.00
    5976.063     0.999121         5390      1137.78
    5976.063     0.999219         5390      1280.00
    5996.543     0.999316         5391      1462.86
    5996.543     0.999414         5391      1706.67
    6057.983     0.999512         5392      2048.00
    6057.983     0.999561         5392      2275.56
    6057.983     0.999609         5392      2560.00
    6074.367     0.999658         5393      2925.71
    6074.367     0.999707         5393      3413.33
    6074.367     0.999756         5393      4096.00
    6074.367     0.999780         5393      4551.11
    6074.367     0.999805         5393      5120.00
    6266.879     0.999829         5394      5851.43
    6266.879     1.000000         5394          inf
#[Mean    =     2080.730, StdDeviation   =     1433.696]
#[Max     =     6262.784, Total count    =         5394]
#[Buckets =           27, SubBuckets     =         2048]
----------------------------------------------------------
  5396 requests in 10.00s, 1.86MB read
  Non-2xx or 3xx responses: 5396
Requests/sec:    539.44
Transfer/sec:    190.70KB
Running 10s test @ http://localhost:8080/wrk2-api/review/compose
  1 threads and 100 connections
  Thread Stats   Avg      Stdev     99%   +/- Stdev
    Latency     2.84s     1.69s    6.45s    60.90%
    Req/Sec       -nan      -nan   0.00      0.00%
  Latency Distribution (HdrHistogram - Recorded Latency)
 50.000%    2.82s 
 75.000%    4.17s 
 90.000%    5.14s 
 99.000%    6.45s 
 99.900%    7.26s 
 99.990%    7.67s 
 99.999%    7.67s 
100.000%    7.67s 

  Detailed Percentile spectrum:
       Value   Percentile   TotalCount 1/(1-Percentile)

       3.393     0.000000            1         1.00
     620.543     0.100000          478         1.11
    1137.663     0.200000          953         1.25
    1627.135     0.300000         1432         1.43
    2203.647     0.400000         1908         1.67
    2815.999     0.500000         2387         2.00
    3094.527     0.550000         2621         2.22
    3364.863     0.600000         2860         2.50
    3606.527     0.650000         3100         2.86
    3889.151     0.700000         3336         3.33
    4171.775     0.750000         3575         4.00
    4304.895     0.775000         3693         4.44
    4460.543     0.800000         3813         5.00
    4628.479     0.825000         3935         5.71
    4800.511     0.850000         4052         6.67
    4976.639     0.875000         4171         8.00
    5066.751     0.887500         4230         8.89
    5136.383     0.900000         4289        10.00
    5234.687     0.912500         4349        11.43
    5332.991     0.925000         4409        13.33
    5451.775     0.937500         4469        16.00
    5509.119     0.943750         4497        17.78
    5599.231     0.950000         4529        20.00
    5672.959     0.956250         4557        22.86
    5763.071     0.962500         4588        26.67
    5877.759     0.968750         4620        32.00
    5902.335     0.971875         4631        35.56
    5996.543     0.975000         4647        40.00
    6045.695     0.978125         4662        45.71
    6123.519     0.981250         4676        53.33
    6246.399     0.984375         4691        64.00
    6287.359     0.985938         4699        71.11
    6328.319     0.987500         4706        80.00
    6410.239     0.989062         4713        91.43
    6492.159     0.990625         4721       106.67
    6627.327     0.992188         4728       128.00
    6676.479     0.992969         4733       142.22
    6696.959     0.993750         4736       160.00
    6721.535     0.994531         4739       182.86
    6758.399     0.995313         4743       213.33
    6848.511     0.996094         4747       256.00
    6873.087     0.996484         4749       284.44
    6950.911     0.996875         4751       320.00
    6995.967     0.997266         4752       365.71
    7053.311     0.997656         4754       426.67
    7127.039     0.998047         4756       512.00
    7151.615     0.998242         4757       568.89
    7176.191     0.998437         4758       640.00
    7241.727     0.998633         4759       731.43
    7262.207     0.998828         4760       853.33
    7299.071     0.999023         4761      1024.00
    7299.071     0.999121         4761      1137.78
    7311.359     0.999219         4762      1280.00
    7311.359     0.999316         4762      1462.86
    7442.431     0.999414         4763      1706.67
    7442.431     0.999512         4763      2048.00
    7442.431     0.999561         4763      2275.56
    7659.519     0.999609         4764      2560.00
    7659.519     0.999658         4764      2925.71
    7659.519     0.999707         4764      3413.33
    7659.519     0.999756         4764      4096.00
    7659.519     0.999780         4764      4551.11
    7667.711     0.999805         4765      5120.00
    7667.711     1.000000         4765          inf
#[Mean    =     2842.025, StdDeviation   =     1686.350]
#[Max     =     7663.616, Total count    =         4765]
#[Buckets =           27, SubBuckets     =         2048]
----------------------------------------------------------
  4766 requests in 10.00s, 1.65MB read
  Non-2xx or 3xx responses: 4766
Requests/sec:    476.48
Transfer/sec:    168.44KB
Running 10s test @ http://localhost:8080/wrk2-api/review/compose
  1 threads and 100 connections
  Thread Stats   Avg      Stdev     99%   +/- Stdev
    Latency     2.84s     1.59s    6.09s    61.62%
    Req/Sec       -nan      -nan   0.00      0.00%
  Latency Distribution (HdrHistogram - Recorded Latency)
 50.000%    2.85s 
 75.000%    4.09s 
 90.000%    4.94s 
 99.000%    6.09s 
 99.900%    6.95s 
 99.990%    7.22s 
 99.999%    7.24s 
100.000%    7.24s 

  Detailed Percentile spectrum:
       Value   Percentile   TotalCount 1/(1-Percentile)

       3.235     0.000000            1         1.00
     681.983     0.100000          556         1.11
    1239.039     0.200000         1112         1.25
    1821.695     0.300000         1670         1.43
    2330.623     0.400000         2224         1.67
    2854.911     0.500000         2779         2.00
    3071.999     0.550000         3057         2.22
    3311.615     0.600000         3335         2.50
    3588.095     0.650000         3614         2.86
    3852.287     0.700000         3890         3.33
    4089.855     0.750000         4168         4.00
    4202.495     0.775000         4309         4.44
    4317.183     0.800000         4448         5.00
    4468.735     0.825000         4588         5.71
    4616.191     0.850000         4725         6.67
    4771.839     0.875000         4863         8.00
    4861.951     0.887500         4933         8.89
    4935.679     0.900000         5003        10.00
    5050.367     0.912500         5071        11.43
    5169.151     0.925000         5141        13.33
    5304.319     0.937500         5212        16.00
    5365.759     0.943750         5245        17.78
    5427.199     0.950000         5280        20.00
    5492.735     0.956250         5315        22.86
    5570.559     0.962500         5350        26.67
    5648.383     0.968750         5384        32.00
    5701.631     0.971875         5401        35.56
    5746.687     0.975000         5420        40.00
    5795.839     0.978125         5436        45.71
    5865.471     0.981250         5454        53.33
    5980.159     0.984375         5471        64.00
    6017.023     0.985938         5481        71.11
    6049.791     0.987500         5488        80.00
    6078.463     0.989062         5497        91.43
    6127.615     0.990625         5506       106.67
    6176.767     0.992188         5514       128.00
    6209.535     0.992969         5521       142.22
    6213.631     0.993750         5523       160.00
    6246.399     0.994531         5528       182.86
    6283.263     0.995313         5533       213.33
    6381.567     0.996094         5536       256.00
    6402.047     0.996484         5538       284.44
    6406.143     0.996875         5540       320.00
    6508.543     0.997266         5542       365.71
    6619.135     0.997656         5544       426.67
    6639.615     0.998047         5547       512.00
    6725.631     0.998242         5548       568.89
    6737.919     0.998437         5549       640.00
    6791.167     0.998633         5550       731.43
    6946.815     0.998828         5552       853.33
    6946.815     0.999023         5552      1024.00
    7028.735     0.999121         5553      1137.78
    7028.735     0.999219         5553      1280.00
    7045.119     0.999316         5554      1462.86
    7045.119     0.999414         5554      1706.67
    7053.311     0.999512         5555      2048.00
    7053.311     0.999561         5555      2275.56
    7053.311     0.999609         5555      2560.00
    7217.151     0.999658         5556      2925.71
    7217.151     0.999707         5556      3413.33
    7217.151     0.999756         5556      4096.00
    7217.151     0.999780         5556      4551.11
    7217.151     0.999805         5556      5120.00
    7237.631     0.999829         5557      5851.43
    7237.631     1.000000         5557          inf
#[Mean    =     2835.363, StdDeviation   =     1586.773]
#[Max     =     7233.536, Total count    =         5557]
#[Buckets =           27, SubBuckets     =         2048]
----------------------------------------------------------
  5559 requests in 10.00s, 1.92MB read
  Non-2xx or 3xx responses: 5559
Requests/sec:    555.91
Transfer/sec:    196.52KB
Running 10s test @ http://localhost:8080/wrk2-api/review/compose
  1 threads and 100 connections
  Thread Stats   Avg      Stdev     99%   +/- Stdev
    Latency     2.65s     1.59s    5.88s    60.44%
    Req/Sec       -nan      -nan   0.00      0.00%
  Latency Distribution (HdrHistogram - Recorded Latency)
 50.000%    2.64s 
 75.000%    3.94s 
 90.000%    4.82s 
 99.000%    5.88s 
 99.900%    6.61s 
 99.990%    6.75s 
 99.999%    6.75s 
100.000%    6.75s 

  Detailed Percentile spectrum:
       Value   Percentile   TotalCount 1/(1-Percentile)

       3.465     0.000000            1         1.00
     482.559     0.100000          600         1.11
    1072.127     0.200000         1199         1.25
    1571.839     0.300000         1799         1.43
    2078.719     0.400000         2398         1.67
    2637.823     0.500000         2998         2.00
    2895.871     0.550000         3298         2.22
    3139.583     0.600000         3597         2.50
    3389.439     0.650000         3897         2.86
    3670.015     0.700000         4198         3.33
    3942.399     0.750000         4496         4.00
    4087.807     0.775000         4648         4.44
    4235.263     0.800000         4800         5.00
    4382.719     0.825000         4946         5.71
    4526.079     0.850000         5095         6.67
    4653.055     0.875000         5246         8.00
    4743.167     0.887500         5324         8.89
    4820.991     0.900000         5398        10.00
    4907.007     0.912500         5471        11.43
    5009.407     0.925000         5546        13.33
    5099.519     0.937500         5622        16.00
    5152.767     0.943750         5658        17.78
    5222.399     0.950000         5695        20.00
    5279.743     0.956250         5733        22.86
    5341.183     0.962500         5770        26.67
    5423.103     0.968750         5808        32.00
    5500.927     0.971875         5826        35.56
    5550.079     0.975000         5845        40.00
    5586.943     0.978125         5863        45.71
    5644.287     0.981250         5882        53.33
    5742.591     0.984375         5901        64.00
    5779.455     0.985938         5910        71.11
    5816.319     0.987500         5922        80.00
    5861.375     0.989062         5929        91.43
    5906.431     0.990625         5938       106.67
    5976.063     0.992188         5948       128.00
    6000.639     0.992969         5952       142.22
    6066.175     0.993750         5957       160.00
    6131.711     0.994531         5962       182.86
    6148.095     0.995313         5966       213.33
    6172.671     0.996094         5971       256.00
    6189.055     0.996484         5973       284.44
    6311.935     0.996875         5976       320.00
    6324.223     0.997266         5978       365.71
    6336.511     0.997656         5980       426.67
    6430.719     0.998047         5983       512.00
    6438.911     0.998242         5984       568.89
    6459.391     0.998437         5985       640.00
    6512.639     0.998633         5987       731.43
    6512.639     0.998828         5987       853.33
    6615.039     0.999023         5990      1024.00
    6615.039     0.999121         5990      1137.78
    6615.039     0.999219         5990      1280.00
    6615.039     0.999316         5990      1462.86
    6623.231     0.999414         5991      1706.67
    6717.439     0.999512         5992      2048.00
    6717.439     0.999561         5992      2275.56
    6717.439     0.999609         5992      2560.00
    6717.439     0.999658         5992      2925.71
    6750.207     0.999707         5994      3413.33
    6750.207     1.000000         5994          inf
#[Mean    =     2653.192, StdDeviation   =     1594.345]
#[Max     =     6746.112, Total count    =         5994]
#[Buckets =           27, SubBuckets     =         2048]
----------------------------------------------------------
  5995 requests in 10.00s, 2.07MB read
  Non-2xx or 3xx responses: 5995
Requests/sec:    599.39
Transfer/sec:    211.89KB
Running 10s test @ http://localhost:8080/wrk2-api/review/compose
  1 threads and 100 connections
  Thread Stats   Avg      Stdev     99%   +/- Stdev
    Latency     2.77s     1.73s    6.26s    58.96%
    Req/Sec       -nan      -nan   0.00      0.00%
  Latency Distribution (HdrHistogram - Recorded Latency)
 50.000%    2.71s 
 75.000%    4.22s 
 90.000%    5.15s 
 99.000%    6.26s 
 99.900%    6.83s 
 99.990%    7.03s 
 99.999%    7.07s 
100.000%    7.07s 

  Detailed Percentile spectrum:
       Value   Percentile   TotalCount 1/(1-Percentile)

       3.617     0.000000            1         1.00
     485.375     0.100000          575         1.11
     997.887     0.200000         1150         1.25
    1537.023     0.300000         1723         1.43
    2099.199     0.400000         2298         1.67
    2707.455     0.500000         2873         2.00
    2983.935     0.550000         3160         2.22
    3313.663     0.600000         3447         2.50
    3606.527     0.650000         3735         2.86
    3930.111     0.700000         4020         3.33
    4222.975     0.750000         4308         4.00
    4362.239     0.775000         4451         4.44
    4513.791     0.800000         4594         5.00
    4665.343     0.825000         4738         5.71
    4800.511     0.850000         4883         6.67
    4952.063     0.875000         5028         8.00
    5046.271     0.887500         5097         8.89
    5152.767     0.900000         5168        10.00
    5251.071     0.912500         5240        11.43
    5369.855     0.925000         5314        13.33
    5472.255     0.937500         5383        16.00
    5537.791     0.943750         5420        17.78
    5603.327     0.950000         5456        20.00
    5652.479     0.956250         5491        22.86
    5722.111     0.962500         5526        26.67
    5804.031     0.968750         5562        32.00
    5861.375     0.971875         5580        35.56
    5922.815     0.975000         5599        40.00
    5971.967     0.978125         5616        45.71
    6033.407     0.981250         5636        53.33
    6119.423     0.984375         5652        64.00
    6148.095     0.985938         5661        71.11
    6164.479     0.987500         5670        80.00
    6234.111     0.989062         5679        91.43
    6275.071     0.990625         5688       106.67
    6324.223     0.992188         5697       128.00
    6361.087     0.992969         5702       142.22
    6373.375     0.993750         5707       160.00
    6385.663     0.994531         5710       182.86
    6549.503     0.995313         5715       213.33
    6598.655     0.996094         5719       256.00
    6610.943     0.996484         5721       284.44
    6631.423     0.996875         5724       320.00
    6639.615     0.997266         5727       365.71
    6647.807     0.997656         5728       426.67
    6692.863     0.998047         5730       512.00
    6696.959     0.998242         5731       568.89
    6762.495     0.998437         5733       640.00
    6828.031     0.998633         5735       731.43
    6828.031     0.998828         5735       853.33
    6836.223     0.999023         5736      1024.00
    6836.223     0.999121         5736      1137.78
    6934.527     0.999219         5737      1280.00
    6991.871     0.999316         5738      1462.86
    6991.871     0.999414         5738      1706.67
    7032.831     0.999512         5740      2048.00
    7032.831     0.999561         5740      2275.56
    7032.831     0.999609         5740      2560.00
    7032.831     0.999658         5740      2925.71
    7032.831     0.999707         5740      3413.33
    7032.831     0.999756         5740      4096.00
    7032.831     0.999780         5740      4551.11
    7032.831     0.999805         5740      5120.00
    7073.791     0.999829         5741      5851.43
    7073.791     1.000000         5741          inf
#[Mean    =     2774.462, StdDeviation   =     1728.152]
#[Max     =     7069.696, Total count    =         5741]
#[Buckets =           27, SubBuckets     =         2048]
----------------------------------------------------------
  5742 requests in 10.00s, 1.98MB read
  Non-2xx or 3xx responses: 5742
Requests/sec:    573.97
Transfer/sec:    202.91KB
Running 10s test @ http://localhost:8080/wrk2-api/review/compose
  1 threads and 100 connections
  Thread Stats   Avg      Stdev     99%   +/- Stdev
    Latency     3.08s     1.87s    6.91s    59.64%
    Req/Sec       -nan      -nan   0.00      0.00%
  Latency Distribution (HdrHistogram - Recorded Latency)
 50.000%    2.98s 
 75.000%    4.60s 
 90.000%    5.67s 
 99.000%    6.91s 
 99.900%    7.54s 
 99.990%    7.92s 
 99.999%    8.03s 
100.000%    8.03s 

  Detailed Percentile spectrum:
       Value   Percentile   TotalCount 1/(1-Percentile)

       3.433     0.000000            1         1.00
     612.351     0.100000          546         1.11
    1171.455     0.200000         1091         1.25
    1808.383     0.300000         1637         1.43
    2330.623     0.400000         2183         1.67
    2977.791     0.500000         2727         2.00
    3323.903     0.550000         3002         2.22
    3643.391     0.600000         3274         2.50
    3950.591     0.650000         3547         2.86
    4255.743     0.700000         3818         3.33
    4599.807     0.750000         4092         4.00
    4771.839     0.775000         4229         4.44
    4927.487     0.800000         4368         5.00
    5136.383     0.825000         4502         5.71
    5304.319     0.850000         4636         6.67
    5484.543     0.875000         4773         8.00
    5566.463     0.887500         4842         8.89
    5668.863     0.900000         4910        10.00
    5779.455     0.912500         4980        11.43
    5902.335     0.925000         5049        13.33
    6033.407     0.937500         5114        16.00
    6119.423     0.943750         5149        17.78
    6189.055     0.950000         5184        20.00
    6262.783     0.956250         5216        22.86
    6328.319     0.962500         5250        26.67
    6406.143     0.968750         5284        32.00
    6459.391     0.971875         5301        35.56
    6545.407     0.975000         5318        40.00
    6610.943     0.978125         5336        45.71
    6680.575     0.981250         5353        53.33
    6754.303     0.984375         5369        64.00
    6787.071     0.985938         5380        71.11
    6832.127     0.987500         5387        80.00
    6901.759     0.989062         5395        91.43
    6938.623     0.990625         5403       106.67
    6995.967     0.992188         5412       128.00
    7016.447     0.992969         5416       142.22
    7069.695     0.993750         5420       160.00
    7147.519     0.994531         5425       182.86
    7217.151     0.995313         5429       213.33
    7266.303     0.996094         5434       256.00
    7274.495     0.996484         5435       284.44
    7286.783     0.996875         5437       320.00
    7356.415     0.997266         5440       365.71
    7401.471     0.997656         5442       426.67
    7421.951     0.998047         5444       512.00
    7467.007     0.998242         5445       568.89
    7479.295     0.998437         5446       640.00
    7507.967     0.998633         5448       731.43
    7507.967     0.998828         5448       853.33
    7540.735     0.999023         5449      1024.00
    7618.559     0.999121         5450      1137.78
    7618.559     0.999219         5450      1280.00
    7815.167     0.999316         5451      1462.86
    7815.167     0.999414         5451      1706.67
    7909.375     0.999512         5452      2048.00
    7909.375     0.999561         5452      2275.56
    7909.375     0.999609         5452      2560.00
    7921.663     0.999658         5453      2925.71
    7921.663     0.999707         5453      3413.33
    7921.663     0.999756         5453      4096.00
    7921.663     0.999780         5453      4551.11
    7921.663     0.999805         5453      5120.00
    8028.159     0.999829         5454      5851.43
    8028.159     1.000000         5454          inf
#[Mean    =     3079.463, StdDeviation   =     1874.031]
#[Max     =     8024.064, Total count    =         5454]
#[Buckets =           27, SubBuckets     =         2048]
----------------------------------------------------------
  5455 requests in 10.01s, 1.88MB read
  Non-2xx or 3xx responses: 5455
Requests/sec:    544.74
Transfer/sec:    192.58KB
