Running 5s test @ http://127.0.0.1:8080
  1 threads and 50 connections
  Thread Stats   Avg      Stdev     99%   +/- Stdev
    Latency   198.98us   79.09us 337.00us   94.16%
    Req/Sec       -nan      -nan   0.00      0.00%
  Latency Distribution (HdrHistogram - Recorded Latency)
 50.000%  182.00us
 75.000%  214.00us
 90.000%  263.00us
 99.000%  337.00us
 99.900%    1.51ms
 99.990%    2.12ms
 99.999%    2.12ms
100.000%    2.12ms

  Detailed Percentile spectrum:
       Value   Percentile   TotalCount 1/(1-Percentile)

       0.129     0.000000            1         1.00
       0.158     0.100000          294         1.11
       0.163     0.200000          525         1.25
       0.169     0.300000          777         1.43
       0.175     0.400000          989         1.67
       0.182     0.500000         1256         2.00
       0.184     0.550000         1356         2.22
       0.188     0.600000         1471         2.50
       0.194     0.650000         1600         2.86
       0.202     0.700000         1717         3.33
       0.214     0.750000         1848         4.00
       0.221     0.775000         1904         4.44
       0.230     0.800000         1964         5.00
       0.238     0.825000         2023         5.71
       0.247     0.850000         2088         6.67
       0.255     0.875000         2148         8.00
       0.259     0.887500         2178         8.89
       0.263     0.900000         2211        10.00
       0.267     0.912500         2240        11.43
       0.271     0.925000         2268        13.33
       0.277     0.937500         2297        16.00
       0.281     0.943750         2313        17.78
       0.286     0.950000         2328        20.00
       0.292     0.956250         2346        22.86
       0.294     0.962500         2359        26.67
       0.300     0.968750         2375        32.00
       0.303     0.971875         2383        35.56
       0.306     0.975000         2390        40.00
       0.311     0.978125         2398        45.71
       0.314     0.981250         2405        53.33
       0.318     0.984375         2412        64.00
       0.321     0.985938         2416        71.11
       0.323     0.987500         2420        80.00
       0.333     0.989062         2424        91.43
       0.339     0.990625         2428       106.67
       0.359     0.992188         2431       128.00
       0.366     0.992969         2433       142.22
       0.369     0.993750         2435       160.00
       0.377     0.994531         2437       182.86
       0.381     0.995313         2439       213.33
       0.392     0.996094         2441       256.00
       0.398     0.996484         2442       284.44
       0.404     0.996875         2443       320.00
       0.768     0.997266         2444       365.71
       1.019     0.997656         2445       426.67
       1.194     0.998047         2446       512.00
       1.194     0.998242         2446       568.89
       1.224     0.998437         2447       640.00
       1.224     0.998633         2447       731.43
       1.506     0.998828         2448       853.33
       1.506     0.999023         2448      1024.00
       1.506     0.999121         2448      1137.78
       1.759     0.999219         2449      1280.00
       1.759     0.999316         2449      1462.86
       1.759     0.999414         2449      1706.67
       1.759     0.999512         2449      2048.00
       1.759     0.999561         2449      2275.56
       2.115     0.999609         2450      2560.00
       2.115     1.000000         2450          inf
#[Mean    =        0.199, StdDeviation   =        0.079]
#[Max     =        2.114, Total count    =         2450]
#[Buckets =           27, SubBuckets     =         2048]
----------------------------------------------------------
  2451 requests in 5.01s, 2.09MB read
Requests/sec:    489.67
Transfer/sec:    428.46KB
Running 5s test @ http://127.0.0.1:8080
  1 threads and 50 connections
  Thread Stats   Avg      Stdev     99%   +/- Stdev
    Latency   696.68us  240.94us   1.30ms   73.62%
    Req/Sec       -nan      -nan   0.00      0.00%
  Latency Distribution (HdrHistogram - Recorded Latency)
 50.000%  672.00us
 75.000%  833.00us
 90.000%    0.98ms
 99.000%    1.30ms
 99.900%    2.84ms
 99.990%    3.85ms
 99.999%    3.91ms
100.000%    3.91ms

  Detailed Percentile spectrum:
       Value   Percentile   TotalCount 1/(1-Percentile)

       0.138     0.000000            1         1.00
       0.431     0.100000         5005         1.11
       0.497     0.200000         9945         1.25
       0.558     0.300000        14936         1.43
       0.616     0.400000        19933         1.67
       0.672     0.500000        24868         2.00
       0.701     0.550000        27375         2.22
       0.731     0.600000        29817         2.50
       0.763     0.650000        32348         2.86
       0.797     0.700000        34835         3.33
       0.833     0.750000        37308         4.00
       0.852     0.775000        38528         4.44
       0.872     0.800000        39783         5.00
       0.893     0.825000        40996         5.71
       0.918     0.850000        42270         6.67
       0.947     0.875000        43494         8.00
       0.963     0.887500        44099         8.89
       0.980     0.900000        44707        10.00
       1.001     0.912500        45329        11.43
       1.025     0.925000        45962        13.33
       1.050     0.937500        46573        16.00
       1.064     0.943750        46886        17.78
       1.080     0.950000        47200        20.00
       1.096     0.956250        47512        22.86
       1.114     0.962500        47822        26.67
       1.135     0.968750        48131        32.00
       1.147     0.971875        48280        35.56
       1.161     0.975000        48431        40.00
       1.178     0.978125        48596        45.71
       1.197     0.981250        48742        53.33
       1.221     0.984375        48894        64.00
       1.238     0.985938        48976        71.11
       1.254     0.987500        49049        80.00
       1.279     0.989062        49126        91.43
       1.312     0.990625        49205       106.67
       1.362     0.992188        49282       128.00
       1.387     0.992969        49320       142.22
       1.421     0.993750        49359       160.00
       1.458     0.994531        49398       182.86
       1.495     0.995313        49437       213.33
       1.553     0.996094        49475       256.00
       1.587     0.996484        49495       284.44
       1.656     0.996875        49514       320.00
       1.943     0.997266        49535       365.71
       2.217     0.997656        49553       426.67
       2.309     0.998047        49572       512.00
       2.391     0.998242        49582       568.89
       2.523     0.998437        49592       640.00
       2.607     0.998633        49602       731.43
       2.789     0.998828        49612       853.33
       2.843     0.999023        49621      1024.00
       2.859     0.999121        49626      1137.78
       2.887     0.999219        49631      1280.00
       2.933     0.999316        49636      1462.86
       3.007     0.999414        49641      1706.67
       3.181     0.999512        49645      2048.00
       3.207     0.999561        49648      2275.56
       3.233     0.999609        49650      2560.00
       3.681     0.999658        49653      2925.71
       3.713     0.999707        49655      3413.33
       3.723     0.999756        49657      4096.00
       3.741     0.999780        49659      4551.11
       3.765     0.999805        49660      5120.00
       3.777     0.999829        49661      5851.43
       3.795     0.999854        49662      6826.67
       3.849     0.999878        49663      8192.00
       3.851     0.999890        49665      9102.22
       3.851     0.999902        49665     10240.00
       3.851     0.999915        49665     11702.86
       3.855     0.999927        49666     13653.33
       3.855     0.999939        49666     16384.00
       3.869     0.999945        49667     18204.44
       3.869     0.999951        49667     20480.00
       3.869     0.999957        49667     23405.71
       3.901     0.999963        49668     27306.67
       3.901     0.999969        49668     32768.00
       3.901     0.999973        49668     36408.89
       3.901     0.999976        49668     40960.00
       3.901     0.999979        49668     46811.43
       3.911     0.999982        49669     54613.33
       3.911     1.000000        49669          inf
#[Mean    =        0.697, StdDeviation   =        0.241]
#[Max     =        3.910, Total count    =        49669]
#[Buckets =           27, SubBuckets     =         2048]
----------------------------------------------------------
  49680 requests in 5.00s, 42.45MB read
Requests/sec:   9934.96
Transfer/sec:      8.49MB
Running 5s test @ http://127.0.0.1:8080
  1 threads and 50 connections
  Thread Stats   Avg      Stdev     99%   +/- Stdev
    Latency     0.97ms  348.80us   1.96ms   68.67%
    Req/Sec       -nan      -nan   0.00      0.00%
  Latency Distribution (HdrHistogram - Recorded Latency)
 50.000%    0.91ms
 75.000%    1.21ms
 90.000%    1.42ms
 99.000%    1.96ms
 99.900%    2.73ms
 99.990%    3.78ms
 99.999%    3.83ms
100.000%    3.83ms

  Detailed Percentile spectrum:
       Value   Percentile   TotalCount 1/(1-Percentile)

       0.170     0.000000            1         1.00
       0.576     0.100000         7476         1.11
       0.663     0.200000        14928         1.25
       0.739     0.300000        22367         1.43
       0.818     0.400000        29884         1.67
       0.914     0.500000        37319         2.00
       0.972     0.550000        41009         2.22
       1.035     0.600000        44732         2.50
       1.099     0.650000        48506         2.86
       1.157     0.700000        52214         3.33
       1.214     0.750000        55940         4.00
       1.243     0.775000        57797         4.44
       1.273     0.800000        59649         5.00
       1.307     0.825000        61554         5.71
       1.341     0.850000        63378         6.67
       1.378     0.875000        65246         8.00
       1.399     0.887500        66156         8.89
       1.423     0.900000        67094        10.00
       1.449     0.912500        68031        11.43
       1.478     0.925000        68963        13.33
       1.511     0.937500        69892        16.00
       1.530     0.943750        70364        17.78
       1.552     0.950000        70817        20.00
       1.577     0.956250        71289        22.86
       1.610     0.962500        71742        26.67
       1.650     0.968750        72213        32.00
       1.678     0.971875        72445        35.56
       1.706     0.975000        72674        40.00
       1.741     0.978125        72907        45.71
       1.783     0.981250        73140        53.33
       1.832     0.984375        73373        64.00
       1.861     0.985938        73491        71.11
       1.890     0.987500        73606        80.00
       1.932     0.989062        73722        91.43
       1.972     0.990625        73841       106.67
       2.013     0.992188        73957       128.00
       2.039     0.992969        74013       142.22
       2.069     0.993750        74072       160.00
       2.101     0.994531        74131       182.86
       2.139     0.995313        74188       213.33
       2.175     0.996094        74249       256.00
       2.199     0.996484        74278       284.44
       2.235     0.996875        74306       320.00
       2.271     0.997266        74334       365.71
       2.295     0.997656        74365       426.67
       2.363     0.998047        74392       512.00
       2.441     0.998242        74406       568.89
       2.535     0.998437        74421       640.00
       2.659     0.998633        74437       731.43
       2.705     0.998828        74450       853.33
       2.737     0.999023        74465      1024.00
       2.761     0.999121        74472      1137.78
       2.787     0.999219        74479      1280.00
       2.815     0.999316        74487      1462.86
       2.847     0.999414        74494      1706.67
       3.041     0.999512        74501      2048.00
       3.183     0.999561        74505      2275.56
       3.223     0.999609        74508      2560.00
       3.257     0.999658        74512      2925.71
       3.281     0.999707        74516      3413.33
       3.317     0.999756        74519      4096.00
       3.387     0.999780        74521      4551.11
       3.391     0.999805        74523      5120.00
       3.705     0.999829        74525      5851.43
       3.751     0.999854        74528      6826.67
       3.751     0.999878        74528      8192.00
       3.753     0.999890        74529      9102.22
       3.777     0.999902        74530     10240.00
       3.787     0.999915        74531     11702.86
       3.793     0.999927        74533     13653.33
       3.793     0.999939        74533     16384.00
       3.793     0.999945        74533     18204.44
       3.805     0.999951        74534     20480.00
       3.805     0.999957        74534     23405.71
       3.807     0.999963        74535     27306.67
       3.807     0.999969        74535     32768.00
       3.807     0.999973        74535     36408.89
       3.825     0.999976        74536     40960.00
       3.825     0.999979        74536     46811.43
       3.825     0.999982        74536     54613.33
       3.825     0.999985        74536     65536.00
       3.825     0.999986        74536     72817.78
       3.827     0.999988        74537     81920.00
       3.827     1.000000        74537          inf
#[Mean    =        0.973, StdDeviation   =        0.349]
#[Max     =        3.826, Total count    =        74537]
#[Buckets =           27, SubBuckets     =         2048]
----------------------------------------------------------
  74538 requests in 5.00s, 63.69MB read
Requests/sec:  14907.50
Transfer/sec:     12.74MB
Running 5s test @ http://127.0.0.1:8080
  1 threads and 50 connections
  Thread Stats   Avg      Stdev     99%   +/- Stdev
    Latency     1.31ms  631.95us   3.83ms   83.17%
    Req/Sec       -nan      -nan   0.00      0.00%
  Latency Distribution (HdrHistogram - Recorded Latency)
 50.000%    1.13ms
 75.000%    1.57ms
 90.000%    2.02ms
 99.000%    3.83ms
 99.900%    5.17ms
 99.990%    5.78ms
 99.999%    6.36ms
100.000%    6.52ms

  Detailed Percentile spectrum:
       Value   Percentile   TotalCount 1/(1-Percentile)

       0.189     0.000000            1         1.00
       0.748     0.100000         9997         1.11
       0.850     0.200000        19969         1.25
       0.937     0.300000        29851         1.43
       1.024     0.400000        39832         1.67
       1.132     0.500000        49708         2.00
       1.205     0.550000        54692         2.22
       1.291     0.600000        59691         2.50
       1.382     0.650000        64626         2.86
       1.475     0.700000        69614         3.33
       1.570     0.750000        74540         4.00
       1.620     0.775000        77046         4.44
       1.673     0.800000        79515         5.00
       1.737     0.825000        82034         5.71
       1.814     0.850000        84477         6.67
       1.904     0.875000        86976         8.00
       1.957     0.887500        88213         8.89
       2.019     0.900000        89455        10.00
       2.095     0.912500        90717        11.43
       2.179     0.925000        91943        13.33
       2.295     0.937500        93187        16.00
       2.359     0.943750        93803        17.78
       2.439     0.950000        94417        20.00
       2.557     0.956250        95035        22.86
       2.703     0.962500        95656        26.67
       2.909     0.968750        96283        32.00
       3.011     0.971875        96590        35.56
       3.111     0.975000        96899        40.00
       3.231     0.978125        97214        45.71
       3.371     0.981250        97519        53.33
       3.523     0.984375        97840        64.00
       3.595     0.985938        97990        71.11
       3.671     0.987500        98142        80.00
       3.765     0.989062        98297        91.43
       3.869     0.990625        98451       106.67
       3.999     0.992188        98607       128.00
       4.069     0.992969        98684       142.22
       4.143     0.993750        98763       160.00
       4.211     0.994531        98841       182.86
       4.303     0.995313        98918       213.33
       4.395     0.996094        98994       256.00
       4.459     0.996484        99034       284.44
       4.515     0.996875        99072       320.00
       4.611     0.997266        99111       365.71
       4.699     0.997656        99153       426.67
       4.795     0.998047        99189       512.00
       4.871     0.998242        99208       568.89
       4.963     0.998437        99227       640.00
       5.051     0.998633        99248       731.43
       5.103     0.998828        99267       853.33
       5.171     0.999023        99285      1024.00
       5.215     0.999121        99296      1137.78
       5.263     0.999219        99305      1280.00
       5.323     0.999316        99316      1462.86
       5.407     0.999414        99324      1706.67
       5.463     0.999512        99335      2048.00
       5.507     0.999561        99340      2275.56
       5.539     0.999609        99344      2560.00
       5.563     0.999658        99349      2925.71
       5.607     0.999707        99353      3413.33
       5.655     0.999756        99359      4096.00
       5.679     0.999780        99361      4551.11
       5.687     0.999805        99363      5120.00
       5.711     0.999829        99366      5851.43
       5.751     0.999854        99368      6826.67
       5.767     0.999878        99370      8192.00
       5.783     0.999890        99372      9102.22
       5.807     0.999902        99373     10240.00
       5.811     0.999915        99374     11702.86
       5.819     0.999927        99375     13653.33
       5.843     0.999939        99376     16384.00
       5.863     0.999945        99377     18204.44
       5.931     0.999951        99378     20480.00
       5.931     0.999957        99378     23405.71
       6.023     0.999963        99379     27306.67
       6.023     0.999969        99379     32768.00
       6.231     0.999973        99380     36408.89
       6.231     0.999976        99380     40960.00
       6.231     0.999979        99380     46811.43
       6.355     0.999982        99381     54613.33
       6.355     0.999985        99381     65536.00
       6.355     0.999986        99381     72817.78
       6.355     0.999988        99381     81920.00
       6.355     0.999989        99381     93622.86
       6.523     0.999991        99382    109226.67
       6.523     1.000000        99382          inf
#[Mean    =        1.312, StdDeviation   =        0.632]
#[Max     =        6.520, Total count    =        99382]
#[Buckets =           27, SubBuckets     =         2048]
----------------------------------------------------------
  99384 requests in 5.00s, 84.92MB read
Requests/sec:  19877.01
Transfer/sec:     16.98MB
Running 5s test @ http://127.0.0.1:8080
  1 threads and 50 connections
  Thread Stats   Avg      Stdev     99%   +/- Stdev
    Latency     2.53ms    1.01ms   5.58ms   70.21%
    Req/Sec       -nan      -nan   0.00      0.00%
  Latency Distribution (HdrHistogram - Recorded Latency)
 50.000%    2.35ms
 75.000%    3.14ms
 90.000%    3.87ms
 99.000%    5.58ms
 99.900%    7.21ms
 99.990%    8.11ms
 99.999%    8.81ms
100.000%    8.81ms

  Detailed Percentile spectrum:
       Value   Percentile   TotalCount 1/(1-Percentile)

       0.236     0.000000            1         1.00
       1.404     0.100000        12454         1.11
       1.685     0.200000        24869         1.25
       1.913     0.300000        37262         1.43
       2.125     0.400000        49681         1.67
       2.347     0.500000        62107         2.00
       2.469     0.550000        68300         2.22
       2.615     0.600000        74552         2.50
       2.771     0.650000        80724         2.86
       2.947     0.700000        86924         3.33
       3.143     0.750000        93142         4.00
       3.249     0.775000        96302         4.44
       3.351     0.800000        99374         5.00
       3.469     0.825000       102463         5.71
       3.589     0.850000       105589         6.67
       3.719     0.875000       108663         8.00
       3.783     0.887500       110207         8.89
       3.865     0.900000       111793        10.00
       3.945     0.912500       113320        11.43
       4.037     0.925000       114887        13.33
       4.147     0.937500       116421        16.00
       4.219     0.943750       117223        17.78
       4.319     0.950000       117973        20.00
       4.443     0.956250       118752        22.86
       4.587     0.962500       119519        26.67
       4.747     0.968750       120301        32.00
       4.851     0.971875       120686        35.56
       4.955     0.975000       121080        40.00
       5.063     0.978125       121478        45.71
       5.179     0.981250       121854        53.33
       5.287     0.984375       122237        64.00
       5.363     0.985938       122435        71.11
       5.435     0.987500       122629        80.00
       5.523     0.989062       122825        91.43
       5.643     0.990625       123017       106.67
       5.823     0.992188       123205       128.00
       5.907     0.992969       123307       142.22
       5.971     0.993750       123405       160.00
       6.047     0.994531       123500       182.86
       6.131     0.995313       123595       213.33
       6.211     0.996094       123691       256.00
       6.271     0.996484       123739       284.44
       6.375     0.996875       123787       320.00
       6.455     0.997266       123836       365.71
       6.551     0.997656       123885       426.67
       6.671     0.998047       123933       512.00
       6.807     0.998242       123957       568.89
       6.855     0.998437       123982       640.00
       6.975     0.998633       124006       731.43
       7.099     0.998828       124032       853.33
       7.211     0.999023       124054      1024.00
       7.271     0.999121       124066      1137.78
       7.299     0.999219       124079      1280.00
       7.319     0.999316       124092      1462.86
       7.367     0.999414       124107      1706.67
       7.395     0.999512       124115      2048.00
       7.407     0.999561       124121      2275.56
       7.423     0.999609       124128      2560.00
       7.447     0.999658       124133      2925.71
       7.475     0.999707       124139      3413.33
       7.671     0.999756       124145      4096.00
       7.775     0.999780       124148      4551.11
       7.815     0.999805       124151      5120.00
       7.951     0.999829       124154      5851.43
       7.979     0.999854       124158      6826.67
       8.059     0.999878       124160      8192.00
       8.111     0.999890       124162      9102.22
       8.115     0.999902       124163     10240.00
       8.123     0.999915       124165     11702.86
       8.511     0.999927       124167     13653.33
       8.519     0.999939       124169     16384.00
       8.519     0.999945       124169     18204.44
       8.519     0.999951       124169     20480.00
       8.575     0.999957       124170     23405.71
       8.583     0.999963       124173     27306.67
       8.583     0.999969       124173     32768.00
       8.583     0.999973       124173     36408.89
       8.583     0.999976       124173     40960.00
       8.583     0.999979       124173     46811.43
       8.583     0.999982       124173     54613.33
       8.815     0.999985       124175     65536.00
       8.815     1.000000       124175          inf
#[Mean    =        2.535, StdDeviation   =        1.008]
#[Max     =        8.808, Total count    =       124175]
#[Buckets =           27, SubBuckets     =         2048]
----------------------------------------------------------
  124177 requests in 5.00s, 106.11MB read
Requests/sec:  24835.46
Transfer/sec:     21.22MB
Running 5s test @ http://127.0.0.1:8080
  1 threads and 50 connections
  Thread Stats   Avg      Stdev     99%   +/- Stdev
    Latency     3.75ms    1.37ms   7.76ms   71.19%
    Req/Sec       -nan      -nan   0.00      0.00%
  Latency Distribution (HdrHistogram - Recorded Latency)
 50.000%    3.46ms
 75.000%    4.68ms
 90.000%    5.53ms
 99.000%    7.76ms
 99.900%   10.35ms
 99.990%   14.38ms
 99.999%   14.64ms
100.000%   14.68ms

  Detailed Percentile spectrum:
       Value   Percentile   TotalCount 1/(1-Percentile)

       0.216     0.000000            1         1.00
       2.245     0.100000        14908         1.11
       2.629     0.200000        29923         1.25
       2.887     0.300000        44736         1.43
       3.145     0.400000        59714         1.67
       3.463     0.500000        74624         2.00
       3.667     0.550000        81994         2.22
       3.911     0.600000        89464         2.50
       4.179     0.650000        96916         2.86
       4.443     0.700000       104453         3.33
       4.683     0.750000       111853         4.00
       4.799     0.775000       115594         4.44
       4.923     0.800000       119279         5.00
       5.043     0.825000       123022         5.71
       5.175     0.850000       126803         6.67
       5.335     0.875000       130474         8.00
       5.431     0.887500       132305         8.89
       5.527     0.900000       134227        10.00
       5.643     0.912500       136073        11.43
       5.775     0.925000       137922        13.33
       5.919     0.937500       139766        16.00
       6.011     0.943750       140708        17.78
       6.103     0.950000       141628        20.00
       6.227     0.956250       142581        22.86
       6.359     0.962500       143486        26.67
       6.539     0.968750       144431        32.00
       6.631     0.971875       144897        35.56
       6.755     0.975000       145351        40.00
       6.935     0.978125       145820        45.71
       7.123     0.981250       146290        53.33
       7.327     0.984375       146758        64.00
       7.455     0.985938       146980        71.11
       7.551     0.987500       147217        80.00
       7.671     0.989062       147446        91.43
       7.795     0.990625       147681       106.67
       7.903     0.992188       147916       128.00
       7.971     0.992969       148029       142.22
       8.067     0.993750       148151       160.00
       8.239     0.994531       148270       182.86
       8.415     0.995313       148378       213.33
       8.639     0.996094       148495       256.00
       8.799     0.996484       148557       284.44
       8.919     0.996875       148615       320.00
       8.999     0.997266       148673       365.71
       9.151     0.997656       148727       426.67
       9.319     0.998047       148786       512.00
       9.495     0.998242       148814       568.89
       9.623     0.998437       148846       640.00
       9.759     0.998633       148876       731.43
       9.951     0.998828       148906       853.33
      10.415     0.999023       148933      1024.00
      10.599     0.999121       148945      1137.78
      10.871     0.999219       148960      1280.00
      11.151     0.999316       148978      1462.86
      11.231     0.999414       148989      1706.67
      12.015     0.999512       149004      2048.00
      12.055     0.999561       149011      2275.56
      12.223     0.999609       149020      2560.00
      12.527     0.999658       149028      2925.71
      13.831     0.999707       149033      3413.33
      13.999     0.999756       149041      4096.00
      14.047     0.999780       149045      4551.11
      14.159     0.999805       149047      5120.00
      14.175     0.999829       149052      5851.43
      14.191     0.999854       149055      6826.67
      14.279     0.999878       149058      8192.00
      14.375     0.999890       149060      9102.22
      14.383     0.999902       149063     10240.00
      14.415     0.999915       149064     11702.86
      14.447     0.999927       149066     13653.33
      14.519     0.999939       149072     16384.00
      14.519     0.999945       149072     18204.44
      14.519     0.999951       149072     20480.00
      14.519     0.999957       149072     23405.71
      14.519     0.999963       149072     27306.67
      14.519     0.999969       149072     32768.00
      14.519     0.999973       149072     36408.89
      14.623     0.999976       149073     40960.00
      14.623     0.999979       149073     46811.43
      14.631     0.999982       149074     54613.33
      14.631     0.999985       149074     65536.00
      14.631     0.999986       149074     72817.78
      14.639     0.999988       149075     81920.00
      14.639     0.999989       149075     93622.86
      14.639     0.999991       149075    109226.67
      14.639     0.999992       149075    131072.00
      14.639     0.999993       149075    145635.56
      14.679     0.999994       149076    163840.00
      14.679     1.000000       149076          inf
#[Mean    =        3.754, StdDeviation   =        1.373]
#[Max     =       14.672, Total count    =       149076]
#[Buckets =           27, SubBuckets     =         2048]
----------------------------------------------------------
  149089 requests in 5.00s, 127.40MB read
Requests/sec:  29817.90
Transfer/sec:     25.48MB
Running 5s test @ http://127.0.0.1:8080
  1 threads and 50 connections
  Thread Stats   Avg      Stdev     99%   +/- Stdev
    Latency     5.17ms    2.09ms  12.00ms   73.67%
    Req/Sec       -nan      -nan   0.00      0.00%
  Latency Distribution (HdrHistogram - Recorded Latency)
 50.000%    4.99ms
 75.000%    6.27ms
 90.000%    7.76ms
 99.000%   12.00ms
 99.900%   15.37ms
 99.990%   18.70ms
 99.999%   19.68ms
100.000%   20.43ms

  Detailed Percentile spectrum:
       Value   Percentile   TotalCount 1/(1-Percentile)

       0.344     0.000000            1         1.00
       2.863     0.100000        17384         1.11
       3.421     0.200000        34860         1.25
       3.821     0.300000        52225         1.43
       4.315     0.400000        69542         1.67
       4.991     0.500000        86956         2.00
       5.311     0.550000        95670         2.22
       5.559     0.600000       104429         2.50
       5.775     0.650000       113085         2.86
       6.003     0.700000       121825         3.33
       6.267     0.750000       130384         4.00
       6.423     0.775000       134765         4.44
       6.587     0.800000       139123         5.00
       6.783     0.825000       143486         5.71
       7.027     0.850000       147801         6.67
       7.351     0.875000       152118         8.00
       7.535     0.887500       154329         8.89
       7.755     0.900000       156460        10.00
       7.979     0.912500       158637        11.43
       8.263     0.925000       160879        13.33
       8.559     0.937500       162979        16.00
       8.703     0.943750       164062        17.78
       8.903     0.950000       165176        20.00
       9.127     0.956250       166264        22.86
       9.415     0.962500       167330        26.67
       9.743     0.968750       168420        32.00
       9.927     0.971875       168961        35.56
      10.191     0.975000       169498        40.00
      10.495     0.978125       170044        45.71
      10.775     0.981250       170589        53.33
      11.095     0.984375       171122        64.00
      11.319     0.985938       171395        71.11
      11.559     0.987500       171670        80.00
      11.839     0.989062       171945        91.43
      12.135     0.990625       172212       106.67
      12.543     0.992188       172480       128.00
      12.727     0.992969       172618       142.22
      12.935     0.993750       172756       160.00
      13.087     0.994531       172894       182.86
      13.303     0.995313       173028       213.33
      13.519     0.996094       173163       256.00
      13.599     0.996484       173227       284.44
      13.815     0.996875       173295       320.00
      14.031     0.997266       173363       365.71
      14.279     0.997656       173436       426.67
      14.535     0.998047       173500       512.00
      14.703     0.998242       173533       568.89
      14.855     0.998437       173573       640.00
      14.927     0.998633       173601       731.43
      15.183     0.998828       173636       853.33
      15.487     0.999023       173669      1024.00
      15.559     0.999121       173686      1137.78
      15.799     0.999219       173705      1280.00
      16.199     0.999316       173720      1462.86
      16.559     0.999414       173737      1706.67
      16.879     0.999512       173755      2048.00
      17.039     0.999561       173763      2275.56
      17.119     0.999609       173772      2560.00
      17.295     0.999658       173779      2925.71
      17.679     0.999707       173788      3413.33
      17.967     0.999756       173797      4096.00
      17.983     0.999780       173800      4551.11
      18.015     0.999805       173805      5120.00
      18.095     0.999829       173810      5851.43
      18.383     0.999854       173818      6826.67
      18.383     0.999878       173818      8192.00
      18.703     0.999890       173821      9102.22
      18.719     0.999902       173826     10240.00
      18.719     0.999915       173826     11702.86
      18.719     0.999927       173826     13653.33
      19.167     0.999939       173828     16384.00
      19.439     0.999945       173829     18204.44
      19.455     0.999951       173830     20480.00
      19.471     0.999957       173831     23405.71
      19.487     0.999963       173832     27306.67
      19.503     0.999969       173835     32768.00
      19.503     0.999973       173835     36408.89
      19.503     0.999976       173835     40960.00
      19.503     0.999979       173835     46811.43
      19.503     0.999982       173835     54613.33
      19.679     0.999985       173836     65536.00
      19.679     0.999986       173836     72817.78
      19.679     0.999988       173836     81920.00
      20.287     0.999989       173837     93622.86
      20.287     0.999991       173837    109226.67
      20.287     0.999992       173837    131072.00
      20.287     0.999993       173837    145635.56
      20.287     0.999994       173837    163840.00
      20.431     0.999995       173838    187245.71
      20.431     1.000000       173838          inf
#[Mean    =        5.174, StdDeviation   =        2.088]
#[Max     =       20.416, Total count    =       173838]
#[Buckets =           27, SubBuckets     =         2048]
----------------------------------------------------------
  173894 requests in 5.00s, 148.59MB read
Requests/sec:  34771.83
Transfer/sec:     29.71MB
Running 5s test @ http://127.0.0.1:8080
  1 threads and 50 connections
  Thread Stats   Avg      Stdev     99%   +/- Stdev
    Latency     9.18ms    6.03ms  33.60ms   83.64%
    Req/Sec       -nan      -nan   0.00      0.00%
  Latency Distribution (HdrHistogram - Recorded Latency)
 50.000%    7.74ms
 75.000%   10.93ms
 90.000%   16.01ms
 99.000%   33.60ms
 99.900%   42.56ms
 99.990%   49.57ms
 99.999%   49.92ms
100.000%   49.92ms

  Detailed Percentile spectrum:
       Value   Percentile   TotalCount 1/(1-Percentile)

       0.290     0.000000            1         1.00
       3.793     0.100000        19822         1.11
       4.763     0.200000        39650         1.25
       5.883     0.300000        59454         1.43
       6.947     0.400000        79281         1.67
       7.743     0.500000        99098         2.00
       8.147     0.550000       109042         2.22
       8.623     0.600000       119003         2.50
       9.191     0.650000       128890         2.86
       9.943     0.700000       138755         3.33
      10.927     0.750000       148610         4.00
      11.487     0.775000       153583         4.44
      12.023     0.800000       158524         5.00
      12.655     0.825000       163494         5.71
      13.439     0.850000       168426         6.67
      14.559     0.875000       173387         8.00
      15.231     0.887500       175841         8.89
      16.007     0.900000       178325        10.00
      16.847     0.912500       180815        11.43
      17.855     0.925000       183276        13.33
      19.311     0.937500       185764        16.00
      20.255     0.943750       186991        17.78
      21.535     0.950000       188244        20.00
      22.863     0.956250       189466        22.86
      24.351     0.962500       190705        26.67
      25.567     0.968750       191938        32.00
      26.559     0.971875       192556        35.56
      27.935     0.975000       193177        40.00
      28.847     0.978125       193793        45.71
      29.807     0.981250       194422        53.33
      31.455     0.984375       195032        64.00
      32.159     0.985938       195350        71.11
      32.559     0.987500       195654        80.00
      33.183     0.989062       195964        91.43
      33.855     0.990625       196281       106.67
      34.463     0.992188       196582       128.00
      34.911     0.992969       196738       142.22
      35.359     0.993750       196902       160.00
      35.743     0.994531       197046       182.86
      36.415     0.995313       197210       213.33
      36.959     0.996094       197361       256.00
      37.247     0.996484       197449       284.44
      37.663     0.996875       197509       320.00
      38.463     0.997266       197587       365.71
      38.815     0.997656       197663       426.67
      39.295     0.998047       197741       512.00
      39.839     0.998242       197781       568.89
      40.607     0.998437       197818       640.00
      41.727     0.998633       197857       731.43
      42.207     0.998828       197895       853.33
      42.559     0.999023       197935      1024.00
      43.775     0.999121       197953      1137.78
      44.735     0.999219       197973      1280.00
      45.087     0.999316       197998      1462.86
      45.311     0.999414       198011      1706.67
      46.367     0.999512       198031      2048.00
      46.431     0.999561       198040      2275.56
      46.495     0.999609       198051      2560.00
      47.807     0.999658       198060      2925.71
      48.095     0.999707       198069      3413.33
      48.415     0.999756       198081      4096.00
      48.479     0.999780       198085      4551.11
      49.087     0.999805       198092      5120.00
      49.151     0.999829       198095      5851.43
      49.279     0.999854       198098      6826.67
      49.343     0.999878       198103      8192.00
      49.503     0.999890       198106      9102.22
      49.599     0.999902       198111     10240.00
      49.599     0.999915       198111     11702.86
      49.727     0.999927       198113     13653.33
      49.791     0.999939       198117     16384.00
      49.791     0.999945       198117     18204.44
      49.855     0.999951       198118     20480.00
      49.887     0.999957       198122     23405.71
      49.887     0.999963       198122     27306.67
      49.887     0.999969       198122     32768.00
      49.887     0.999973       198122     36408.89
      49.919     0.999976       198127     40960.00
      49.919     1.000000       198127          inf
#[Mean    =        9.184, StdDeviation   =        6.029]
#[Max     =       49.888, Total count    =       198127]
#[Buckets =           27, SubBuckets     =         2048]
----------------------------------------------------------
  198510 requests in 5.00s, 169.64MB read
Requests/sec:  39666.26
Transfer/sec:     33.90MB
Running 5s test @ http://127.0.0.1:8080
  1 threads and 50 connections
  Thread Stats   Avg      Stdev     99%   +/- Stdev
    Latency   107.85ms  177.36ms 599.04ms   85.45%
    Req/Sec       -nan      -nan   0.00      0.00%
  Latency Distribution (HdrHistogram - Recorded Latency)
 50.000%   16.48ms
 75.000%  131.46ms
 90.000%  484.35ms
 99.000%  599.04ms
 99.900%  628.22ms
 99.990%  641.53ms
 99.999%  643.58ms
100.000%  643.58ms

  Detailed Percentile spectrum:
       Value   Percentile   TotalCount 1/(1-Percentile)

       0.256     0.000000            1         1.00
       5.583     0.100000        21384         1.11
       7.203     0.200000        42765         1.25
       8.927     0.300000        64162         1.43
      11.583     0.400000        85520         1.67
      16.479     0.500000       106880         2.00
      20.287     0.550000       117554         2.22
      26.447     0.600000       128231         2.50
      35.135     0.650000       138914         2.86
      63.327     0.700000       149586         3.33
     131.455     0.750000       160304         4.00
     147.583     0.775000       165628         4.44
     168.447     0.800000       170963         5.00
     193.151     0.825000       176311         5.71
     276.735     0.850000       181643         6.67
     373.759     0.875000       186995         8.00
     425.983     0.887500       189653         8.89
     484.351     0.900000       192326        10.00
     543.743     0.912500       195001        11.43
     556.031     0.925000       197831        13.33
     561.663     0.937500       200445        16.00
     563.199     0.943750       201672        17.78
     564.735     0.950000       203063        20.00
     566.783     0.956250       204512        22.86
     568.319     0.962500       205679        26.67
     570.879     0.968750       207023        32.00
     572.415     0.971875       207968        35.56
     573.439     0.975000       208441        40.00
     575.487     0.978125       209028        45.71
     579.583     0.981250       209759        53.33
     583.679     0.984375       210398        64.00
     585.215     0.985938       210695        71.11
     588.287     0.987500       211053        80.00
     595.455     0.989062       211379        91.43
     603.647     0.990625       211696       106.67
     610.303     0.992188       212028       128.00
     612.351     0.992969       212229       142.22
     614.399     0.993750       212379       160.00
     615.423     0.994531       212561       182.86
     618.495     0.995313       212704       213.33
     619.519     0.996094       212857       256.00
     621.055     0.996484       212965       284.44
     622.079     0.996875       213035       320.00
     623.103     0.997266       213115       365.71
     624.639     0.997656       213198       426.67
     626.687     0.998047       213324       512.00
     626.687     0.998242       213324       568.89
     627.199     0.998437       213402       640.00
     627.199     0.998633       213402       731.43
     627.711     0.998828       213471       853.33
     628.223     0.999023       213511      1024.00
     628.223     0.999121       213511      1137.78
     628.735     0.999219       213532      1280.00
     629.247     0.999316       213551      1462.86
     630.783     0.999414       213572      1706.67
     631.295     0.999512       213595      2048.00
     631.807     0.999561       213612      2275.56
     631.807     0.999609       213612      2560.00
     639.487     0.999658       213637      2925.71
     639.487     0.999707       213637      3413.33
     639.999     0.999756       213655      4096.00
     639.999     0.999780       213655      4551.11
     639.999     0.999805       213655      5120.00
     639.999     0.999829       213655      5851.43
     641.023     0.999854       213664      6826.67
     641.535     0.999878       213681      8192.00
     641.535     0.999890       213681      9102.22
     641.535     0.999902       213681     10240.00
     641.535     0.999915       213681     11702.86
     641.535     0.999927       213681     13653.33
     641.535     0.999939       213681     16384.00
     641.535     0.999945       213681     18204.44
     641.535     0.999951       213681     20480.00
     642.559     0.999957       213682     23405.71
     643.583     0.999963       213691     27306.67
     643.583     1.000000       213691          inf
#[Mean    =      107.847, StdDeviation   =      177.365]
#[Max     =      643.072, Total count    =       213691]
#[Buckets =           27, SubBuckets     =         2048]
----------------------------------------------------------
  213746 requests in 5.00s, 182.65MB read
Requests/sec:  42749.26
Transfer/sec:     36.53MB
Running 5s test @ http://127.0.0.1:8080
  1 threads and 50 connections
  Thread Stats   Avg      Stdev     99%   +/- Stdev
    Latency   276.10ms  173.17ms 727.04ms   61.56%
    Req/Sec       -nan      -nan   0.00      0.00%
  Latency Distribution (HdrHistogram - Recorded Latency)
 50.000%  256.89ms
 75.000%  409.09ms
 90.000%  498.17ms
 99.000%  727.04ms
 99.900%  762.88ms
 99.990%  765.44ms
 99.999%  766.46ms
100.000%  769.53ms

  Detailed Percentile spectrum:
       Value   Percentile   TotalCount 1/(1-Percentile)

       0.262     0.000000            1         1.00
      47.711     0.100000        21663         1.11
     106.687     0.200000        43290         1.25
     168.447     0.300000        64927         1.43
     209.791     0.400000        86625         1.67
     256.895     0.500000       108263         2.00
     280.575     0.550000       119061         2.22
     313.855     0.600000       129852         2.50
     348.927     0.650000       140733         2.86
     371.199     0.700000       151532         3.33
     409.087     0.750000       162313         4.00
     429.055     0.775000       167757         4.44
     445.439     0.800000       173194         5.00
     461.055     0.825000       178548         5.71
     473.855     0.850000       184041         6.67
     483.583     0.875000       189399         8.00
     488.959     0.887500       192132         8.89
     498.175     0.900000       194885        10.00
     504.319     0.912500       197516        11.43
     514.047     0.925000       200230        13.33
     522.751     0.937500       202932        16.00
     535.039     0.943750       204270        17.78
     556.031     0.950000       205603        20.00
     575.999     0.956250       206982        22.86
     589.311     0.962500       208318        26.67
     630.271     0.968750       209657        32.00
     653.311     0.971875       210339        35.56
     671.743     0.975000       211020        40.00
     685.055     0.978125       211687        45.71
     691.199     0.981250       212360        53.33
     706.559     0.984375       213056        64.00
     713.215     0.985938       213395        71.11
     719.359     0.987500       213716        80.00
     724.991     0.989062       214102        91.43
     727.551     0.990625       214389       106.67
     739.327     0.992188       214727       128.00
     745.983     0.992969       214900       142.22
     749.055     0.993750       215121       160.00
     750.591     0.994531       215252       182.86
     752.127     0.995313       215453       213.33
     753.663     0.996094       215591       256.00
     754.687     0.996484       215685       284.44
     755.711     0.996875       215754       320.00
     756.735     0.997266       215850       365.71
     757.759     0.997656       215933       426.67
     758.783     0.998047       215995       512.00
     759.295     0.998242       216043       568.89
     759.807     0.998437       216108       640.00
     760.319     0.998633       216136       731.43
     762.367     0.998828       216179       853.33
     763.391     0.999023       216247      1024.00
     763.391     0.999121       216247      1137.78
     763.903     0.999219       216303      1280.00
     763.903     0.999316       216303      1462.86
     763.903     0.999414       216303      1706.67
     764.415     0.999512       216343      2048.00
     764.415     0.999561       216343      2275.56
     764.415     0.999609       216343      2560.00
     764.927     0.999658       216373      2925.71
     764.927     0.999707       216373      3413.33
     764.927     0.999756       216373      4096.00
     764.927     0.999780       216373      4551.11
     765.439     0.999805       216398      5120.00
     765.439     0.999829       216398      5851.43
     765.439     0.999854       216398      6826.67
     765.439     0.999878       216398      8192.00
     765.439     0.999890       216398      9102.22
     765.439     0.999902       216398     10240.00
     765.951     0.999915       216414     11702.86
     765.951     0.999927       216414     13653.33
     765.951     0.999939       216414     16384.00
     765.951     0.999945       216414     18204.44
     765.951     0.999951       216414     20480.00
     765.951     0.999957       216414     23405.71
     765.951     0.999963       216414     27306.67
     765.951     0.999969       216414     32768.00
     765.951     0.999973       216414     36408.89
     765.951     0.999976       216414     40960.00
     765.951     0.999979       216414     46811.43
     765.951     0.999982       216414     54613.33
     765.951     0.999985       216414     65536.00
     766.463     0.999986       216415     72817.78
     766.463     0.999988       216415     81920.00
     766.463     0.999989       216415     93622.86
     769.535     0.999991       216417    109226.67
     769.535     1.000000       216417          inf
#[Mean    =      276.103, StdDeviation   =      173.173]
#[Max     =      769.024, Total count    =       216417]
#[Buckets =           27, SubBuckets     =         2048]
----------------------------------------------------------
  216436 requests in 5.00s, 184.97MB read
Requests/sec:  43270.61
Transfer/sec:     36.98MB
