Running 5s test @ http://127.0.0.1:8080
  1 threads and 50 connections
  Thread Stats   Avg      Stdev     99%   +/- Stdev
    Latency   185.35us   60.57us 307.00us   89.96%
    Req/Sec       -nan      -nan   0.00      0.00%
  Latency Distribution (HdrHistogram - Recorded Latency)
 50.000%  170.00us
 75.000%  203.00us
 90.000%  246.00us
 99.000%  307.00us
 99.900%    1.10ms
 99.990%    1.49ms
 99.999%    1.49ms
100.000%    1.49ms

  Detailed Percentile spectrum:
       Value   Percentile   TotalCount 1/(1-Percentile)

       0.123     0.000000            1         1.00
       0.148     0.100000          266         1.11
       0.153     0.200000          525         1.25
       0.156     0.300000          774         1.43
       0.162     0.400000          984         1.67
       0.170     0.500000         1274         2.00
       0.172     0.550000         1371         2.22
       0.175     0.600000         1476         2.50
       0.181     0.650000         1604         2.86
       0.190     0.700000         1716         3.33
       0.203     0.750000         1842         4.00
       0.208     0.775000         1901         4.44
       0.217     0.800000         1965         5.00
       0.227     0.825000         2027         5.71
       0.233     0.850000         2087         6.67
       0.239     0.875000         2148         8.00
       0.243     0.887500         2179         8.89
       0.246     0.900000         2205        10.00
       0.250     0.912500         2239        11.43
       0.255     0.925000         2267        13.33
       0.261     0.937500         2297        16.00
       0.265     0.943750         2320        17.78
       0.267     0.950000         2329        20.00
       0.269     0.956250         2344        22.86
       0.272     0.962500         2362        26.67
       0.275     0.968750         2374        32.00
       0.278     0.971875         2387        35.56
       0.279     0.975000         2390        40.00
       0.282     0.978125         2397        45.71
       0.287     0.981250         2405        53.33
       0.291     0.984375         2412        64.00
       0.293     0.985938         2416        71.11
       0.297     0.987500         2420        80.00
       0.301     0.989062         2424        91.43
       0.307     0.990625         2428       106.67
       0.313     0.992188         2431       128.00
       0.318     0.992969         2433       142.22
       0.323     0.993750         2435       160.00
       0.337     0.994531         2437       182.86
       0.373     0.995313         2439       213.33
       0.422     0.996094         2441       256.00
       0.424     0.996484         2442       284.44
       0.502     0.996875         2443       320.00
       0.583     0.997266         2444       365.71
       0.613     0.997656         2445       426.67
       0.670     0.998047         2446       512.00
       0.670     0.998242         2446       568.89
       0.771     0.998437         2447       640.00
       0.771     0.998633         2447       731.43
       1.096     0.998828         2448       853.33
       1.096     0.999023         2448      1024.00
       1.096     0.999121         2448      1137.78
       1.448     0.999219         2449      1280.00
       1.448     0.999316         2449      1462.86
       1.448     0.999414         2449      1706.67
       1.448     0.999512         2449      2048.00
       1.448     0.999561         2449      2275.56
       1.487     0.999609         2450      2560.00
       1.487     1.000000         2450          inf
#[Mean    =        0.185, StdDeviation   =        0.061]
#[Max     =        1.487, Total count    =         2450]
#[Buckets =           27, SubBuckets     =         2048]
----------------------------------------------------------
  2451 requests in 5.01s, 2.09MB read
Requests/sec:    489.59
Transfer/sec:    428.39KB
Running 5s test @ http://127.0.0.1:8080
  1 threads and 50 connections
  Thread Stats   Avg      Stdev     99%   +/- Stdev
    Latency   704.64us  373.17us   1.29ms   91.95%
    Req/Sec       -nan      -nan   0.00      0.00%
  Latency Distribution (HdrHistogram - Recorded Latency)
 50.000%  671.00us
 75.000%  836.00us
 90.000%    0.99ms
 99.000%    1.29ms
 99.900%    6.70ms
 99.990%   10.18ms
 99.999%   10.34ms
100.000%   10.34ms

  Detailed Percentile spectrum:
       Value   Percentile   TotalCount 1/(1-Percentile)

       0.138     0.000000            1         1.00
       0.417     0.100000         5001         1.11
       0.494     0.200000         9970         1.25
       0.556     0.300000        14916         1.43
       0.612     0.400000        19925         1.67
       0.671     0.500000        24885         2.00
       0.701     0.550000        27360         2.22
       0.732     0.600000        29836         2.50
       0.765     0.650000        32298         2.86
       0.798     0.700000        34785         3.33
       0.836     0.750000        37291         4.00
       0.856     0.775000        38527         4.44
       0.877     0.800000        39734         5.00
       0.903     0.825000        41001         5.71
       0.929     0.850000        42266         6.67
       0.957     0.875000        43507         8.00
       0.973     0.887500        44101         8.89
       0.990     0.900000        44710        10.00
       1.008     0.912500        45347        11.43
       1.030     0.925000        45960        13.33
       1.054     0.937500        46579        16.00
       1.067     0.943750        46879        17.78
       1.083     0.950000        47195        20.00
       1.102     0.956250        47508        22.86
       1.121     0.962500        47809        26.67
       1.145     0.968750        48115        32.00
       1.160     0.971875        48275        35.56
       1.175     0.975000        48428        40.00
       1.191     0.978125        48585        45.71
       1.211     0.981250        48738        53.33
       1.236     0.984375        48892        64.00
       1.248     0.985938        48973        71.11
       1.259     0.987500        49048        80.00
       1.276     0.989062        49127        91.43
       1.296     0.990625        49206       106.67
       1.324     0.992188        49280       128.00
       1.340     0.992969        49318       142.22
       1.361     0.993750        49359       160.00
       1.408     0.994531        49396       182.86
       1.517     0.995313        49436       213.33
       1.799     0.996094        49473       256.00
       2.197     0.996484        49493       284.44
       2.503     0.996875        49512       320.00
       2.755     0.997266        49532       365.71
       3.255     0.997656        49551       426.67
       3.895     0.998047        49570       512.00
       4.375     0.998242        49580       568.89
       4.679     0.998437        49590       640.00
       5.223     0.998633        49600       731.43
       5.807     0.998828        49609       853.33
       6.815     0.999023        49619      1024.00
       6.935     0.999121        49624      1137.78
       7.295     0.999219        49629      1280.00
       8.231     0.999316        49635      1462.86
       8.271     0.999414        49638      1706.67
       8.783     0.999512        49645      2048.00
       8.791     0.999561        49646      2275.56
       8.807     0.999609        49649      2560.00
       8.839     0.999658        49652      2925.71
       8.847     0.999707        49653      3413.33
      10.079     0.999756        49655      4096.00
      10.103     0.999780        49657      4551.11
      10.127     0.999805        49659      5120.00
      10.127     0.999829        49659      5851.43
      10.143     0.999854        49660      6826.67
      10.183     0.999878        49662      8192.00
      10.183     0.999890        49662      9102.22
      10.247     0.999902        49663     10240.00
      10.247     0.999915        49663     11702.86
      10.255     0.999927        49664     13653.33
      10.255     0.999939        49664     16384.00
      10.311     0.999945        49666     18204.44
      10.311     0.999951        49666     20480.00
      10.311     0.999957        49666     23405.71
      10.311     0.999963        49666     27306.67
      10.311     0.999969        49666     32768.00
      10.311     0.999973        49666     36408.89
      10.311     0.999976        49666     40960.00
      10.311     0.999979        49666     46811.43
      10.343     0.999982        49667     54613.33
      10.343     1.000000        49667          inf
#[Mean    =        0.705, StdDeviation   =        0.373]
#[Max     =       10.336, Total count    =        49667]
#[Buckets =           27, SubBuckets     =         2048]
----------------------------------------------------------
  49677 requests in 5.00s, 42.45MB read
Requests/sec:   9935.25
Transfer/sec:      8.49MB
Running 5s test @ http://127.0.0.1:8080
  1 threads and 50 connections
  Thread Stats   Avg      Stdev     99%   +/- Stdev
    Latency     0.93ms  333.33us   1.85ms   69.63%
    Req/Sec       -nan      -nan   0.00      0.00%
  Latency Distribution (HdrHistogram - Recorded Latency)
 50.000%    0.87ms
 75.000%    1.16ms
 90.000%    1.37ms
 99.000%    1.85ms
 99.900%    2.90ms
 99.990%    3.45ms
 99.999%    3.58ms
100.000%    3.58ms

  Detailed Percentile spectrum:
       Value   Percentile   TotalCount 1/(1-Percentile)

       0.195     0.000000            1         1.00
       0.560     0.100000         7476         1.11
       0.642     0.200000        15008         1.25
       0.709     0.300000        22429         1.43
       0.783     0.400000        29905         1.67
       0.874     0.500000        37297         2.00
       0.930     0.550000        41055         2.22
       0.986     0.600000        44811         2.50
       1.042     0.650000        48517         2.86
       1.101     0.700000        52241         3.33
       1.160     0.750000        55980         4.00
       1.189     0.775000        57792         4.44
       1.218     0.800000        59672         5.00
       1.252     0.825000        61553         5.71
       1.285     0.850000        63423         6.67
       1.322     0.875000        65281         8.00
       1.342     0.887500        66173         8.89
       1.365     0.900000        67135        10.00
       1.391     0.912500        68053        11.43
       1.418     0.925000        68964        13.33
       1.453     0.937500        69912        16.00
       1.474     0.943750        70378        17.78
       1.495     0.950000        70832        20.00
       1.522     0.956250        71298        22.86
       1.551     0.962500        71766        26.67
       1.586     0.968750        72229        32.00
       1.607     0.971875        72463        35.56
       1.632     0.975000        72693        40.00
       1.660     0.978125        72926        45.71
       1.692     0.981250        73155        53.33
       1.737     0.984375        73385        64.00
       1.765     0.985938        73505        71.11
       1.793     0.987500        73619        80.00
       1.825     0.989062        73734        91.43
       1.862     0.990625        73852       106.67
       1.911     0.992188        73967       128.00
       1.935     0.992969        74029       142.22
       1.959     0.993750        74084       160.00
       1.997     0.994531        74142       182.86
       2.034     0.995313        74201       213.33
       2.101     0.996094        74258       256.00
       2.135     0.996484        74289       284.44
       2.163     0.996875        74318       320.00
       2.213     0.997266        74346       365.71
       2.261     0.997656        74375       426.67
       2.339     0.998047        74404       512.00
       2.393     0.998242        74418       568.89
       2.485     0.998437        74433       640.00
       2.591     0.998633        74448       731.43
       2.723     0.998828        74462       853.33
       2.917     0.999023        74477      1024.00
       2.953     0.999121        74484      1137.78
       2.987     0.999219        74491      1280.00
       3.025     0.999316        74499      1462.86
       3.053     0.999414        74506      1706.67
       3.123     0.999512        74513      2048.00
       3.139     0.999561        74517      2275.56
       3.169     0.999609        74520      2560.00
       3.199     0.999658        74524      2925.71
       3.249     0.999707        74528      3413.33
       3.277     0.999756        74531      4096.00
       3.313     0.999780        74533      4551.11
       3.353     0.999805        74535      5120.00
       3.389     0.999829        74537      5851.43
       3.433     0.999854        74539      6826.67
       3.449     0.999878        74540      8192.00
       3.451     0.999890        74541      9102.22
       3.455     0.999902        74542     10240.00
       3.471     0.999915        74543     11702.86
       3.477     0.999927        74544     13653.33
       3.479     0.999939        74545     16384.00
       3.479     0.999945        74545     18204.44
       3.485     0.999951        74546     20480.00
       3.485     0.999957        74546     23405.71
       3.567     0.999963        74547     27306.67
       3.567     0.999969        74547     32768.00
       3.567     0.999973        74547     36408.89
       3.577     0.999976        74548     40960.00
       3.577     0.999979        74548     46811.43
       3.577     0.999982        74548     54613.33
       3.577     0.999985        74548     65536.00
       3.577     0.999986        74548     72817.78
       3.581     0.999988        74549     81920.00
       3.581     1.000000        74549          inf
#[Mean    =        0.932, StdDeviation   =        0.333]
#[Max     =        3.580, Total count    =        74549]
#[Buckets =           27, SubBuckets     =         2048]
----------------------------------------------------------
  74563 requests in 5.00s, 63.71MB read
Requests/sec:  14908.14
Transfer/sec:     12.74MB
Running 5s test @ http://127.0.0.1:8080
  1 threads and 50 connections
  Thread Stats   Avg      Stdev     99%   +/- Stdev
    Latency    13.07ms   15.90ms  88.64ms   91.11%
    Req/Sec       -nan      -nan   0.00      0.00%
  Latency Distribution (HdrHistogram - Recorded Latency)
 50.000%    9.67ms
 75.000%   11.85ms
 90.000%   26.75ms
 99.000%   88.64ms
 99.900%  120.32ms
 99.990%  131.58ms
 99.999%  135.55ms
100.000%  135.55ms

  Detailed Percentile spectrum:
       Value   Percentile   TotalCount 1/(1-Percentile)

       0.240     0.000000            1         1.00
       1.221     0.100000         9880         1.11
       3.241     0.200000        19760         1.25
       7.295     0.300000        29648         1.43
       8.735     0.400000        39558         1.67
       9.671     0.500000        49423         2.00
      10.167     0.550000        54337         2.22
      10.535     0.600000        59325         2.50
      10.807     0.650000        64276         2.86
      11.447     0.700000        69168         3.33
      11.847     0.750000        74143         4.00
      13.255     0.775000        76565         4.44
      15.431     0.800000        79037         5.00
      16.879     0.825000        81500         5.71
      19.935     0.850000        83970         6.67
      22.575     0.875000        86441         8.00
      24.463     0.887500        87691         8.89
      26.751     0.900000        88919        10.00
      29.439     0.912500        90164        11.43
      32.479     0.925000        91382        13.33
      36.479     0.937500        92648        16.00
      38.559     0.943750        93232        17.78
      40.831     0.950000        93861        20.00
      43.551     0.956250        94464        22.86
      45.823     0.962500        95101        26.67
      51.423     0.968750        95699        32.00
      65.727     0.971875        96007        35.56
      71.615     0.975000        96316        40.00
      75.263     0.978125        96625        45.71
      77.887     0.981250        96938        53.33
      81.535     0.984375        97247        64.00
      82.751     0.985938        97398        71.11
      86.143     0.987500        97559        80.00
      87.679     0.989062        97707        91.43
      90.751     0.990625        97861       106.67
      92.863     0.992188        98014       128.00
      95.295     0.992969        98091       142.22
      96.639     0.993750        98171       160.00
     100.863     0.994531        98247       182.86
     105.599     0.995313        98326       213.33
     109.567     0.996094        98407       256.00
     110.335     0.996484        98452       284.44
     110.591     0.996875        98478       320.00
     111.871     0.997266        98515       365.71
     114.239     0.997656        98555       426.67
     115.455     0.998047        98595       512.00
     115.839     0.998242        98621       568.89
     116.287     0.998437        98636       640.00
     116.799     0.998633        98650       731.43
     118.655     0.998828        98671       853.33
     120.383     0.999023        98693      1024.00
     120.639     0.999121        98700      1137.78
     120.831     0.999219        98711      1280.00
     121.087     0.999316        98718      1462.86
     122.303     0.999414        98728      1706.67
     122.687     0.999512        98737      2048.00
     124.223     0.999561        98743      2275.56
     126.527     0.999609        98750      2560.00
     126.591     0.999658        98753      2925.71
     126.847     0.999707        98760      3413.33
     127.039     0.999756        98763      4096.00
     127.359     0.999780        98766      4551.11
     127.359     0.999805        98766      5120.00
     131.327     0.999829        98772      5851.43
     131.327     0.999854        98772      6826.67
     131.583     0.999878        98777      8192.00
     131.583     0.999890        98777      9102.22
     131.583     0.999902        98777     10240.00
     131.583     0.999915        98777     11702.86
     131.839     0.999927        98781     13653.33
     131.839     0.999939        98781     16384.00
     131.839     0.999945        98781     18204.44
     131.839     0.999951        98781     20480.00
     131.839     0.999957        98781     23405.71
     135.551     0.999963        98785     27306.67
     135.551     1.000000        98785          inf
#[Mean    =       13.070, StdDeviation   =       15.898]
#[Max     =      135.424, Total count    =        98785]
#[Buckets =           27, SubBuckets     =         2048]
----------------------------------------------------------
  98914 requests in 5.01s, 84.53MB read
Requests/sec:  19725.60
Transfer/sec:     16.86MB
Running 5s test @ http://127.0.0.1:8080
  1 threads and 50 connections
  Thread Stats   Avg      Stdev     99%   +/- Stdev
    Latency     4.30ms    9.96ms  71.93ms   96.60%
    Req/Sec       -nan      -nan   0.00      0.00%
  Latency Distribution (HdrHistogram - Recorded Latency)
 50.000%    2.34ms
 75.000%    3.40ms
 90.000%    4.73ms
 99.000%   71.93ms
 99.900%   88.83ms
 99.990%   93.18ms
 99.999%   95.68ms
100.000%   95.68ms

  Detailed Percentile spectrum:
       Value   Percentile   TotalCount 1/(1-Percentile)

       0.320     0.000000            1         1.00
       1.304     0.100000        12421         1.11
       1.601     0.200000        24873         1.25
       1.835     0.300000        37258         1.43
       2.071     0.400000        49719         1.67
       2.343     0.500000        62150         2.00
       2.513     0.550000        68319         2.22
       2.703     0.600000        74518         2.50
       2.915     0.650000        80746         2.86
       3.165     0.700000        86928         3.33
       3.401     0.750000        93136         4.00
       3.523     0.775000        96218         4.44
       3.649     0.800000        99316         5.00
       3.785     0.825000       102427         5.71
       3.993     0.850000       105549         6.67
       4.299     0.875000       108663         8.00
       4.479     0.887500       110202         8.89
       4.727     0.900000       111746        10.00
       5.015     0.912500       113287        11.43
       5.463     0.925000       114838        13.33
       6.475     0.937500       116388        16.00
       7.959     0.943750       117162        17.78
       9.695     0.950000       117945        20.00
      10.639     0.956250       118720        22.86
      11.679     0.962500       119496        26.67
      16.247     0.968750       120270        32.00
      19.791     0.971875       120658        35.56
      23.295     0.975000       121046        40.00
      30.383     0.978125       121433        45.71
      40.671     0.981250       121818        53.33
      56.319     0.984375       122214        64.00
      61.279     0.985938       122403        71.11
      66.175     0.987500       122596        80.00
      70.143     0.989062       122790        91.43
      73.087     0.990625       122988       106.67
      78.143     0.992188       123176       128.00
      79.103     0.992969       123280       142.22
      81.279     0.993750       123370       160.00
      82.623     0.994531       123479       182.86
      83.071     0.995313       123569       213.33
      83.519     0.996094       123677       256.00
      83.775     0.996484       123711       284.44
      84.351     0.996875       123759       320.00
      85.311     0.997266       123806       365.71
      86.079     0.997656       123855       426.67
      87.167     0.998047       123913       512.00
      87.295     0.998242       123928       568.89
      87.551     0.998437       123952       640.00
      88.319     0.998633       123976       731.43
      88.575     0.998828       124006       853.33
      88.831     0.999023       124028      1024.00
      88.895     0.999121       124039      1137.78
      89.151     0.999219       124054      1280.00
      89.343     0.999316       124061      1462.86
      90.303     0.999414       124074      1706.67
      90.751     0.999512       124087      2048.00
      90.815     0.999561       124098      2275.56
      90.815     0.999609       124098      2560.00
      90.879     0.999658       124103      2925.71
      91.199     0.999707       124112      3413.33
      91.647     0.999756       124115      4096.00
      92.031     0.999780       124118      4551.11
      92.095     0.999805       124121      5120.00
      92.159     0.999829       124125      5851.43
      92.479     0.999854       124127      6826.67
      93.119     0.999878       124131      8192.00
      93.183     0.999890       124136      9102.22
      93.183     0.999902       124136     10240.00
      93.183     0.999915       124136     11702.86
      93.183     0.999927       124136     13653.33
      93.439     0.999939       124139     16384.00
      93.439     0.999945       124139     18204.44
      93.439     0.999951       124139     20480.00
      95.551     0.999957       124141     23405.71
      95.551     0.999963       124141     27306.67
      95.679     0.999969       124145     32768.00
      95.679     1.000000       124145          inf
#[Mean    =        4.303, StdDeviation   =        9.964]
#[Max     =       95.616, Total count    =       124145]
#[Buckets =           27, SubBuckets     =         2048]
----------------------------------------------------------
  124146 requests in 5.00s, 106.08MB read
Requests/sec:  24829.11
Transfer/sec:     21.22MB
Running 5s test @ http://127.0.0.1:8080
  1 threads and 50 connections
  Thread Stats   Avg      Stdev     99%   +/- Stdev
    Latency     3.47ms    1.26ms   7.46ms   72.79%
    Req/Sec       -nan      -nan   0.00      0.00%
  Latency Distribution (HdrHistogram - Recorded Latency)
 50.000%    3.15ms
 75.000%    4.27ms
 90.000%    5.13ms
 99.000%    7.46ms
 99.900%    9.32ms
 99.990%   11.64ms
 99.999%   13.49ms
100.000%   13.49ms

  Detailed Percentile spectrum:
       Value   Percentile   TotalCount 1/(1-Percentile)

       0.199     0.000000            1         1.00
       2.133     0.100000        14927         1.11
       2.477     0.200000        29882         1.25
       2.701     0.300000        44739         1.43
       2.907     0.400000        59646         1.67
       3.155     0.500000        74601         2.00
       3.311     0.550000        82041         2.22
       3.517     0.600000        89470         2.50
       3.759     0.650000        96894         2.86
       4.021     0.700000       104390         3.33
       4.267     0.750000       111876         4.00
       4.379     0.775000       115523         4.44
       4.503     0.800000       119324         5.00
       4.631     0.825000       122969         5.71
       4.771     0.850000       126702         6.67
       4.935     0.875000       130467         8.00
       5.027     0.887500       132301         8.89
       5.127     0.900000       134198        10.00
       5.231     0.912500       136030        11.43
       5.371     0.925000       137865        13.33
       5.531     0.937500       139736        16.00
       5.631     0.943750       140680        17.78
       5.727     0.950000       141608        20.00
       5.847     0.956250       142531        22.86
       5.983     0.962500       143467        26.67
       6.159     0.968750       144400        32.00
       6.259     0.971875       144857        35.56
       6.411     0.975000       145322        40.00
       6.559     0.978125       145781        45.71
       6.723     0.981250       146256        53.33
       6.919     0.984375       146716        64.00
       7.043     0.985938       146948        71.11
       7.191     0.987500       147182        80.00
       7.347     0.989062       147412        91.43
       7.527     0.990625       147645       106.67
       7.739     0.992188       147877       128.00
       7.819     0.992969       147995       142.22
       7.943     0.993750       148110       160.00
       8.047     0.994531       148232       182.86
       8.155     0.995313       148344       213.33
       8.271     0.996094       148459       256.00
       8.359     0.996484       148520       284.44
       8.455     0.996875       148580       320.00
       8.583     0.997266       148634       365.71
       8.687     0.997656       148693       426.67
       8.807     0.998047       148750       512.00
       8.839     0.998242       148792       568.89
       8.879     0.998437       148810       640.00
       8.959     0.998633       148838       731.43
       9.151     0.998828       148870       853.33
       9.583     0.999023       148896      1024.00
       9.751     0.999121       148912      1137.78
       9.879     0.999219       148926      1280.00
      10.079     0.999316       148940      1462.86
      10.255     0.999414       148954      1706.67
      10.487     0.999512       148969      2048.00
      10.791     0.999561       148977      2275.56
      10.927     0.999609       148983      2560.00
      10.967     0.999658       148991      2925.71
      11.063     0.999707       148999      3413.33
      11.263     0.999756       149005      4096.00
      11.319     0.999780       149010      4551.11
      11.351     0.999805       149014      5120.00
      11.359     0.999829       149017      5851.43
      11.543     0.999854       149020      6826.67
      11.631     0.999878       149025      8192.00
      11.631     0.999890       149025      9102.22
      11.639     0.999902       149028     10240.00
      11.671     0.999915       149030     11702.86
      12.031     0.999927       149031     13653.33
      12.039     0.999939       149032     16384.00
      12.047     0.999945       149033     18204.44
      12.071     0.999951       149034     20480.00
      12.087     0.999957       149035     23405.71
      12.183     0.999963       149036     27306.67
      12.199     0.999969       149037     32768.00
      12.199     0.999973       149037     36408.89
      12.223     0.999976       149038     40960.00
      12.223     0.999979       149038     46811.43
      12.263     0.999982       149039     54613.33
      12.263     0.999985       149039     65536.00
      12.263     0.999986       149039     72817.78
      13.487     0.999988       149040     81920.00
      13.487     0.999989       149040     93622.86
      13.487     0.999991       149040    109226.67
      13.487     0.999992       149040    131072.00
      13.487     0.999993       149040    145635.56
      13.495     0.999994       149041    163840.00
      13.495     1.000000       149041          inf
#[Mean    =        3.470, StdDeviation   =        1.265]
#[Max     =       13.488, Total count    =       149041]
#[Buckets =           27, SubBuckets     =         2048]
----------------------------------------------------------
  149074 requests in 5.00s, 127.38MB read
Requests/sec:  29811.75
Transfer/sec:     25.47MB
Running 5s test @ http://127.0.0.1:8080
  1 threads and 50 connections
  Thread Stats   Avg      Stdev     99%   +/- Stdev
    Latency     4.81ms    1.97ms  11.48ms   75.93%
    Req/Sec       -nan      -nan   0.00      0.00%
  Latency Distribution (HdrHistogram - Recorded Latency)
 50.000%    4.45ms
 75.000%    5.87ms
 90.000%    7.14ms
 99.000%   11.48ms
 99.900%   16.43ms
 99.990%   22.06ms
 99.999%   22.74ms
100.000%   22.74ms

  Detailed Percentile spectrum:
       Value   Percentile   TotalCount 1/(1-Percentile)

       0.243     0.000000            1         1.00
       2.769     0.100000        17423         1.11
       3.235     0.200000        34762         1.25
       3.567     0.300000        52203         1.43
       3.917     0.400000        69557         1.67
       4.451     0.500000        86908         2.00
       4.799     0.550000        95619         2.22
       5.103     0.600000       104393         2.50
       5.359     0.650000       112968         2.86
       5.603     0.700000       121746         3.33
       5.867     0.750000       130397         4.00
       6.023     0.775000       134711         4.44
       6.195     0.800000       139012         5.00
       6.379     0.825000       143411         5.71
       6.587     0.850000       147734         6.67
       6.819     0.875000       152082         8.00
       6.967     0.887500       154239         8.89
       7.143     0.900000       156417        10.00
       7.327     0.912500       158568        11.43
       7.563     0.925000       160747        13.33
       7.819     0.937500       162939        16.00
       7.963     0.943750       163993        17.78
       8.159     0.950000       165072        20.00
       8.391     0.956250       166179        22.86
       8.655     0.962500       167253        26.67
       8.967     0.968750       168356        32.00
       9.151     0.971875       168888        35.56
       9.351     0.975000       169427        40.00
       9.583     0.978125       169964        45.71
       9.903     0.981250       170509        53.33
      10.407     0.984375       171045        64.00
      10.631     0.985938       171324        71.11
      10.927     0.987500       171596        80.00
      11.231     0.989062       171863        91.43
      11.599     0.990625       172132       106.67
      11.975     0.992188       172408       128.00
      12.207     0.992969       172542       142.22
      12.447     0.993750       172676       160.00
      12.759     0.994531       172811       182.86
      13.167     0.995313       172950       213.33
      13.535     0.996094       173082       256.00
      13.951     0.996484       173151       284.44
      14.415     0.996875       173218       320.00
      14.679     0.997266       173290       365.71
      14.855     0.997656       173354       426.67
      15.151     0.998047       173421       512.00
      15.343     0.998242       173455       568.89
      15.551     0.998437       173490       640.00
      15.679     0.998633       173524       731.43
      16.007     0.998828       173558       853.33
      16.495     0.999023       173597      1024.00
      16.687     0.999121       173615      1137.78
      16.783     0.999219       173626      1280.00
      16.991     0.999316       173642      1462.86
      17.583     0.999414       173661      1706.67
      18.431     0.999512       173676      2048.00
      18.479     0.999561       173684      2275.56
      18.703     0.999609       173693      2560.00
      19.167     0.999658       173701      2925.71
      20.031     0.999707       173710      3413.33
      21.455     0.999756       173720      4096.00
      21.615     0.999780       173722      4551.11
      21.759     0.999805       173731      5120.00
      21.759     0.999829       173731      5851.43
      21.919     0.999854       173735      6826.67
      22.063     0.999878       173744      8192.00
      22.063     0.999890       173744      9102.22
      22.063     0.999902       173744     10240.00
      22.079     0.999915       173746     11702.86
      22.255     0.999927       173749     13653.33
      22.271     0.999939       173750     16384.00
      22.351     0.999945       173751     18204.44
      22.383     0.999951       173752     20480.00
      22.399     0.999957       173754     23405.71
      22.399     0.999963       173754     27306.67
      22.415     0.999969       173755     32768.00
      22.671     0.999973       173756     36408.89
      22.671     0.999976       173756     40960.00
      22.719     0.999979       173757     46811.43
      22.719     0.999982       173757     54613.33
      22.735     0.999985       173760     65536.00
      22.735     1.000000       173760          inf
#[Mean    =        4.809, StdDeviation   =        1.968]
#[Max     =       22.720, Total count    =       173760]
#[Buckets =           27, SubBuckets     =         2048]
----------------------------------------------------------
  173761 requests in 5.00s, 148.48MB read
Requests/sec:  34752.33
Transfer/sec:     29.70MB
Running 5s test @ http://127.0.0.1:8080
  1 threads and 50 connections
  Thread Stats   Avg      Stdev     99%   +/- Stdev
    Latency     8.31ms    4.75ms  25.23ms   77.06%
    Req/Sec       -nan      -nan   0.00      0.00%
  Latency Distribution (HdrHistogram - Recorded Latency)
 50.000%    7.06ms
 75.000%   10.20ms
 90.000%   14.74ms
 99.000%   25.23ms
 99.900%   30.53ms
 99.990%   33.41ms
 99.999%   33.82ms
100.000%   36.26ms

  Detailed Percentile spectrum:
       Value   Percentile   TotalCount 1/(1-Percentile)

       0.234     0.000000            1         1.00
       3.661     0.100000        19872         1.11
       4.683     0.200000        39692         1.25
       5.523     0.300000        59630         1.43
       6.259     0.400000        79464         1.67
       7.063     0.500000        99269         2.00
       7.491     0.550000       109181         2.22
       7.919     0.600000       119071         2.50
       8.519     0.650000       128995         2.86
       9.271     0.700000       138908         3.33
      10.199     0.750000       148874         4.00
      10.767     0.775000       153793         4.44
      11.367     0.800000       158759         5.00
      11.983     0.825000       163749         5.71
      12.719     0.850000       168703         6.67
      13.639     0.875000       173627         8.00
      14.199     0.887500       176122         8.89
      14.743     0.900000       178590        10.00
      15.423     0.912500       181075        11.43
      16.215     0.925000       183565        13.33
      17.151     0.937500       186029        16.00
      17.551     0.943750       187291        17.78
      18.015     0.950000       188516        20.00
      18.703     0.956250       189765        22.86
      19.487     0.962500       191006        26.67
      20.271     0.968750       192240        32.00
      20.671     0.971875       192857        35.56
      21.215     0.975000       193485        40.00
      21.807     0.978125       194090        45.71
      22.511     0.981250       194724        53.33
      23.375     0.984375       195345        64.00
      23.791     0.985938       195651        71.11
      24.399     0.987500       195954        80.00
      24.927     0.989062       196261        91.43
      25.487     0.990625       196571       106.67
      26.127     0.992188       196880       128.00
      26.495     0.992969       197035       142.22
      26.815     0.993750       197201       160.00
      27.087     0.994531       197349       182.86
      27.423     0.995313       197509       213.33
      27.743     0.996094       197662       256.00
      27.983     0.996484       197733       284.44
      28.255     0.996875       197810       320.00
      28.463     0.997266       197890       365.71
      28.655     0.997656       197967       426.67
      28.927     0.998047       198044       512.00
      29.215     0.998242       198082       568.89
      29.599     0.998437       198120       640.00
      29.983     0.998633       198159       731.43
      30.319     0.998828       198198       853.33
      30.543     0.999023       198237      1024.00
      30.623     0.999121       198256      1137.78
      30.799     0.999219       198275      1280.00
      30.895     0.999316       198295      1462.86
      31.055     0.999414       198315      1706.67
      31.247     0.999512       198334      2048.00
      31.375     0.999561       198344      2275.56
      31.503     0.999609       198353      2560.00
      32.607     0.999658       198363      2925.71
      33.055     0.999707       198374      3413.33
      33.119     0.999756       198385      4096.00
      33.151     0.999780       198389      4551.11
      33.247     0.999805       198393      5120.00
      33.311     0.999829       198399      5851.43
      33.343     0.999854       198402      6826.67
      33.375     0.999878       198409      8192.00
      33.375     0.999890       198409      9102.22
      33.407     0.999902       198411     10240.00
      33.471     0.999915       198417     11702.86
      33.471     0.999927       198417     13653.33
      33.503     0.999939       198418     16384.00
      33.567     0.999945       198421     18204.44
      33.567     0.999951       198421     20480.00
      33.599     0.999957       198422     23405.71
      33.663     0.999963       198425     27306.67
      33.663     0.999969       198425     32768.00
      33.663     0.999973       198425     36408.89
      33.759     0.999976       198427     40960.00
      33.759     0.999979       198427     46811.43
      33.759     0.999982       198427     54613.33
      33.759     0.999985       198427     65536.00
      33.823     0.999986       198428     72817.78
      33.823     0.999988       198428     81920.00
      33.823     0.999989       198428     93622.86
      36.223     0.999991       198429    109226.67
      36.223     0.999992       198429    131072.00
      36.223     0.999993       198429    145635.56
      36.223     0.999994       198429    163840.00
      36.223     0.999995       198429    187245.71
      36.255     0.999995       198430    218453.33
      36.255     1.000000       198430          inf
#[Mean    =        8.310, StdDeviation   =        4.751]
#[Max     =       36.224, Total count    =       198430]
#[Buckets =           27, SubBuckets     =         2048]
----------------------------------------------------------
  198647 requests in 5.00s, 169.74MB read
Requests/sec:  39727.83
Transfer/sec:     33.95MB
Running 5s test @ http://127.0.0.1:8080
  1 threads and 50 connections
  Thread Stats   Avg      Stdev     99%   +/- Stdev
    Latency    70.06ms   72.01ms 242.30ms   77.55%
    Req/Sec       -nan      -nan   0.00      0.00%
  Latency Distribution (HdrHistogram - Recorded Latency)
 50.000%   32.58ms
 75.000%  135.29ms
 90.000%  187.65ms
 99.000%  242.30ms
 99.900%  252.29ms
 99.990%  257.02ms
 99.999%  259.33ms
100.000%  259.71ms

  Detailed Percentile spectrum:
       Value   Percentile   TotalCount 1/(1-Percentile)

       0.236     0.000000            1         1.00
       5.939     0.100000        21843         1.11
       8.099     0.200000        43687         1.25
      11.159     0.300000        65540         1.43
      18.559     0.400000        87371         1.67
      32.575     0.500000       109202         2.00
      45.567     0.550000       120123         2.22
      64.959     0.600000       131033         2.50
      83.135     0.650000       141999         2.86
     104.703     0.700000       152900         3.33
     135.295     0.750000       163835         4.00
     141.951     0.775000       169253         4.44
     150.015     0.800000       174781         5.00
     158.207     0.825000       180228         5.71
     166.783     0.850000       185658         6.67
     176.255     0.875000       191104         8.00
     181.503     0.887500       193841         8.89
     187.647     0.900000       196584        10.00
     192.639     0.912500       199340        11.43
     196.223     0.925000       202042        13.33
     200.447     0.937500       204764        16.00
     202.879     0.943750       206117        17.78
     205.183     0.950000       207486        20.00
     208.255     0.956250       208834        22.86
     212.479     0.962500       210198        26.67
     217.215     0.968750       211584        32.00
     219.903     0.971875       212275        35.56
     224.383     0.975000       212956        40.00
     228.351     0.978125       213613        45.71
     232.063     0.981250       214302        53.33
     235.135     0.984375       214977        64.00
     236.671     0.985938       215331        71.11
     238.335     0.987500       215661        80.00
     241.151     0.989062       216010        91.43
     242.815     0.990625       216364       106.67
     244.223     0.992188       216689       128.00
     245.247     0.992969       216852       142.22
     246.399     0.993750       217036       160.00
     246.911     0.994531       217214       182.86
     247.551     0.995313       217409       213.33
     248.063     0.996094       217566       256.00
     248.319     0.996484       217633       284.44
     248.575     0.996875       217715       320.00
     248.831     0.997266       217795       365.71
     249.599     0.997656       217880       426.67
     250.367     0.998047       217977       512.00
     250.495     0.998242       218004       568.89
     250.879     0.998437       218048       640.00
     251.391     0.998633       218103       731.43
     251.775     0.998828       218135       853.33
     252.543     0.999023       218178      1024.00
     253.567     0.999121       218194      1137.78
     254.335     0.999219       218219      1280.00
     254.591     0.999316       218236      1462.86
     254.975     0.999414       218262      1706.67
     255.231     0.999512       218280      2048.00
     255.487     0.999561       218296      2275.56
     255.743     0.999609       218303      2560.00
     255.871     0.999658       218312      2925.71
     256.255     0.999707       218324      3413.33
     256.511     0.999756       218336      4096.00
     256.639     0.999780       218342      4551.11
     256.767     0.999805       218346      5120.00
     256.895     0.999829       218359      5851.43
     256.895     0.999854       218359      6826.67
     256.895     0.999878       218359      8192.00
     257.023     0.999890       218366      9102.22
     257.023     0.999902       218366     10240.00
     257.151     0.999915       218370     11702.86
     257.151     0.999927       218370     13653.33
     257.279     0.999939       218374     16384.00
     257.279     0.999945       218374     18204.44
     257.407     0.999951       218375     20480.00
     257.535     0.999957       218376     23405.71
     259.199     0.999963       218380     27306.67
     259.199     0.999969       218380     32768.00
     259.199     0.999973       218380     36408.89
     259.199     0.999976       218380     40960.00
     259.327     0.999979       218383     46811.43
     259.327     0.999982       218383     54613.33
     259.327     0.999985       218383     65536.00
     259.327     0.999986       218383     72817.78
     259.327     0.999988       218383     81920.00
     259.327     0.999989       218383     93622.86
     259.455     0.999991       218384    109226.67
     259.455     0.999992       218384    131072.00
     259.455     0.999993       218384    145635.56
     259.455     0.999994       218384    163840.00
     259.455     0.999995       218384    187245.71
     259.711     0.999995       218385    218453.33
     259.711     1.000000       218385          inf
#[Mean    =       70.060, StdDeviation   =       72.015]
#[Max     =      259.584, Total count    =       218385]
#[Buckets =           27, SubBuckets     =         2048]
----------------------------------------------------------
  218540 requests in 5.00s, 186.75MB read
Requests/sec:  43698.75
Transfer/sec:     37.34MB
Running 5s test @ http://127.0.0.1:8080
  1 threads and 50 connections
  Thread Stats   Avg      Stdev     99%   +/- Stdev
    Latency   320.15ms  372.97ms   1.35s    81.89%
    Req/Sec       -nan      -nan   0.00      0.00%
  Latency Distribution (HdrHistogram - Recorded Latency)
 50.000%  150.78ms
 75.000%  555.01ms
 90.000%  939.52ms
 99.000%    1.35s 
 99.900%    1.39s 
 99.990%    1.40s 
 99.999%    1.40s 
100.000%    1.40s 

  Detailed Percentile spectrum:
       Value   Percentile   TotalCount 1/(1-Percentile)

       0.353     0.000000            1         1.00
       7.367     0.100000        21368         1.11
      15.135     0.200000        42725         1.25
      64.415     0.300000        64088         1.43
     111.935     0.400000        85454         1.67
     150.783     0.500000       106907         2.00
     191.487     0.550000       117486         2.22
     227.967     0.600000       128204         2.50
     270.335     0.650000       138857         2.86
     348.159     0.700000       149534         3.33
     555.007     0.750000       160301         4.00
     604.159     0.775000       165639         4.44
     635.903     0.800000       170965         5.00
     709.631     0.825000       176275         5.71
     745.983     0.850000       181636         6.67
     826.879     0.875000       186919         8.00
     905.215     0.887500       189588         8.89
     939.519     0.900000       192310        10.00
    1014.783     0.912500       194920        11.43
    1076.223     0.925000       197618        13.33
    1150.975     0.937500       200379        16.00
    1198.079     0.943750       201597        17.78
    1206.271     0.950000       203034        20.00
    1214.463     0.956250       204288        22.86
    1220.607     0.962500       205670        26.67
    1224.703     0.968750       207225        32.00
    1226.751     0.971875       207816        35.56
    1230.847     0.975000       208409        40.00
    1246.207     0.978125       208943        45.71
    1276.927     0.981250       209647        53.33
    1303.551     0.984375       210281        64.00
    1310.719     0.985938       210617        71.11
    1335.295     0.987500       210947        80.00
    1347.583     0.989062       211323        91.43
    1349.631     0.990625       211625       106.67
    1352.703     0.992188       211950       128.00
    1357.823     0.992969       212111       142.22
    1363.967     0.993750       212296       160.00
    1374.207     0.994531       212465       182.86
    1380.351     0.995313       212615       213.33
    1384.447     0.996094       212780       256.00
    1385.471     0.996484       212861       284.44
    1388.543     0.996875       213014       320.00
    1389.567     0.997266       213107       365.71
    1390.591     0.997656       213193       426.67
    1390.591     0.998047       213193       512.00
    1391.615     0.998242       213239       568.89
    1392.639     0.998437       213347       640.00
    1392.639     0.998633       213347       731.43
    1393.663     0.998828       213409       853.33
    1393.663     0.999023       213409      1024.00
    1394.687     0.999121       213487      1137.78
    1394.687     0.999219       213487      1280.00
    1394.687     0.999316       213487      1462.86
    1394.687     0.999414       213487      1706.67
    1395.711     0.999512       213575      2048.00
    1395.711     0.999561       213575      2275.56
    1395.711     0.999609       213575      2560.00
    1395.711     0.999658       213575      2925.71
    1395.711     0.999707       213575      3413.33
    1395.711     0.999756       213575      4096.00
    1395.711     0.999780       213575      4551.11
    1395.711     0.999805       213575      5120.00
    1395.711     0.999829       213575      5851.43
    1396.735     0.999854       213608      6826.67
    1396.735     0.999878       213608      8192.00
    1396.735     0.999890       213608      9102.22
    1396.735     0.999902       213608     10240.00
    1396.735     0.999915       213608     11702.86
    1396.735     0.999927       213608     13653.33
    1396.735     0.999939       213608     16384.00
    1396.735     0.999945       213608     18204.44
    1396.735     0.999951       213608     20480.00
    1396.735     0.999957       213608     23405.71
    1396.735     0.999963       213608     27306.67
    1396.735     0.999969       213608     32768.00
    1396.735     0.999973       213608     36408.89
    1396.735     0.999976       213608     40960.00
    1396.735     0.999979       213608     46811.43
    1396.735     0.999982       213608     54613.33
    1396.735     0.999985       213608     65536.00
    1396.735     0.999986       213608     72817.78
    1396.735     0.999988       213608     81920.00
    1396.735     0.999989       213608     93622.86
    1397.759     0.999991       213610    109226.67
    1397.759     1.000000       213610          inf
#[Mean    =      320.154, StdDeviation   =      372.968]
#[Max     =     1396.736, Total count    =       213610]
#[Buckets =           27, SubBuckets     =         2048]
----------------------------------------------------------
  213613 requests in 5.00s, 182.55MB read
Requests/sec:  42710.81
Transfer/sec:     36.50MB
