Running 10s test @ http://localhost:8080/wrk2-api/review/compose
  1 threads and 100 connections
  Thread Stats   Avg      Stdev     99%   +/- Stdev
    Latency     5.78ms    2.42ms  16.02ms   89.33%
    Req/Sec       -nan      -nan   0.00      0.00%
  Latency Distribution (HdrHistogram - Recorded Latency)
 50.000%    5.03ms
 75.000%    6.41ms
 90.000%    8.25ms
 99.000%   16.02ms
 99.900%   23.34ms
 99.990%   28.50ms
 99.999%   28.50ms
100.000%   28.50ms

  Detailed Percentile spectrum:
       Value   Percentile   TotalCount 1/(1-Percentile)

       3.153     0.000000            1         1.00
       3.897     0.100000          199         1.11
       4.259     0.200000          400         1.25
       4.503     0.300000          597         1.43
       4.763     0.400000          797         1.67
       5.027     0.500000          995         2.00
       5.187     0.550000         1097         2.22
       5.367     0.600000         1193         2.50
       5.667     0.650000         1292         2.86
       6.019     0.700000         1391         3.33
       6.407     0.750000         1491         4.00
       6.663     0.775000         1540         4.44
       6.907     0.800000         1590         5.00
       7.195     0.825000         1640         5.71
       7.479     0.850000         1690         6.67
       7.819     0.875000         1740         8.00
       7.999     0.887500         1764         8.89
       8.271     0.900000         1789        10.00
       8.519     0.912500         1814        11.43
       8.919     0.925000         1838        13.33
       9.423     0.937500         1863        16.00
       9.671     0.943750         1876        17.78
      10.063     0.950000         1888        20.00
      10.471     0.956250         1901        22.86
      11.095     0.962500         1913        26.67
      11.687     0.968750         1925        32.00
      12.127     0.971875         1932        35.56
      12.615     0.975000         1938        40.00
      12.895     0.978125         1944        45.71
      13.535     0.981250         1950        53.33
      14.823     0.984375         1956        64.00
      15.255     0.985938         1960        71.11
      15.423     0.987500         1963        80.00
      16.007     0.989062         1966        91.43
      16.239     0.990625         1969       106.67
      17.215     0.992188         1972       128.00
      17.743     0.992969         1974       142.22
      17.903     0.993750         1975       160.00
      18.143     0.994531         1977       182.86
      18.303     0.995313         1978       213.33
      19.263     0.996094         1980       256.00
      19.727     0.996484         1981       284.44
      19.727     0.996875         1981       320.00
      20.863     0.997266         1982       365.71
      21.455     0.997656         1983       426.67
      22.095     0.998047         1984       512.00
      22.095     0.998242         1984       568.89
      22.095     0.998437         1984       640.00
      23.343     0.998633         1985       731.43
      23.343     0.998828         1985       853.33
      25.631     0.999023         1986      1024.00
      25.631     0.999121         1986      1137.78
      25.631     0.999219         1986      1280.00
      25.631     0.999316         1986      1462.86
      25.631     0.999414         1986      1706.67
      28.495     0.999512         1987      2048.00
      28.495     1.000000         1987          inf
#[Mean    =        5.780, StdDeviation   =        2.421]
#[Max     =       28.480, Total count    =         1987]
#[Buckets =           27, SubBuckets     =         2048]
----------------------------------------------------------
  1988 requests in 10.00s, 702.79KB read
  Socket errors: connect 0, read 0, write 0, timeout 5
  Non-2xx or 3xx responses: 1988
Requests/sec:    198.72
Transfer/sec:     70.25KB
Running 10s test @ http://localhost:8080/wrk2-api/review/compose
  1 threads and 100 connections
  Thread Stats   Avg      Stdev     99%   +/- Stdev
    Latency     6.14ms    2.84ms  17.07ms   88.15%
    Req/Sec       -nan      -nan   0.00      0.00%
  Latency Distribution (HdrHistogram - Recorded Latency)
 50.000%    5.24ms
 75.000%    6.99ms
 90.000%    9.30ms
 99.000%   17.07ms
 99.900%   28.61ms
 99.990%   31.17ms
 99.999%   31.17ms
100.000%   31.17ms

  Detailed Percentile spectrum:
       Value   Percentile   TotalCount 1/(1-Percentile)

       2.997     0.000000            1         1.00
       3.869     0.100000          298         1.11
       4.183     0.200000          596         1.25
       4.479     0.300000          894         1.43
       4.815     0.400000         1193         1.67
       5.235     0.500000         1490         2.00
       5.519     0.550000         1642         2.22
       5.803     0.600000         1788         2.50
       6.147     0.650000         1937         2.86
       6.515     0.700000         2086         3.33
       6.991     0.750000         2237         4.00
       7.295     0.775000         2310         4.44
       7.579     0.800000         2384         5.00
       7.911     0.825000         2459         5.71
       8.319     0.850000         2533         6.67
       8.775     0.875000         2609         8.00
       9.015     0.887500         2645         8.89
       9.295     0.900000         2682        10.00
       9.623     0.912500         2720        11.43
      10.175     0.925000         2757        13.33
      10.687     0.937500         2794        16.00
      11.199     0.943750         2813        17.78
      11.527     0.950000         2831        20.00
      11.919     0.956250         2850        22.86
      12.631     0.962500         2870        26.67
      13.031     0.968750         2887        32.00
      13.495     0.971875         2897        35.56
      13.711     0.975000         2906        40.00
      14.335     0.978125         2915        45.71
      15.023     0.981250         2925        53.33
      15.503     0.984375         2934        64.00
      15.935     0.985938         2939        71.11
      16.335     0.987500         2943        80.00
      16.911     0.989062         2948        91.43
      17.199     0.990625         2953       106.67
      17.839     0.992188         2957       128.00
      18.239     0.992969         2960       142.22
      19.263     0.993750         2962       160.00
      19.711     0.994531         2964       182.86
      20.623     0.995313         2967       213.33
      21.327     0.996094         2969       256.00
      21.839     0.996484         2970       284.44
      22.431     0.996875         2971       320.00
      23.151     0.997266         2972       365.71
      23.999     0.997656         2974       426.67
      24.447     0.998047         2975       512.00
      24.447     0.998242         2975       568.89
      25.903     0.998437         2976       640.00
      25.903     0.998633         2976       731.43
      28.607     0.998828         2977       853.33
      29.407     0.999023         2978      1024.00
      29.407     0.999121         2978      1137.78
      29.407     0.999219         2978      1280.00
      29.407     0.999316         2978      1462.86
      30.559     0.999414         2979      1706.67
      30.559     0.999512         2979      2048.00
      30.559     0.999561         2979      2275.56
      30.559     0.999609         2979      2560.00
      30.559     0.999658         2979      2925.71
      31.167     0.999707         2980      3413.33
      31.167     1.000000         2980          inf
#[Mean    =        6.137, StdDeviation   =        2.837]
#[Max     =       31.152, Total count    =         2980]
#[Buckets =           27, SubBuckets     =         2048]
----------------------------------------------------------
  2981 requests in 10.01s, 1.03MB read
  Socket errors: connect 0, read 0, write 0, timeout 1
  Non-2xx or 3xx responses: 2981
Requests/sec:    297.93
Transfer/sec:    105.32KB
Running 10s test @ http://localhost:8080/wrk2-api/review/compose
  1 threads and 100 connections
  Thread Stats   Avg      Stdev     99%   +/- Stdev
    Latency     7.16ms    3.70ms  20.90ms   87.12%
    Req/Sec       -nan      -nan   0.00      0.00%
  Latency Distribution (HdrHistogram - Recorded Latency)
 50.000%    5.99ms
 75.000%    8.37ms
 90.000%   11.35ms
 99.000%   20.90ms
 99.900%   32.54ms
 99.990%   39.87ms
 99.999%   39.87ms
100.000%   39.87ms

  Detailed Percentile spectrum:
       Value   Percentile   TotalCount 1/(1-Percentile)

       3.149     0.000000            1         1.00
       4.083     0.100000          399         1.11
       4.515     0.200000          796         1.25
       4.935     0.300000         1194         1.43
       5.395     0.400000         1590         1.67
       5.987     0.500000         1984         2.00
       6.347     0.550000         2183         2.22
       6.783     0.600000         2381         2.50
       7.231     0.650000         2583         2.86
       7.759     0.700000         2779         3.33
       8.367     0.750000         2978         4.00
       8.799     0.775000         3076         4.44
       9.191     0.800000         3176         5.00
       9.663     0.825000         3274         5.71
      10.087     0.850000         3374         6.67
      10.687     0.875000         3472         8.00
      11.023     0.887500         3523         8.89
      11.351     0.900000         3574        10.00
      11.887     0.912500         3621        11.43
      12.655     0.925000         3672        13.33
      13.671     0.937500         3721        16.00
      14.031     0.943750         3745        17.78
      14.359     0.950000         3770        20.00
      14.959     0.956250         3795        22.86
      15.687     0.962500         3820        26.67
      16.431     0.968750         3844        32.00
      16.959     0.971875         3857        35.56
      17.455     0.975000         3869        40.00
      18.175     0.978125         3882        45.71
      18.751     0.981250         3894        53.33
      19.343     0.984375         3906        64.00
      19.903     0.985938         3913        71.11
      20.207     0.987500         3920        80.00
      20.623     0.989062         3925        91.43
      21.231     0.990625         3931       106.67
      22.335     0.992188         3937       128.00
      22.719     0.992969         3941       142.22
      23.119     0.993750         3944       160.00
      23.695     0.994531         3947       182.86
      24.351     0.995313         3950       213.33
      24.879     0.996094         3953       256.00
      25.295     0.996484         3955       284.44
      25.455     0.996875         3956       320.00
      25.935     0.997266         3958       365.71
      27.039     0.997656         3959       426.67
      30.463     0.998047         3961       512.00
      31.279     0.998242         3962       568.89
      31.279     0.998437         3962       640.00
      31.759     0.998633         3963       731.43
      32.543     0.998828         3964       853.33
      34.943     0.999023         3965      1024.00
      34.943     0.999121         3965      1137.78
      34.943     0.999219         3965      1280.00
      35.935     0.999316         3966      1462.86
      35.935     0.999414         3966      1706.67
      36.767     0.999512         3967      2048.00
      36.767     0.999561         3967      2275.56
      36.767     0.999609         3967      2560.00
      36.767     0.999658         3967      2925.71
      36.767     0.999707         3967      3413.33
      39.871     0.999756         3968      4096.00
      39.871     1.000000         3968          inf
#[Mean    =        7.157, StdDeviation   =        3.696]
#[Max     =       39.840, Total count    =         3968]
#[Buckets =           27, SubBuckets     =         2048]
----------------------------------------------------------
  3969 requests in 10.00s, 1.37MB read
  Non-2xx or 3xx responses: 3969
Requests/sec:    396.93
Transfer/sec:    140.32KB
Running 10s test @ http://localhost:8080/wrk2-api/review/compose
  1 threads and 100 connections
  Thread Stats   Avg      Stdev     99%   +/- Stdev
    Latency     8.62ms    4.82ms  26.35ms   84.44%
    Req/Sec       -nan      -nan   0.00      0.00%
  Latency Distribution (HdrHistogram - Recorded Latency)
 50.000%    7.24ms
 75.000%   10.35ms
 90.000%   14.83ms
 99.000%   26.35ms
 99.900%   37.76ms
 99.990%   49.79ms
 99.999%   49.79ms
100.000%   49.79ms

  Detailed Percentile spectrum:
       Value   Percentile   TotalCount 1/(1-Percentile)

       3.175     0.000000            1         1.00
       4.407     0.100000          495         1.11
       4.959     0.200000          990         1.25
       5.607     0.300000         1487         1.43
       6.355     0.400000         1980         1.67
       7.235     0.500000         2475         2.00
       7.707     0.550000         2725         2.22
       8.231     0.600000         2970         2.50
       8.839     0.650000         3220         2.86
       9.551     0.700000         3465         3.33
      10.351     0.750000         3715         4.00
      10.751     0.775000         3837         4.44
      11.263     0.800000         3959         5.00
      12.007     0.825000         4083         5.71
      12.791     0.850000         4208         6.67
      13.727     0.875000         4330         8.00
      14.199     0.887500         4392         8.89
      14.831     0.900000         4454        10.00
      15.367     0.912500         4516        11.43
      16.023     0.925000         4577        13.33
      17.071     0.937500         4639        16.00
      17.615     0.943750         4670        17.78
      18.047     0.950000         4702        20.00
      18.719     0.956250         4733        22.86
      19.439     0.962500         4763        26.67
      20.543     0.968750         4794        32.00
      21.231     0.971875         4809        35.56
      21.599     0.975000         4825        40.00
      22.223     0.978125         4841        45.71
      22.911     0.981250         4856        53.33
      24.159     0.984375         4871        64.00
      24.511     0.985938         4879        71.11
      25.103     0.987500         4888        80.00
      25.567     0.989062         4894        91.43
      26.831     0.990625         4902       106.67
      27.855     0.992188         4910       128.00
      28.335     0.992969         4914       142.22
      29.823     0.993750         4918       160.00
      30.351     0.994531         4921       182.86
      30.879     0.995313         4925       213.33
      31.343     0.996094         4929       256.00
      31.423     0.996484         4931       284.44
      31.567     0.996875         4933       320.00
      31.983     0.997266         4935       365.71
      33.503     0.997656         4937       426.67
      35.583     0.998047         4939       512.00
      35.935     0.998242         4940       568.89
      36.607     0.998437         4941       640.00
      37.535     0.998633         4942       731.43
      37.759     0.998828         4943       853.33
      39.135     0.999023         4944      1024.00
      39.135     0.999121         4944      1137.78
      44.447     0.999219         4945      1280.00
      44.447     0.999316         4945      1462.86
      45.151     0.999414         4946      1706.67
      45.151     0.999512         4946      2048.00
      45.151     0.999561         4946      2275.56
      45.311     0.999609         4947      2560.00
      45.311     0.999658         4947      2925.71
      45.311     0.999707         4947      3413.33
      45.311     0.999756         4947      4096.00
      45.311     0.999780         4947      4551.11
      49.791     0.999805         4948      5120.00
      49.791     1.000000         4948          inf
#[Mean    =        8.622, StdDeviation   =        4.824]
#[Max     =       49.760, Total count    =         4948]
#[Buckets =           27, SubBuckets     =         2048]
----------------------------------------------------------
  4949 requests in 10.00s, 1.71MB read
  Non-2xx or 3xx responses: 4949
Requests/sec:    494.93
Transfer/sec:    174.97KB
Running 10s test @ http://localhost:8080/wrk2-api/review/compose
  1 threads and 100 connections
  Thread Stats   Avg      Stdev     99%   +/- Stdev
    Latency    10.30ms    6.42ms  35.84ms   87.75%
    Req/Sec       -nan      -nan   0.00      0.00%
  Latency Distribution (HdrHistogram - Recorded Latency)
 50.000%    8.47ms
 75.000%   12.44ms
 90.000%   17.53ms
 99.000%   35.84ms
 99.900%   58.59ms
 99.990%   61.85ms
 99.999%   72.45ms
100.000%   72.45ms

  Detailed Percentile spectrum:
       Value   Percentile   TotalCount 1/(1-Percentile)

       3.307     0.000000            1         1.00
       4.879     0.100000          596         1.11
       5.603     0.200000         1191         1.25
       6.503     0.300000         1783         1.43
       7.463     0.400000         2377         1.67
       8.471     0.500000         2972         2.00
       9.119     0.550000         3271         2.22
       9.751     0.600000         3566         2.50
      10.535     0.650000         3864         2.86
      11.447     0.700000         4161         3.33
      12.439     0.750000         4457         4.00
      12.991     0.775000         4605         4.44
      13.671     0.800000         4755         5.00
      14.391     0.825000         4902         5.71
      15.151     0.850000         5050         6.67
      16.263     0.875000         5199         8.00
      16.911     0.887500         5275         8.89
      17.535     0.900000         5348        10.00
      18.223     0.912500         5424        11.43
      19.119     0.925000         5496        13.33
      20.255     0.937500         5570        16.00
      20.927     0.943750         5609        17.78
      21.823     0.950000         5644        20.00
      22.687     0.956250         5682        22.86
      24.111     0.962500         5719        26.67
      25.279     0.968750         5756        32.00
      26.303     0.971875         5774        35.56
      27.311     0.975000         5793        40.00
      28.271     0.978125         5812        45.71
      29.471     0.981250         5830        53.33
      31.215     0.984375         5849        64.00
      32.383     0.985938         5858        71.11
      34.111     0.987500         5868        80.00
      35.039     0.989062         5877        91.43
      36.895     0.990625         5887       106.67
      38.879     0.992188         5895       128.00
      40.127     0.992969         5900       142.22
      41.023     0.993750         5904       160.00
      43.007     0.994531         5909       182.86
      45.503     0.995313         5914       213.33
      46.335     0.996094         5918       256.00
      46.975     0.996484         5922       284.44
      47.839     0.996875         5923       320.00
      49.631     0.997266         5925       365.71
      50.239     0.997656         5928       426.67
      51.647     0.998047         5930       512.00
      52.223     0.998242         5931       568.89
      52.735     0.998437         5932       640.00
      53.503     0.998633         5933       731.43
      58.591     0.998828         5935       853.33
      58.687     0.999023         5936      1024.00
      58.687     0.999121         5936      1137.78
      59.871     0.999219         5937      1280.00
      59.871     0.999316         5937      1462.86
      59.935     0.999414         5938      1706.67
      60.191     0.999512         5939      2048.00
      60.191     0.999561         5939      2275.56
      60.191     0.999609         5939      2560.00
      60.191     0.999658         5939      2925.71
      61.855     0.999707         5940      3413.33
      61.855     0.999756         5940      4096.00
      61.855     0.999780         5940      4551.11
      61.855     0.999805         5940      5120.00
      61.855     0.999829         5940      5851.43
      72.447     0.999854         5941      6826.67
      72.447     1.000000         5941          inf
#[Mean    =       10.297, StdDeviation   =        6.424]
#[Max     =       72.384, Total count    =         5941]
#[Buckets =           27, SubBuckets     =         2048]
----------------------------------------------------------
  5942 requests in 10.00s, 2.05MB read
  Non-2xx or 3xx responses: 5942
Requests/sec:    594.19
Transfer/sec:    210.06KB
Running 10s test @ http://localhost:8080/wrk2-api/review/compose
  1 threads and 100 connections
  Thread Stats   Avg      Stdev     99%   +/- Stdev
    Latency    13.61ms    7.91ms  40.06ms   75.52%
    Req/Sec       -nan      -nan   0.00      0.00%
  Latency Distribution (HdrHistogram - Recorded Latency)
 50.000%   11.59ms
 75.000%   17.25ms
 90.000%   24.24ms
 99.000%   40.06ms
 99.900%   57.12ms
 99.990%   64.19ms
 99.999%   67.46ms
100.000%   67.46ms

  Detailed Percentile spectrum:
       Value   Percentile   TotalCount 1/(1-Percentile)

       3.477     0.000000            1         1.00
       5.675     0.100000          692         1.11
       7.107     0.200000         1383         1.25
       8.511     0.300000         2074         1.43
       9.975     0.400000         2766         1.67
      11.591     0.500000         3457         2.00
      12.519     0.550000         3802         2.22
      13.391     0.600000         4149         2.50
      14.559     0.650000         4494         2.86
      15.783     0.700000         4839         3.33
      17.247     0.750000         5185         4.00
      18.191     0.775000         5360         4.44
      19.007     0.800000         5529         5.00
      19.919     0.825000         5702         5.71
      21.135     0.850000         5878         6.67
      22.511     0.875000         6048         8.00
      23.279     0.887500         6134         8.89
      24.239     0.900000         6220        10.00
      25.103     0.912500         6307        11.43
      26.111     0.925000         6393        13.33
      27.535     0.937500         6480        16.00
      28.255     0.943750         6523        17.78
      29.247     0.950000         6566        20.00
      30.207     0.956250         6609        22.86
      31.103     0.962500         6652        26.67
      32.591     0.968750         6696        32.00
      33.247     0.971875         6717        35.56
      34.239     0.975000         6739        40.00
      34.943     0.978125         6760        45.71
      35.999     0.981250         6782        53.33
      37.407     0.984375         6804        64.00
      38.239     0.985938         6814        71.11
      39.135     0.987500         6825        80.00
      39.679     0.989062         6836        91.43
      40.383     0.990625         6847       106.67
      41.855     0.992188         6858       128.00
      42.431     0.992969         6863       142.22
      43.263     0.993750         6868       160.00
      44.735     0.994531         6874       182.86
      46.879     0.995313         6879       213.33
      47.295     0.996094         6885       256.00
      47.359     0.996484         6887       284.44
      47.935     0.996875         6891       320.00
      48.319     0.997266         6893       365.71
      48.671     0.997656         6895       426.67
      50.527     0.998047         6898       512.00
      51.487     0.998242         6899       568.89
      52.063     0.998437         6901       640.00
      54.207     0.998633         6902       731.43
      54.527     0.998828         6903       853.33
      57.919     0.999023         6905      1024.00
      57.919     0.999121         6905      1137.78
      58.047     0.999219         6906      1280.00
      58.431     0.999316         6907      1462.86
      58.431     0.999414         6907      1706.67
      62.399     0.999512         6908      2048.00
      62.399     0.999561         6908      2275.56
      63.295     0.999609         6909      2560.00
      63.295     0.999658         6909      2925.71
      63.295     0.999707         6909      3413.33
      64.191     0.999756         6910      4096.00
      64.191     0.999780         6910      4551.11
      64.191     0.999805         6910      5120.00
      64.191     0.999829         6910      5851.43
      64.191     0.999854         6910      6826.67
      67.455     0.999878         6911      8192.00
      67.455     1.000000         6911          inf
#[Mean    =       13.608, StdDeviation   =        7.907]
#[Max     =       67.392, Total count    =         6911]
#[Buckets =           27, SubBuckets     =         2048]
----------------------------------------------------------
  6912 requests in 10.00s, 2.39MB read
  Non-2xx or 3xx responses: 6912
Requests/sec:    691.20
Transfer/sec:    244.35KB
Running 10s test @ http://localhost:8080/wrk2-api/review/compose
  1 threads and 100 connections
  Thread Stats   Avg      Stdev     99%   +/- Stdev
    Latency    19.48ms   17.84ms  80.96ms   91.74%
    Req/Sec       -nan      -nan   0.00      0.00%
  Latency Distribution (HdrHistogram - Recorded Latency)
 50.000%   15.28ms
 75.000%   23.28ms
 90.000%   34.88ms
 99.000%   80.96ms
 99.900%  223.87ms
 99.990%  308.73ms
 99.999%  367.10ms
100.000%  367.10ms

  Detailed Percentile spectrum:
       Value   Percentile   TotalCount 1/(1-Percentile)

       3.633     0.000000            1         1.00
       6.899     0.100000          792         1.11
       8.951     0.200000         1585         1.25
      10.911     0.300000         2375         1.43
      13.007     0.400000         3168         1.67
      15.279     0.500000         3958         2.00
      16.495     0.550000         4354         2.22
      17.919     0.600000         4756         2.50
      19.455     0.650000         5145         2.86
      21.327     0.700000         5542         3.33
      23.295     0.750000         5939         4.00
      24.639     0.775000         6135         4.44
      25.935     0.800000         6332         5.00
      27.583     0.825000         6531         5.71
      29.647     0.850000         6731         6.67
      32.031     0.875000         6928         8.00
      33.439     0.887500         7028         8.89
      34.879     0.900000         7125        10.00
      36.351     0.912500         7225        11.43
      38.815     0.925000         7323        13.33
      41.727     0.937500         7421        16.00
      43.455     0.943750         7472        17.78
      44.895     0.950000         7521        20.00
      47.391     0.956250         7569        22.86
      50.111     0.962500         7620        26.67
      53.663     0.968750         7668        32.00
      56.319     0.971875         7693        35.56
      58.367     0.975000         7718        40.00
      60.415     0.978125         7742        45.71
      64.287     0.981250         7768        53.33
      67.839     0.984375         7792        64.00
      71.487     0.985938         7805        71.11
      74.879     0.987500         7817        80.00
      78.847     0.989062         7829        91.43
      84.159     0.990625         7842       106.67
      90.431     0.992188         7854       128.00
      95.231     0.992969         7860       142.22
     110.143     0.993750         7866       160.00
     113.855     0.994531         7872       182.86
     117.119     0.995313         7878       213.33
     122.303     0.996094         7885       256.00
     129.023     0.996484         7888       284.44
     135.167     0.996875         7891       320.00
     141.823     0.997266         7894       365.71
     144.127     0.997656         7897       426.67
     158.463     0.998047         7900       512.00
     163.327     0.998242         7902       568.89
     187.647     0.998437         7903       640.00
     220.671     0.998633         7905       731.43
     221.823     0.998828         7906       853.33
     224.511     0.999023         7908      1024.00
     276.991     0.999121         7909      1137.78
     276.991     0.999219         7909      1280.00
     277.759     0.999316         7910      1462.86
     300.031     0.999414         7911      1706.67
     300.799     0.999512         7912      2048.00
     300.799     0.999561         7912      2275.56
     300.799     0.999609         7912      2560.00
     302.335     0.999658         7913      2925.71
     302.335     0.999707         7913      3413.33
     308.735     0.999756         7914      4096.00
     308.735     0.999780         7914      4551.11
     308.735     0.999805         7914      5120.00
     308.735     0.999829         7914      5851.43
     308.735     0.999854         7914      6826.67
     367.103     0.999878         7915      8192.00
     367.103     1.000000         7915          inf
#[Mean    =       19.481, StdDeviation   =       17.836]
#[Max     =      366.848, Total count    =         7915]
#[Buckets =           27, SubBuckets     =         2048]
----------------------------------------------------------
  7916 requests in 10.00s, 2.73MB read
  Non-2xx or 3xx responses: 7916
Requests/sec:    791.64
Transfer/sec:    279.86KB
Running 10s test @ http://localhost:8080/wrk2-api/review/compose
  1 threads and 100 connections
  Thread Stats   Avg      Stdev     99%   +/- Stdev
    Latency    30.62ms   35.87ms 139.26ms   94.54%
    Req/Sec       -nan      -nan   0.00      0.00%
  Latency Distribution (HdrHistogram - Recorded Latency)
 50.000%   23.34ms
 75.000%   35.29ms
 90.000%   53.41ms
 99.000%  139.26ms
 99.900%  469.25ms
 99.990%  603.14ms
 99.999%  624.64ms
100.000%  624.64ms

  Detailed Percentile spectrum:
       Value   Percentile   TotalCount 1/(1-Percentile)

       3.545     0.000000            1         1.00
       9.951     0.100000          880         1.11
      13.383     0.200000         1759         1.25
      16.623     0.300000         2645         1.43
      19.775     0.400000         3518         1.67
      23.343     0.500000         4398         2.00
      25.263     0.550000         4840         2.22
      27.375     0.600000         5278         2.50
      29.599     0.650000         5718         2.86
      32.319     0.700000         6156         3.33
      35.295     0.750000         6595         4.00
      37.311     0.775000         6815         4.44
      39.775     0.800000         7038         5.00
      42.431     0.825000         7257         5.71
      45.247     0.850000         7475         6.67
      49.407     0.875000         7694         8.00
      51.231     0.887500         7805         8.89
      53.407     0.900000         7914        10.00
      56.223     0.912500         8024        11.43
      60.127     0.925000         8134        13.33
      63.263     0.937500         8244        16.00
      65.599     0.943750         8299        17.78
      68.863     0.950000         8354        20.00
      72.895     0.956250         8411        22.86
      76.351     0.962500         8464        26.67
      81.279     0.968750         8519        32.00
      84.159     0.971875         8546        35.56
      87.231     0.975000         8574        40.00
      91.391     0.978125         8601        45.71
      98.815     0.981250         8629        53.33
     107.647     0.984375         8656        64.00
     111.871     0.985938         8670        71.11
     115.647     0.987500         8684        80.00
     131.455     0.989062         8697        91.43
     148.479     0.990625         8711       106.67
     180.223     0.992188         8725       128.00
     199.807     0.992969         8732       142.22
     223.103     0.993750         8739       160.00
     261.375     0.994531         8745       182.86
     320.767     0.995313         8752       213.33
     344.831     0.996094         8759       256.00
     357.887     0.996484         8763       284.44
     372.223     0.996875         8766       320.00
     385.791     0.997266         8769       365.71
     427.263     0.997656         8773       426.67
     447.231     0.998047         8776       512.00
     452.863     0.998242         8778       568.89
     460.543     0.998437         8780       640.00
     461.055     0.998633         8781       731.43
     466.687     0.998828         8783       853.33
     473.599     0.999023         8785      1024.00
     487.935     0.999121         8786      1137.78
     518.911     0.999219         8787      1280.00
     518.911     0.999316         8787      1462.86
     522.495     0.999414         8788      1706.67
     551.423     0.999512         8789      2048.00
     563.199     0.999561         8791      2275.56
     563.199     0.999609         8791      2560.00
     563.199     0.999658         8791      2925.71
     563.199     0.999707         8791      3413.33
     563.199     0.999756         8791      4096.00
     603.135     0.999780         8792      4551.11
     603.135     0.999805         8792      5120.00
     603.135     0.999829         8792      5851.43
     603.135     0.999854         8792      6826.67
     603.135     0.999878         8792      8192.00
     624.639     0.999890         8793      9102.22
     624.639     1.000000         8793          inf
#[Mean    =       30.619, StdDeviation   =       35.871]
#[Max     =      624.128, Total count    =         8793]
#[Buckets =           27, SubBuckets     =         2048]
----------------------------------------------------------
  8794 requests in 10.00s, 3.04MB read
  Non-2xx or 3xx responses: 8794
Requests/sec:    879.16
Transfer/sec:    310.80KB
Running 10s test @ http://localhost:8080/wrk2-api/review/compose
  1 threads and 100 connections
  Thread Stats   Avg      Stdev     99%   +/- Stdev
    Latency   467.53ms  419.38ms   1.72s    69.38%
    Req/Sec       -nan      -nan   0.00      0.00%
  Latency Distribution (HdrHistogram - Recorded Latency)
 50.000%  347.39ms
 75.000%  694.27ms
 90.000%    1.09s 
 99.000%    1.72s 
 99.900%    2.07s 
 99.990%    2.28s 
 99.999%    2.33s 
100.000%    2.33s 

  Detailed Percentile spectrum:
       Value   Percentile   TotalCount 1/(1-Percentile)

       3.415     0.000000            1         1.00
      33.919     0.100000          925         1.11
      85.567     0.200000         1847         1.25
     182.015     0.300000         2771         1.43
     249.727     0.400000         3695         1.67
     347.391     0.500000         4618         2.00
     404.735     0.550000         5080         2.22
     465.919     0.600000         5541         2.50
     534.527     0.650000         6002         2.86
     611.839     0.700000         6467         3.33
     694.271     0.750000         6925         4.00
     743.935     0.775000         7158         4.44
     791.551     0.800000         7387         5.00
     855.551     0.825000         7620         5.71
     930.815     0.850000         7851         6.67
    1007.615     0.875000         8080         8.00
    1052.671     0.887500         8196         8.89
    1091.583     0.900000         8310        10.00
    1143.807     0.912500         8427        11.43
    1191.935     0.925000         8542        13.33
    1247.231     0.937500         8656        16.00
    1278.975     0.943750         8717        17.78
    1310.719     0.950000         8772        20.00
    1351.679     0.956250         8830        22.86
    1404.927     0.962500         8887        26.67
    1449.983     0.968750         8946        32.00
    1480.703     0.971875         8974        35.56
    1518.591     0.975000         9003        40.00
    1551.359     0.978125         9032        45.71
    1597.439     0.981250         9060        53.33
    1631.231     0.984375         9091        64.00
    1647.615     0.985938         9104        71.11
    1675.263     0.987500         9118        80.00
    1695.743     0.989062         9133        91.43
    1733.631     0.990625         9147       106.67
    1778.687     0.992188         9161       128.00
    1813.503     0.992969         9169       142.22
    1841.151     0.993750         9176       160.00
    1859.583     0.994531         9183       182.86
    1873.919     0.995313         9190       213.33
    1909.759     0.996094         9197       256.00
    1923.071     0.996484         9201       284.44
    1941.503     0.996875         9205       320.00
    1960.959     0.997266         9208       365.71
    1985.535     0.997656         9212       426.67
    1994.751     0.998047         9215       512.00
    2011.135     0.998242         9217       568.89
    2022.399     0.998437         9219       640.00
    2062.335     0.998633         9221       731.43
    2068.479     0.998828         9223       853.33
    2072.575     0.999023         9224      1024.00
    2109.439     0.999121         9225      1137.78
    2123.775     0.999219         9226      1280.00
    2224.127     0.999316         9227      1462.86
    2248.703     0.999414         9228      1706.67
    2250.751     0.999512         9229      2048.00
    2250.751     0.999561         9229      2275.56
    2258.943     0.999609         9230      2560.00
    2258.943     0.999658         9230      2925.71
    2275.327     0.999707         9232      3413.33
    2275.327     0.999756         9232      4096.00
    2275.327     0.999780         9232      4551.11
    2275.327     0.999805         9232      5120.00
    2275.327     0.999829         9232      5851.43
    2275.327     0.999854         9232      6826.67
    2275.327     0.999878         9232      8192.00
    2275.327     0.999890         9232      9102.22
    2330.623     0.999902         9233     10240.00
    2330.623     1.000000         9233          inf
#[Mean    =      467.526, StdDeviation   =      419.375]
#[Max     =     2328.576, Total count    =         9233]
#[Buckets =           27, SubBuckets     =         2048]
----------------------------------------------------------
  9234 requests in 10.00s, 3.19MB read
  Non-2xx or 3xx responses: 9234
Requests/sec:    923.28
Transfer/sec:    326.39KB
Running 10s test @ http://localhost:8080/wrk2-api/review/compose
  1 threads and 100 connections
  Thread Stats   Avg      Stdev     99%   +/- Stdev
    Latency   348.44ms  326.69ms   1.44s    74.46%
    Req/Sec       -nan      -nan   0.00      0.00%
  Latency Distribution (HdrHistogram - Recorded Latency)
 50.000%  266.75ms
 75.000%  499.97ms
 90.000%  792.58ms
 99.000%    1.44s 
 99.900%    1.95s 
 99.990%    2.11s 
 99.999%    2.11s 
100.000%    2.11s 

  Detailed Percentile spectrum:
       Value   Percentile   TotalCount 1/(1-Percentile)

       0.174     0.000000            1         1.00
      17.855     0.100000         1037         1.11
      73.023     0.200000         2077         1.25
     125.951     0.300000         3111         1.43
     189.951     0.400000         4148         1.67
     266.751     0.500000         5185         2.00
     305.407     0.550000         5705         2.22
     348.159     0.600000         6224         2.50
     393.215     0.650000         6743         2.86
     442.111     0.700000         7260         3.33
     499.967     0.750000         7778         4.00
     539.135     0.775000         8040         4.44
     574.975     0.800000         8296         5.00
     620.543     0.825000         8559         5.71
     671.231     0.850000         8815         6.67
     726.527     0.875000         9074         8.00
     754.687     0.887500         9204         8.89
     792.575     0.900000         9334        10.00
     837.631     0.912500         9464        11.43
     876.543     0.925000         9594        13.33
     926.207     0.937500         9722        16.00
     951.807     0.943750         9790        17.78
     984.063     0.950000         9852        20.00
    1026.047     0.956250         9918        22.86
    1062.911     0.962500         9983        26.67
    1118.207     0.968750        10047        32.00
    1154.047     0.971875        10080        35.56
    1190.911     0.975000        10111        40.00
    1223.679     0.978125        10144        45.71
    1282.047     0.981250        10176        53.33
    1337.343     0.984375        10208        64.00
    1354.751     0.985938        10225        71.11
    1382.399     0.987500        10242        80.00
    1420.287     0.989062        10257        91.43
    1461.247     0.990625        10273       106.67
    1508.351     0.992188        10289       128.00
    1526.783     0.992969        10298       142.22
    1568.767     0.993750        10306       160.00
    1638.399     0.994531        10314       182.86
    1734.655     0.995313        10322       213.33
    1786.879     0.996094        10330       256.00
    1812.479     0.996484        10334       284.44
    1830.911     0.996875        10338       320.00
    1851.391     0.997266        10342       365.71
    1866.751     0.997656        10346       426.67
    1904.639     0.998047        10350       512.00
    1915.903     0.998242        10352       568.89
    1924.095     0.998437        10354       640.00
    1934.335     0.998633        10356       731.43
    1944.575     0.998828        10358       853.33
    1952.767     0.999023        10360      1024.00
    1966.079     0.999121        10361      1137.78
    1983.487     0.999219        10363      1280.00
    1983.487     0.999316        10363      1462.86
    2026.495     0.999414        10364      1706.67
    2062.335     0.999512        10365      2048.00
    2073.599     0.999561        10366      2275.56
    2073.599     0.999609        10366      2560.00
    2079.743     0.999658        10367      2925.71
    2079.743     0.999707        10367      3413.33
    2109.439     0.999756        10369      4096.00
    2109.439     0.999780        10369      4551.11
    2109.439     0.999805        10369      5120.00
    2109.439     0.999829        10369      5851.43
    2109.439     0.999854        10369      6826.67
    2109.439     0.999878        10369      8192.00
    2109.439     0.999890        10369      9102.22
    2109.439     0.999902        10369     10240.00
    2113.535     0.999915        10370     11702.86
    2113.535     1.000000        10370          inf
#[Mean    =      348.443, StdDeviation   =      326.689]
#[Max     =     2111.488, Total count    =        10370]
#[Buckets =           27, SubBuckets     =         2048]
----------------------------------------------------------
  10371 requests in 10.00s, 3.55MB read
  Non-2xx or 3xx responses: 10371
Requests/sec:   1037.09
Transfer/sec:    363.58KB
Running 10s test @ http://localhost:8080/wrk2-api/review/compose
  1 threads and 100 connections
  Thread Stats   Avg      Stdev     99%   +/- Stdev
    Latency    74.74ms  124.61ms 561.66ms   87.22%
    Req/Sec       -nan      -nan   0.00      0.00%
  Latency Distribution (HdrHistogram - Recorded Latency)
 50.000%    4.12ms
 75.000%  105.54ms
 90.000%  231.81ms
 99.000%  561.66ms
 99.900%  855.55ms
 99.990%    1.06s 
 99.999%    1.10s 
100.000%    1.10s 

  Detailed Percentile spectrum:
       Value   Percentile   TotalCount 1/(1-Percentile)

       0.169     0.000000            1         1.00
       0.407     0.100000         1170         1.11
       0.615     0.200000         2335         1.25
       0.838     0.300000         3504         1.43
       1.193     0.400000         4666         1.67
       4.123     0.500000         5832         2.00
      19.951     0.550000         6415         2.22
      37.471     0.600000         6998         2.50
      56.703     0.650000         7581         2.86
      79.871     0.700000         8165         3.33
     105.663     0.750000         8749         4.00
     120.255     0.775000         9039         4.44
     139.391     0.800000         9332         5.00
     157.951     0.825000         9623         5.71
     178.687     0.850000         9914         6.67
     202.239     0.875000        10207         8.00
     216.063     0.887500        10351         8.89
     231.807     0.900000        10498        10.00
     249.727     0.912500        10644        11.43
     272.127     0.925000        10790        13.33
     299.775     0.937500        10935        16.00
     318.975     0.943750        11007        17.78
     341.759     0.950000        11082        20.00
     361.215     0.956250        11154        22.86
     383.487     0.962500        11226        26.67
     406.783     0.968750        11299        32.00
     420.863     0.971875        11335        35.56
     436.991     0.975000        11373        40.00
     456.959     0.978125        11408        45.71
     478.719     0.981250        11445        53.33
     503.039     0.984375        11482        64.00
     519.423     0.985938        11499        71.11
     534.527     0.987500        11518        80.00
     551.935     0.989062        11536        91.43
     567.807     0.990625        11554       106.67
     589.823     0.992188        11573       128.00
     600.575     0.992969        11581       142.22
     632.831     0.993750        11591       160.00
     650.751     0.994531        11600       182.86
     681.471     0.995313        11609       213.33
     705.023     0.996094        11618       256.00
     717.311     0.996484        11622       284.44
     728.575     0.996875        11627       320.00
     751.615     0.997266        11632       365.71
     763.391     0.997656        11636       426.67
     778.239     0.998047        11641       512.00
     787.967     0.998242        11643       568.89
     813.055     0.998437        11645       640.00
     838.143     0.998633        11648       731.43
     839.679     0.998828        11650       853.33
     862.207     0.999023        11652      1024.00
     864.767     0.999121        11653      1137.78
     874.495     0.999219        11655      1280.00
     878.591     0.999316        11656      1462.86
     897.023     0.999414        11657      1706.67
     956.415     0.999512        11658      2048.00
     956.415     0.999561        11658      2275.56
     964.607     0.999609        11659      2560.00
     993.279     0.999658        11660      2925.71
     993.279     0.999707        11660      3413.33
     999.423     0.999756        11661      4096.00
     999.423     0.999780        11661      4551.11
     999.423     0.999805        11661      5120.00
    1055.743     0.999829        11662      5851.43
    1055.743     0.999854        11662      6826.67
    1055.743     0.999878        11662      8192.00
    1055.743     0.999890        11662      9102.22
    1055.743     0.999902        11662     10240.00
    1101.823     0.999915        11663     11702.86
    1101.823     1.000000        11663          inf
#[Mean    =       74.745, StdDeviation   =      124.606]
#[Max     =     1100.800, Total count    =        11663]
#[Buckets =           27, SubBuckets     =         2048]
----------------------------------------------------------
  11665 requests in 10.00s, 3.97MB read
  Non-2xx or 3xx responses: 11665
Requests/sec:   1166.45
Transfer/sec:    406.66KB
Running 10s test @ http://localhost:8080/wrk2-api/review/compose
  1 threads and 100 connections
  Thread Stats   Avg      Stdev     99%   +/- Stdev
    Latency    80.62ms  129.91ms 586.75ms   86.90%
    Req/Sec       -nan      -nan   0.00      0.00%
  Latency Distribution (HdrHistogram - Recorded Latency)
 50.000%    9.34ms
 75.000%  116.48ms
 90.000%  251.39ms
 99.000%  586.75ms
 99.900%  895.49ms
 99.990%    1.15s 
 99.999%    1.17s 
100.000%    1.17s 

  Detailed Percentile spectrum:
       Value   Percentile   TotalCount 1/(1-Percentile)

       0.183     0.000000            3         1.00
       0.459     0.100000         1266         1.11
       0.679     0.200000         2530         1.25
       0.935     0.300000         3793         1.43
       1.432     0.400000         5055         1.67
       9.343     0.500000         6315         2.00
      26.575     0.550000         6948         2.22
      45.503     0.600000         7578         2.50
      65.919     0.650000         8209         2.86
      89.023     0.700000         8841         3.33
     116.479     0.750000         9472         4.00
     133.759     0.775000         9788         4.44
     151.039     0.800000        10105         5.00
     170.879     0.825000        10419         5.71
     192.255     0.850000        10736         6.67
     217.855     0.875000        11051         8.00
     233.983     0.887500        11209         8.89
     251.391     0.900000        11367        10.00
     271.871     0.912500        11524        11.43
     292.607     0.925000        11682        13.33
     321.279     0.937500        11841        16.00
     338.431     0.943750        11919        17.78
     356.351     0.950000        11998        20.00
     372.735     0.956250        12077        22.86
     393.983     0.962500        12156        26.67
     415.231     0.968750        12235        32.00
     430.079     0.971875        12275        35.56
     445.951     0.975000        12314        40.00
     462.591     0.978125        12353        45.71
     479.487     0.981250        12393        53.33
     510.719     0.984375        12432        64.00
     528.383     0.985938        12452        71.11
     547.839     0.987500        12472        80.00
     565.759     0.989062        12491        91.43
     595.455     0.990625        12511       106.67
     616.447     0.992188        12531       128.00
     637.439     0.992969        12541       142.22
     658.943     0.993750        12552       160.00
     674.303     0.994531        12560       182.86
     700.415     0.995313        12570       213.33
     730.111     0.996094        12580       256.00
     743.423     0.996484        12585       284.44
     765.951     0.996875        12590       320.00
     783.871     0.997266        12595       365.71
     802.303     0.997656        12600       426.67
     814.591     0.998047        12605       512.00
     821.247     0.998242        12607       568.89
     856.575     0.998437        12610       640.00
     876.031     0.998633        12612       731.43
     882.175     0.998828        12615       853.33
     907.263     0.999023        12617      1024.00
     918.527     0.999121        12618      1137.78
     927.743     0.999219        12620      1280.00
     933.887     0.999316        12621      1462.86
     940.031     0.999414        12622      1706.67
     950.271     0.999512        12623      2048.00
     950.783     0.999561        12624      2275.56
     962.559     0.999609        12625      2560.00
     962.559     0.999658        12625      2925.71
    1009.663     0.999707        12626      3413.33
    1009.663     0.999756        12626      4096.00
    1058.815     0.999780        12627      4551.11
    1058.815     0.999805        12627      5120.00
    1058.815     0.999829        12627      5851.43
    1149.951     0.999854        12628      6826.67
    1149.951     0.999878        12628      8192.00
    1149.951     0.999890        12628      9102.22
    1149.951     0.999902        12628     10240.00
    1149.951     0.999915        12628     11702.86
    1173.503     0.999927        12629     13653.33
    1173.503     1.000000        12629          inf
#[Mean    =       80.617, StdDeviation   =      129.911]
#[Max     =     1172.480, Total count    =        12629]
#[Buckets =           27, SubBuckets     =         2048]
----------------------------------------------------------
  12631 requests in 10.00s, 4.30MB read
  Non-2xx or 3xx responses: 12631
Requests/sec:   1263.06
Transfer/sec:    440.34KB
Running 10s test @ http://localhost:8080/wrk2-api/review/compose
  1 threads and 100 connections
  Thread Stats   Avg      Stdev     99%   +/- Stdev
    Latency    84.67ms  119.16ms 520.96ms   85.90%
    Req/Sec       -nan      -nan   0.00      0.00%
  Latency Distribution (HdrHistogram - Recorded Latency)
 50.000%   31.61ms
 75.000%  130.62ms
 90.000%  245.76ms
 99.000%  520.96ms
 99.900%  739.84ms
 99.990%  827.39ms
 99.999%  897.02ms
100.000%  897.02ms

  Detailed Percentile spectrum:
       Value   Percentile   TotalCount 1/(1-Percentile)

       0.182     0.000000            1         1.00
       0.543     0.100000         1363         1.11
       0.817     0.200000         2723         1.25
       1.220     0.300000         4083         1.43
       4.091     0.400000         5443         1.67
      31.615     0.500000         6804         2.00
      47.007     0.550000         7485         2.22
      63.711     0.600000         8168         2.50
      81.983     0.650000         8846         2.86
     103.807     0.700000         9525         3.33
     130.687     0.750000        10206         4.00
     144.255     0.775000        10547         4.44
     159.487     0.800000        10887         5.00
     177.023     0.825000        11226         5.71
     196.479     0.850000        11568         6.67
     220.543     0.875000        11907         8.00
     232.319     0.887500        12078         8.89
     245.759     0.900000        12249        10.00
     263.167     0.912500        12417        11.43
     285.439     0.925000        12587        13.33
     306.431     0.937500        12760        16.00
     321.023     0.943750        12842        17.78
     335.615     0.950000        12929        20.00
     352.767     0.956250        13013        22.86
     371.967     0.962500        13098        26.67
     391.679     0.968750        13183        32.00
     402.943     0.971875        13225        35.56
     415.487     0.975000        13267        40.00
     433.151     0.978125        13310        45.71
     449.279     0.981250        13354        53.33
     469.503     0.984375        13395        64.00
     480.511     0.985938        13417        71.11
     494.335     0.987500        13437        80.00
     508.159     0.989062        13459        91.43
     530.431     0.990625        13480       106.67
     547.839     0.992188        13502       128.00
     557.055     0.992969        13512       142.22
     565.759     0.993750        13522       160.00
     577.535     0.994531        13533       182.86
     600.575     0.995313        13544       213.33
     622.079     0.996094        13554       256.00
     632.319     0.996484        13560       284.44
     640.511     0.996875        13565       320.00
     649.727     0.997266        13570       365.71
     663.551     0.997656        13576       426.67
     683.519     0.998047        13581       512.00
     689.663     0.998242        13584       568.89
     699.391     0.998437        13587       640.00
     730.623     0.998633        13589       731.43
     739.327     0.998828        13592       853.33
     741.887     0.999023        13594      1024.00
     750.591     0.999121        13596      1137.78
     757.247     0.999219        13597      1280.00
     759.295     0.999316        13598      1462.86
     798.719     0.999414        13600      1706.67
     808.959     0.999512        13601      2048.00
     811.007     0.999561        13602      2275.56
     811.007     0.999609        13602      2560.00
     812.031     0.999658        13603      2925.71
     823.295     0.999707        13604      3413.33
     823.295     0.999756        13604      4096.00
     823.807     0.999780        13605      4551.11
     823.807     0.999805        13605      5120.00
     823.807     0.999829        13605      5851.43
     827.391     0.999854        13606      6826.67
     827.391     0.999878        13606      8192.00
     827.391     0.999890        13606      9102.22
     827.391     0.999902        13606     10240.00
     827.391     0.999915        13606     11702.86
     897.023     0.999927        13607     13653.33
     897.023     1.000000        13607          inf
#[Mean    =       84.667, StdDeviation   =      119.159]
#[Max     =      896.512, Total count    =        13607]
#[Buckets =           27, SubBuckets     =         2048]
----------------------------------------------------------
  13608 requests in 10.00s, 4.63MB read
  Non-2xx or 3xx responses: 13608
Requests/sec:   1360.95
Transfer/sec:    474.47KB
Running 10s test @ http://localhost:8080/wrk2-api/review/compose
  1 threads and 100 connections
  Thread Stats   Avg      Stdev     99%   +/- Stdev
    Latency    95.80ms  127.22ms 549.38ms   85.06%
    Req/Sec       -nan      -nan   0.00      0.00%
  Latency Distribution (HdrHistogram - Recorded Latency)
 50.000%   41.79ms
 75.000%  150.27ms
 90.000%  275.71ms
 99.000%  549.38ms
 99.900%  741.89ms
 99.990%  850.43ms
 99.999%  950.27ms
100.000%  950.27ms

  Detailed Percentile spectrum:
       Value   Percentile   TotalCount 1/(1-Percentile)

       0.171     0.000000            1         1.00
       0.586     0.100000         1459         1.11
       0.897     0.200000         2916         1.25
       1.472     0.300000         4375         1.43
      10.951     0.400000         5832         1.67
      41.791     0.500000         7291         2.00
      59.487     0.550000         8019         2.22
      78.271     0.600000         8748         2.50
      99.455     0.650000         9479         2.86
     123.711     0.700000        10206         3.33
     150.271     0.750000        10935         4.00
     163.967     0.775000        11300         4.44
     181.759     0.800000        11664         5.00
     201.727     0.825000        12029         5.71
     222.719     0.850000        12395         6.67
     247.039     0.875000        12760         8.00
     260.351     0.887500        12941         8.89
     275.711     0.900000        13126        10.00
     292.863     0.912500        13308        11.43
     310.527     0.925000        13487        13.33
     331.007     0.937500        13670        16.00
     342.783     0.943750        13761        17.78
     357.375     0.950000        13852        20.00
     373.503     0.956250        13943        22.86
     392.447     0.962500        14034        26.67
     411.903     0.968750        14125        32.00
     422.143     0.971875        14172        35.56
     436.479     0.975000        14217        40.00
     455.167     0.978125        14262        45.71
     475.903     0.981250        14307        53.33
     493.055     0.984375        14353        64.00
     511.231     0.985938        14375        71.11
     524.799     0.987500        14398        80.00
     541.183     0.989062        14422        91.43
     557.567     0.990625        14444       106.67
     571.903     0.992188        14467       128.00
     580.095     0.992969        14478       142.22
     602.623     0.993750        14489       160.00
     614.911     0.994531        14501       182.86
     631.295     0.995313        14512       213.33
     650.751     0.996094        14524       256.00
     656.383     0.996484        14529       284.44
     662.527     0.996875        14536       320.00
     670.719     0.997266        14541       365.71
     679.423     0.997656        14546       426.67
     690.175     0.998047        14552       512.00
     700.927     0.998242        14555       568.89
     714.239     0.998437        14558       640.00
     726.015     0.998633        14561       731.43
     731.135     0.998828        14563       853.33
     746.495     0.999023        14566      1024.00
     752.639     0.999121        14568      1137.78
     754.687     0.999219        14569      1280.00
     778.751     0.999316        14571      1462.86
     786.431     0.999414        14572      1706.67
     786.943     0.999512        14573      2048.00
     805.375     0.999561        14574      2275.56
     807.935     0.999609        14575      2560.00
     811.519     0.999658        14576      2925.71
     811.519     0.999707        14576      3413.33
     830.463     0.999756        14577      4096.00
     830.463     0.999780        14577      4551.11
     839.679     0.999805        14578      5120.00
     839.679     0.999829        14578      5851.43
     839.679     0.999854        14578      6826.67
     850.431     0.999878        14579      8192.00
     850.431     0.999890        14579      9102.22
     850.431     0.999902        14579     10240.00
     850.431     0.999915        14579     11702.86
     850.431     0.999927        14579     13653.33
     950.271     0.999939        14580     16384.00
     950.271     1.000000        14580          inf
#[Mean    =       95.802, StdDeviation   =      127.223]
#[Max     =      949.760, Total count    =        14580]
#[Buckets =           27, SubBuckets     =         2048]
----------------------------------------------------------
  14582 requests in 10.00s, 4.96MB read
  Non-2xx or 3xx responses: 14582
Requests/sec:   1458.25
Transfer/sec:    508.39KB
