Running 10s test @ http://localhost:8080/wrk2-api/review/compose
  1 threads and 100 connections
  Thread Stats   Avg      Stdev     99%   +/- Stdev
    Latency     5.91ms    4.16ms  16.96ms   94.67%
    Req/Sec       -nan      -nan   0.00      0.00%
  Latency Distribution (HdrHistogram - Recorded Latency)
 50.000%    4.90ms
 75.000%    6.41ms
 90.000%    8.53ms
 99.000%   16.96ms
 99.900%   58.05ms
 99.990%   83.71ms
 99.999%   83.71ms
100.000%   83.71ms

  Detailed Percentile spectrum:
       Value   Percentile   TotalCount 1/(1-Percentile)

       3.209     0.000000            1         1.00
       3.827     0.100000          200         1.11
       4.069     0.200000          398         1.25
       4.319     0.300000          599         1.43
       4.567     0.400000          796         1.67
       4.903     0.500000          996         2.00
       5.095     0.550000         1094         2.22
       5.323     0.600000         1193         2.50
       5.635     0.650000         1292         2.86
       5.999     0.700000         1391         3.33
       6.411     0.750000         1491         4.00
       6.647     0.775000         1540         4.44
       6.943     0.800000         1590         5.00
       7.239     0.825000         1641         5.71
       7.659     0.850000         1689         6.67
       7.971     0.875000         1740         8.00
       8.239     0.887500         1765         8.89
       8.543     0.900000         1789        10.00
       8.839     0.912500         1814        11.43
       9.247     0.925000         1838        13.33
       9.791     0.937500         1863        16.00
       9.975     0.943750         1876        17.78
      10.447     0.950000         1888        20.00
      11.063     0.956250         1901        22.86
      11.487     0.962500         1913        26.67
      11.871     0.968750         1925        32.00
      12.399     0.971875         1932        35.56
      12.823     0.975000         1938        40.00
      13.303     0.978125         1944        45.71
      13.903     0.981250         1950        53.33
      14.647     0.984375         1956        64.00
      15.407     0.985938         1960        71.11
      16.015     0.987500         1963        80.00
      16.847     0.989062         1966        91.43
      18.127     0.990625         1969       106.67
      18.975     0.992188         1972       128.00
      21.151     0.992969         1974       142.22
      21.391     0.993750         1975       160.00
      32.463     0.994531         1977       182.86
      32.719     0.995313         1978       213.33
      37.887     0.996094         1980       256.00
      38.847     0.996484         1981       284.44
      38.847     0.996875         1981       320.00
      43.647     0.997266         1982       365.71
      49.471     0.997656         1983       426.67
      57.663     0.998047         1984       512.00
      57.663     0.998242         1984       568.89
      57.663     0.998437         1984       640.00
      58.047     0.998633         1985       731.43
      58.047     0.998828         1985       853.33
      74.175     0.999023         1986      1024.00
      74.175     0.999121         1986      1137.78
      74.175     0.999219         1986      1280.00
      74.175     0.999316         1986      1462.86
      74.175     0.999414         1986      1706.67
      83.711     0.999512         1987      2048.00
      83.711     1.000000         1987          inf
#[Mean    =        5.909, StdDeviation   =        4.159]
#[Max     =       83.648, Total count    =         1987]
#[Buckets =           27, SubBuckets     =         2048]
----------------------------------------------------------
  1988 requests in 10.01s, 702.79KB read
  Socket errors: connect 0, read 0, write 0, timeout 5
  Non-2xx or 3xx responses: 1988
Requests/sec:    198.67
Transfer/sec:     70.23KB
Running 10s test @ http://localhost:8080/wrk2-api/review/compose
  1 threads and 100 connections
  Thread Stats   Avg      Stdev     99%   +/- Stdev
    Latency     6.04ms    2.51ms  16.15ms   85.43%
    Req/Sec       -nan      -nan   0.00      0.00%
  Latency Distribution (HdrHistogram - Recorded Latency)
 50.000%    5.19ms
 75.000%    6.99ms
 90.000%    9.18ms
 99.000%   16.15ms
 99.900%   21.53ms
 99.990%   24.51ms
 99.999%   24.51ms
100.000%   24.51ms

  Detailed Percentile spectrum:
       Value   Percentile   TotalCount 1/(1-Percentile)

       3.151     0.000000            1         1.00
       3.879     0.100000          301         1.11
       4.191     0.200000          597         1.25
       4.503     0.300000          896         1.43
       4.811     0.400000         1192         1.67
       5.187     0.500000         1492         2.00
       5.463     0.550000         1640         2.22
       5.743     0.600000         1788         2.50
       6.127     0.650000         1938         2.86
       6.555     0.700000         2086         3.33
       6.991     0.750000         2236         4.00
       7.271     0.775000         2310         4.44
       7.571     0.800000         2385         5.00
       7.855     0.825000         2458         5.71
       8.223     0.850000         2533         6.67
       8.663     0.875000         2607         8.00
       8.911     0.887500         2644         8.89
       9.207     0.900000         2682        10.00
       9.615     0.912500         2719        11.43
       9.975     0.925000         2756        13.33
      10.455     0.937500         2793        16.00
      10.815     0.943750         2812        17.78
      10.983     0.950000         2831        20.00
      11.183     0.956250         2850        22.86
      11.463     0.962500         2868        26.67
      11.767     0.968750         2886        32.00
      11.999     0.971875         2896        35.56
      12.311     0.975000         2905        40.00
      12.663     0.978125         2914        45.71
      13.327     0.981250         2924        53.33
      13.855     0.984375         2933        64.00
      14.415     0.985938         2939        71.11
      14.807     0.987500         2942        80.00
      15.807     0.989062         2947        91.43
      16.639     0.990625         2952       106.67
      17.263     0.992188         2956       128.00
      17.519     0.992969         2959       142.22
      17.823     0.993750         2961       160.00
      17.967     0.994531         2963       182.86
      18.207     0.995313         2966       213.33
      18.351     0.996094         2968       256.00
      18.399     0.996484         2969       284.44
      18.479     0.996875         2970       320.00
      18.607     0.997266         2972       365.71
      18.831     0.997656         2973       426.67
      20.207     0.998047         2974       512.00
      20.207     0.998242         2974       568.89
      21.519     0.998437         2975       640.00
      21.519     0.998633         2975       731.43
      21.535     0.998828         2976       853.33
      21.631     0.999023         2977      1024.00
      21.631     0.999121         2977      1137.78
      21.631     0.999219         2977      1280.00
      21.631     0.999316         2977      1462.86
      21.711     0.999414         2978      1706.67
      21.711     0.999512         2978      2048.00
      21.711     0.999561         2978      2275.56
      21.711     0.999609         2978      2560.00
      21.711     0.999658         2978      2925.71
      24.511     0.999707         2979      3413.33
      24.511     1.000000         2979          inf
#[Mean    =        6.036, StdDeviation   =        2.507]
#[Max     =       24.496, Total count    =         2979]
#[Buckets =           27, SubBuckets     =         2048]
----------------------------------------------------------
  2980 requests in 10.00s, 1.03MB read
  Socket errors: connect 0, read 0, write 0, timeout 1
  Non-2xx or 3xx responses: 2980
Requests/sec:    298.00
Transfer/sec:    105.35KB
Running 10s test @ http://localhost:8080/wrk2-api/review/compose
  1 threads and 100 connections
  Thread Stats   Avg      Stdev     99%   +/- Stdev
    Latency     7.37ms    3.83ms  21.85ms   85.82%
    Req/Sec       -nan      -nan   0.00      0.00%
  Latency Distribution (HdrHistogram - Recorded Latency)
 50.000%    6.19ms
 75.000%    8.65ms
 90.000%   12.35ms
 99.000%   21.85ms
 99.900%   27.71ms
 99.990%   29.93ms
 99.999%   29.93ms
100.000%   29.93ms

  Detailed Percentile spectrum:
       Value   Percentile   TotalCount 1/(1-Percentile)

       3.083     0.000000            1         1.00
       4.069     0.100000          398         1.11
       4.511     0.200000          795         1.25
       4.987     0.300000         1192         1.43
       5.531     0.400000         1590         1.67
       6.191     0.500000         1987         2.00
       6.519     0.550000         2183         2.22
       6.971     0.600000         2383         2.50
       7.471     0.650000         2580         2.86
       8.027     0.700000         2779         3.33
       8.655     0.750000         2977         4.00
       9.023     0.775000         3076         4.44
       9.471     0.800000         3176         5.00
       9.991     0.825000         3275         5.71
      10.599     0.850000         3375         6.67
      11.343     0.875000         3475         8.00
      11.799     0.887500         3524         8.89
      12.359     0.900000         3575        10.00
      12.823     0.912500         3622        11.43
      13.479     0.925000         3672        13.33
      14.287     0.937500         3721        16.00
      14.735     0.943750         3747        17.78
      15.263     0.950000         3771        20.00
      15.999     0.956250         3796        22.86
      16.719     0.962500         3821        26.67
      17.535     0.968750         3845        32.00
      18.095     0.971875         3859        35.56
      18.447     0.975000         3870        40.00
      18.863     0.978125         3883        45.71
      19.439     0.981250         3895        53.33
      20.239     0.984375         3908        64.00
      20.623     0.985938         3914        71.11
      21.215     0.987500         3920        80.00
      21.695     0.989062         3926        91.43
      22.111     0.990625         3932       106.67
      22.559     0.992188         3938       128.00
      22.975     0.992969         3942       142.22
      23.487     0.993750         3945       160.00
      23.855     0.994531         3948       182.86
      24.271     0.995313         3951       213.33
      24.927     0.996094         3954       256.00
      25.359     0.996484         3956       284.44
      25.519     0.996875         3957       320.00
      25.647     0.997266         3959       365.71
      25.935     0.997656         3960       426.67
      26.527     0.998047         3962       512.00
      27.279     0.998242         3963       568.89
      27.279     0.998437         3963       640.00
      27.647     0.998633         3964       731.43
      27.711     0.998828         3965       853.33
      27.807     0.999023         3966      1024.00
      27.807     0.999121         3966      1137.78
      27.807     0.999219         3966      1280.00
      27.903     0.999316         3967      1462.86
      27.903     0.999414         3967      1706.67
      28.735     0.999512         3968      2048.00
      28.735     0.999561         3968      2275.56
      28.735     0.999609         3968      2560.00
      28.735     0.999658         3968      2925.71
      28.735     0.999707         3968      3413.33
      29.935     0.999756         3969      4096.00
      29.935     1.000000         3969          inf
#[Mean    =        7.374, StdDeviation   =        3.828]
#[Max     =       29.920, Total count    =         3969]
#[Buckets =           27, SubBuckets     =         2048]
----------------------------------------------------------
  3970 requests in 10.00s, 1.37MB read
  Non-2xx or 3xx responses: 3970
Requests/sec:    397.01
Transfer/sec:    140.35KB
Running 10s test @ http://localhost:8080/wrk2-api/review/compose
  1 threads and 100 connections
  Thread Stats   Avg      Stdev     99%   +/- Stdev
    Latency     8.25ms    4.31ms  23.58ms   83.45%
    Req/Sec       -nan      -nan   0.00      0.00%
  Latency Distribution (HdrHistogram - Recorded Latency)
 50.000%    7.04ms
 75.000%    9.89ms
 90.000%   13.62ms
 99.000%   23.58ms
 99.900%   33.12ms
 99.990%   48.06ms
 99.999%   48.06ms
100.000%   48.06ms

  Detailed Percentile spectrum:
       Value   Percentile   TotalCount 1/(1-Percentile)

       3.093     0.000000            1         1.00
       4.399     0.100000          497         1.11
       4.955     0.200000          990         1.25
       5.503     0.300000         1486         1.43
       6.203     0.400000         1980         1.67
       7.039     0.500000         2474         2.00
       7.455     0.550000         2724         2.22
       7.947     0.600000         2970         2.50
       8.471     0.650000         3217         2.86
       9.135     0.700000         3464         3.33
       9.887     0.750000         3711         4.00
      10.407     0.775000         3838         4.44
      10.903     0.800000         3960         5.00
      11.527     0.825000         4084         5.71
      12.151     0.850000         4207         6.67
      12.783     0.875000         4332         8.00
      13.231     0.887500         4393         8.89
      13.631     0.900000         4454        10.00
      14.231     0.912500         4517        11.43
      14.839     0.925000         4578        13.33
      15.655     0.937500         4639        16.00
      16.151     0.943750         4670        17.78
      16.735     0.950000         4702        20.00
      17.407     0.956250         4733        22.86
      18.047     0.962500         4763        26.67
      18.863     0.968750         4794        32.00
      19.359     0.971875         4809        35.56
      19.711     0.975000         4825        40.00
      20.175     0.978125         4840        45.71
      20.863     0.981250         4856        53.33
      21.663     0.984375         4871        64.00
      22.111     0.985938         4879        71.11
      22.607     0.987500         4888        80.00
      23.039     0.989062         4894        91.43
      24.031     0.990625         4902       106.67
      25.231     0.992188         4910       128.00
      25.615     0.992969         4914       142.22
      26.111     0.993750         4918       160.00
      26.799     0.994531         4921       182.86
      27.567     0.995313         4926       213.33
      28.015     0.996094         4929       256.00
      28.095     0.996484         4931       284.44
      28.719     0.996875         4933       320.00
      29.071     0.997266         4935       365.71
      30.383     0.997656         4937       426.67
      31.391     0.998047         4939       512.00
      31.727     0.998242         4940       568.89
      31.999     0.998437         4941       640.00
      32.863     0.998633         4942       731.43
      33.119     0.998828         4943       853.33
      34.495     0.999023         4944      1024.00
      34.495     0.999121         4944      1137.78
      34.687     0.999219         4945      1280.00
      34.687     0.999316         4945      1462.86
      42.335     0.999414         4946      1706.67
      42.335     0.999512         4946      2048.00
      42.335     0.999561         4946      2275.56
      47.519     0.999609         4947      2560.00
      47.519     0.999658         4947      2925.71
      47.519     0.999707         4947      3413.33
      47.519     0.999756         4947      4096.00
      47.519     0.999780         4947      4551.11
      48.063     0.999805         4948      5120.00
      48.063     1.000000         4948          inf
#[Mean    =        8.254, StdDeviation   =        4.311]
#[Max     =       48.032, Total count    =         4948]
#[Buckets =           27, SubBuckets     =         2048]
----------------------------------------------------------
  4949 requests in 10.00s, 1.71MB read
  Non-2xx or 3xx responses: 4949
Requests/sec:    494.82
Transfer/sec:    174.93KB
Running 10s test @ http://localhost:8080/wrk2-api/review/compose
  1 threads and 100 connections
  Thread Stats   Avg      Stdev     99%   +/- Stdev
    Latency    11.64ms    7.33ms  37.57ms   83.33%
    Req/Sec       -nan      -nan   0.00      0.00%
  Latency Distribution (HdrHistogram - Recorded Latency)
 50.000%    9.44ms
 75.000%   14.43ms
 90.000%   21.23ms
 99.000%   37.57ms
 99.900%   51.68ms
 99.990%   57.95ms
 99.999%   61.25ms
100.000%   61.25ms

  Detailed Percentile spectrum:
       Value   Percentile   TotalCount 1/(1-Percentile)

       3.505     0.000000            1         1.00
       5.051     0.100000          595         1.11
       5.987     0.200000         1189         1.25
       6.991     0.300000         1784         1.43
       8.071     0.400000         2378         1.67
       9.439     0.500000         2973         2.00
      10.175     0.550000         3273         2.22
      10.975     0.600000         3567         2.50
      11.927     0.650000         3865         2.86
      13.071     0.700000         4162         3.33
      14.431     0.750000         4460         4.00
      15.327     0.775000         4608         4.44
      16.135     0.800000         4757         5.00
      17.151     0.825000         4907         5.71
      18.271     0.850000         5054         6.67
      19.807     0.875000         5203         8.00
      20.527     0.887500         5279         8.89
      21.231     0.900000         5352        10.00
      22.303     0.912500         5425        11.43
      23.583     0.925000         5504        13.33
      24.767     0.937500         5575        16.00
      25.567     0.943750         5611        17.78
      26.287     0.950000         5649        20.00
      27.487     0.956250         5685        22.86
      28.607     0.962500         5723        26.67
      29.983     0.968750         5760        32.00
      30.735     0.971875         5778        35.56
      31.583     0.975000         5797        40.00
      32.591     0.978125         5816        45.71
      33.951     0.981250         5834        53.33
      35.263     0.984375         5854        64.00
      35.679     0.985938         5862        71.11
      36.159     0.987500         5871        80.00
      37.119     0.989062         5881        91.43
      38.431     0.990625         5890       106.67
      39.935     0.992188         5899       128.00
      40.671     0.992969         5904       142.22
      41.279     0.993750         5908       160.00
      41.695     0.994531         5913       182.86
      43.135     0.995313         5918       213.33
      46.015     0.996094         5923       256.00
      46.495     0.996484         5925       284.44
      47.391     0.996875         5927       320.00
      48.095     0.997266         5929       365.71
      48.639     0.997656         5932       426.67
      49.247     0.998047         5934       512.00
      49.759     0.998242         5935       568.89
      49.823     0.998437         5936       640.00
      50.943     0.998633         5937       731.43
      51.679     0.998828         5939       853.33
      52.511     0.999023         5940      1024.00
      52.511     0.999121         5940      1137.78
      53.375     0.999219         5941      1280.00
      53.375     0.999316         5941      1462.86
      54.431     0.999414         5942      1706.67
      56.799     0.999512         5943      2048.00
      56.799     0.999561         5943      2275.56
      56.799     0.999609         5943      2560.00
      56.799     0.999658         5943      2925.71
      57.951     0.999707         5944      3413.33
      57.951     0.999756         5944      4096.00
      57.951     0.999780         5944      4551.11
      57.951     0.999805         5944      5120.00
      57.951     0.999829         5944      5851.43
      61.247     0.999854         5945      6826.67
      61.247     1.000000         5945          inf
#[Mean    =       11.645, StdDeviation   =        7.330]
#[Max     =       61.216, Total count    =         5945]
#[Buckets =           27, SubBuckets     =         2048]
----------------------------------------------------------
  5946 requests in 10.00s, 2.05MB read
  Non-2xx or 3xx responses: 5946
Requests/sec:    594.49
Transfer/sec:    210.16KB
Running 10s test @ http://localhost:8080/wrk2-api/review/compose
  1 threads and 100 connections
  Thread Stats   Avg      Stdev     99%   +/- Stdev
    Latency    14.52ms    9.83ms  50.62ms   85.44%
    Req/Sec       -nan      -nan   0.00      0.00%
  Latency Distribution (HdrHistogram - Recorded Latency)
 50.000%   11.88ms
 75.000%   18.14ms
 90.000%   25.89ms
 99.000%   50.62ms
 99.900%   87.23ms
 99.990%   98.05ms
 99.999%  119.29ms
100.000%  119.29ms

  Detailed Percentile spectrum:
       Value   Percentile   TotalCount 1/(1-Percentile)

       3.139     0.000000            1         1.00
       5.799     0.100000          694         1.11
       7.235     0.200000         1385         1.25
       8.655     0.300000         2076         1.43
      10.143     0.400000         2765         1.67
      11.879     0.500000         3457         2.00
      12.847     0.550000         3803         2.22
      13.983     0.600000         4147         2.50
      15.103     0.650000         4493         2.86
      16.495     0.700000         4842         3.33
      18.159     0.750000         5189         4.00
      19.055     0.775000         5359         4.44
      20.015     0.800000         5530         5.00
      21.167     0.825000         5702         5.71
      22.383     0.850000         5875         6.67
      24.031     0.875000         6049         8.00
      24.959     0.887500         6136         8.89
      25.887     0.900000         6220        10.00
      26.927     0.912500         6308        11.43
      28.511     0.925000         6393        13.33
      30.191     0.937500         6480        16.00
      31.439     0.943750         6523        17.78
      32.463     0.950000         6568        20.00
      33.695     0.956250         6610        22.86
      35.391     0.962500         6653        26.67
      36.927     0.968750         6696        32.00
      38.367     0.971875         6717        35.56
      39.743     0.975000         6739        40.00
      41.247     0.978125         6760        45.71
      43.327     0.981250         6782        53.33
      46.111     0.984375         6804        64.00
      47.007     0.985938         6814        71.11
      48.031     0.987500         6825        80.00
      49.471     0.989062         6836        91.43
      51.775     0.990625         6847       106.67
      55.903     0.992188         6858       128.00
      57.567     0.992969         6863       142.22
      58.815     0.993750         6868       160.00
      60.959     0.994531         6874       182.86
      61.983     0.995313         6879       213.33
      66.367     0.996094         6885       256.00
      67.711     0.996484         6887       284.44
      70.207     0.996875         6890       320.00
      72.767     0.997266         6893       365.71
      75.199     0.997656         6895       426.67
      77.695     0.998047         6898       512.00
      78.143     0.998242         6899       568.89
      82.495     0.998437         6901       640.00
      82.687     0.998633         6902       731.43
      86.015     0.998828         6903       853.33
      88.767     0.999023         6905      1024.00
      88.767     0.999121         6905      1137.78
      92.927     0.999219         6906      1280.00
      94.783     0.999316         6907      1462.86
      94.783     0.999414         6907      1706.67
      96.575     0.999512         6908      2048.00
      96.575     0.999561         6908      2275.56
      96.959     0.999609         6909      2560.00
      96.959     0.999658         6909      2925.71
      96.959     0.999707         6909      3413.33
      98.047     0.999756         6910      4096.00
      98.047     0.999780         6910      4551.11
      98.047     0.999805         6910      5120.00
      98.047     0.999829         6910      5851.43
      98.047     0.999854         6910      6826.67
     119.295     0.999878         6911      8192.00
     119.295     1.000000         6911          inf
#[Mean    =       14.517, StdDeviation   =        9.831]
#[Max     =      119.232, Total count    =         6911]
#[Buckets =           27, SubBuckets     =         2048]
----------------------------------------------------------
  6912 requests in 10.00s, 2.39MB read
  Non-2xx or 3xx responses: 6912
Requests/sec:    691.05
Transfer/sec:    244.30KB
Running 10s test @ http://localhost:8080/wrk2-api/review/compose
  1 threads and 100 connections
  Thread Stats   Avg      Stdev     99%   +/- Stdev
    Latency   369.11ms  395.47ms   1.70s    85.25%
    Req/Sec       -nan      -nan   0.00      0.00%
  Latency Distribution (HdrHistogram - Recorded Latency)
 50.000%  235.13ms
 75.000%  537.09ms
 90.000%  937.47ms
 99.000%    1.70s 
 99.900%    2.08s 
 99.990%    2.20s 
 99.999%    2.32s 
100.000%    2.32s 

  Detailed Percentile spectrum:
       Value   Percentile   TotalCount 1/(1-Percentile)

       3.751     0.000000            1         1.00
      16.127     0.100000          757         1.11
      35.967     0.200000         1514         1.25
      92.479     0.300000         2271         1.43
     159.231     0.400000         3028         1.67
     235.135     0.500000         3785         2.00
     283.391     0.550000         4163         2.22
     337.663     0.600000         4544         2.50
     392.703     0.650000         4922         2.86
     460.799     0.700000         5298         3.33
     537.087     0.750000         5677         4.00
     583.679     0.775000         5868         4.44
     634.879     0.800000         6056         5.00
     691.199     0.825000         6246         5.71
     757.247     0.850000         6434         6.67
     840.191     0.875000         6622         8.00
     883.711     0.887500         6718         8.89
     937.983     0.900000         6812        10.00
     996.863     0.912500         6906        11.43
    1051.647     0.925000         7002        13.33
    1131.519     0.937500         7097        16.00
    1181.695     0.943750         7144        17.78
    1228.799     0.950000         7190        20.00
    1282.047     0.956250         7237        22.86
    1328.127     0.962500         7285        26.67
    1379.327     0.968750         7332        32.00
    1398.783     0.971875         7356        35.56
    1432.575     0.975000         7380        40.00
    1454.079     0.978125         7403        45.71
    1503.231     0.981250         7427        53.33
    1561.599     0.984375         7450        64.00
    1604.607     0.985938         7462        71.11
    1652.735     0.987500         7474        80.00
    1685.503     0.989062         7486        91.43
    1763.327     0.990625         7498       106.67
    1802.239     0.992188         7509       128.00
    1825.791     0.992969         7516       142.22
    1855.487     0.993750         7521       160.00
    1883.135     0.994531         7527       182.86
    1897.471     0.995313         7533       213.33
    1959.935     0.996094         7539       256.00
    1967.103     0.996484         7542       284.44
    1985.535     0.996875         7545       320.00
    2000.895     0.997266         7548       365.71
    2013.183     0.997656         7551       426.67
    2021.375     0.998047         7554       512.00
    2022.399     0.998242         7555       568.89
    2040.831     0.998437         7557       640.00
    2065.407     0.998633         7558       731.43
    2077.695     0.998828         7560       853.33
    2079.743     0.999023         7561      1024.00
    2087.935     0.999121         7562      1137.78
    2103.295     0.999219         7563      1280.00
    2103.295     0.999316         7563      1462.86
    2113.535     0.999414         7564      1706.67
    2152.447     0.999512         7565      2048.00
    2152.447     0.999561         7565      2275.56
    2154.495     0.999609         7566      2560.00
    2154.495     0.999658         7566      2925.71
    2154.495     0.999707         7566      3413.33
    2197.503     0.999756         7567      4096.00
    2197.503     0.999780         7567      4551.11
    2197.503     0.999805         7567      5120.00
    2197.503     0.999829         7567      5851.43
    2197.503     0.999854         7567      6826.67
    2322.431     0.999878         7568      8192.00
    2322.431     1.000000         7568          inf
#[Mean    =      369.108, StdDeviation   =      395.469]
#[Max     =     2320.384, Total count    =         7568]
#[Buckets =           27, SubBuckets     =         2048]
----------------------------------------------------------
  7569 requests in 10.00s, 2.61MB read
  Non-2xx or 3xx responses: 7569
Requests/sec:    756.65
Transfer/sec:    267.49KB
Running 10s test @ http://localhost:8080/wrk2-api/review/compose
  1 threads and 100 connections
  Thread Stats   Avg      Stdev     99%   +/- Stdev
    Latency   630.46ms  619.52ms   2.72s    82.82%
    Req/Sec       -nan      -nan   0.00      0.00%
  Latency Distribution (HdrHistogram - Recorded Latency)
 50.000%  428.29ms
 75.000%  929.28ms
 90.000%    1.49s 
 99.000%    2.72s 
 99.900%    3.51s 
 99.990%    3.91s 
 99.999%    3.91s 
100.000%    3.91s 

  Detailed Percentile spectrum:
       Value   Percentile   TotalCount 1/(1-Percentile)

       3.997     0.000000            1         1.00
      37.471     0.100000          761         1.11
     113.855     0.200000         1522         1.25
     207.103     0.300000         2286         1.43
     311.039     0.400000         3046         1.67
     428.287     0.500000         3806         2.00
     503.551     0.550000         4186         2.22
     595.455     0.600000         4566         2.50
     695.807     0.650000         4947         2.86
     802.815     0.700000         5331         3.33
     929.279     0.750000         5707         4.00
     989.183     0.775000         5897         4.44
    1062.911     0.800000         6091         5.00
    1154.047     0.825000         6278         5.71
    1251.327     0.850000         6470         6.67
    1358.847     0.875000         6658         8.00
    1435.647     0.887500         6753         8.89
    1492.991     0.900000         6850        10.00
    1576.959     0.912500         6944        11.43
    1669.119     0.925000         7040        13.33
    1774.591     0.937500         7135        16.00
    1836.031     0.943750         7181        17.78
    1908.735     0.950000         7230        20.00
    1965.055     0.956250         7277        22.86
    2066.431     0.962500         7324        26.67
    2203.647     0.968750         7373        32.00
    2258.943     0.971875         7395        35.56
    2320.383     0.975000         7419        40.00
    2383.871     0.978125         7443        45.71
    2449.407     0.981250         7467        53.33
    2543.615     0.984375         7491        64.00
    2586.623     0.985938         7502        71.11
    2621.439     0.987500         7515        80.00
    2682.879     0.989062         7526        91.43
    2756.607     0.990625         7538       106.67
    2822.143     0.992188         7550       128.00
    2834.431     0.992969         7557       142.22
    2873.343     0.993750         7563       160.00
    2883.583     0.994531         7568       182.86
    2912.255     0.995313         7574       213.33
    2971.647     0.996094         7580       256.00
    2996.223     0.996484         7583       284.44
    3039.231     0.996875         7586       320.00
    3055.615     0.997266         7589       365.71
    3092.479     0.997656         7592       426.67
    3155.967     0.998047         7595       512.00
    3231.743     0.998242         7597       568.89
    3297.279     0.998437         7598       640.00
    3325.951     0.998633         7599       731.43
    3506.175     0.998828         7601       853.33
    3520.511     0.999023         7602      1024.00
    3559.423     0.999121         7603      1137.78
    3577.855     0.999219         7604      1280.00
    3577.855     0.999316         7604      1462.86
    3702.783     0.999414         7605      1706.67
    3715.071     0.999512         7606      2048.00
    3715.071     0.999561         7606      2275.56
    3862.527     0.999609         7607      2560.00
    3862.527     0.999658         7607      2925.71
    3862.527     0.999707         7607      3413.33
    3909.631     0.999756         7608      4096.00
    3909.631     0.999780         7608      4551.11
    3909.631     0.999805         7608      5120.00
    3909.631     0.999829         7608      5851.43
    3909.631     0.999854         7608      6826.67
    3911.679     0.999878         7609      8192.00
    3911.679     1.000000         7609          inf
#[Mean    =      630.464, StdDeviation   =      619.523]
#[Max     =     3909.632, Total count    =         7609]
#[Buckets =           27, SubBuckets     =         2048]
----------------------------------------------------------
  7611 requests in 10.00s, 2.63MB read
  Non-2xx or 3xx responses: 7611
Requests/sec:    761.06
Transfer/sec:    269.05KB
