Running 5s test @ http://127.0.0.1:8080
  1 threads and 50 connections
  Thread Stats   Avg      Stdev     99%   +/- Stdev
    Latency   206.32us  191.84us 359.00us   99.18%
    Req/Sec       -nan      -nan   0.00      0.00%
  Latency Distribution (HdrHistogram - Recorded Latency)
 50.000%  176.00us
 75.000%  219.00us
 90.000%  270.00us
 99.000%  359.00us
 99.900%    3.54ms
 99.990%    4.29ms
 99.999%    4.29ms
100.000%    4.29ms

  Detailed Percentile spectrum:
       Value   Percentile   TotalCount 1/(1-Percentile)

       0.130     0.000000            1         1.00
       0.153     0.100000          282         1.11
       0.158     0.200000          542         1.25
       0.164     0.300000          736         1.43
       0.170     0.400000          989         1.67
       0.176     0.500000         1245         2.00
       0.180     0.550000         1356         2.22
       0.186     0.600000         1476         2.50
       0.193     0.650000         1594         2.86
       0.204     0.700000         1719         3.33
       0.219     0.750000         1840         4.00
       0.228     0.775000         1905         4.44
       0.235     0.800000         1965         5.00
       0.243     0.825000         2024         5.71
       0.252     0.850000         2088         6.67
       0.260     0.875000         2144         8.00
       0.265     0.887500         2177         8.89
       0.270     0.900000         2206        10.00
       0.275     0.912500         2236        11.43
       0.279     0.925000         2268        13.33
       0.283     0.937500         2303        16.00
       0.286     0.943750         2316        17.78
       0.290     0.950000         2329        20.00
       0.293     0.956250         2343        22.86
       0.298     0.962500         2360        26.67
       0.302     0.968750         2375        32.00
       0.305     0.971875         2387        35.56
       0.307     0.975000         2390        40.00
       0.310     0.978125         2398        45.71
       0.315     0.981250         2407        53.33
       0.320     0.984375         2412        64.00
       0.323     0.985938         2416        71.11
       0.333     0.987500         2420        80.00
       0.343     0.989062         2424        91.43
       0.390     0.990625         2429       106.67
       0.404     0.992188         2431       128.00
       0.415     0.992969         2433       142.22
       0.553     0.993750         2435       160.00
       0.721     0.994531         2437       182.86
       1.189     0.995313         2439       213.33
       1.493     0.996094         2441       256.00
       1.823     0.996484         2442       284.44
       1.857     0.996875         2443       320.00
       1.863     0.997266         2444       365.71
       3.075     0.997656         2445       426.67
       3.087     0.998047         2446       512.00
       3.087     0.998242         2446       568.89
       3.525     0.998437         2447       640.00
       3.525     0.998633         2447       731.43
       3.537     0.998828         2448       853.33
       3.537     0.999023         2448      1024.00
       3.537     0.999121         2448      1137.78
       4.283     0.999219         2449      1280.00
       4.283     0.999316         2449      1462.86
       4.283     0.999414         2449      1706.67
       4.283     0.999512         2449      2048.00
       4.283     0.999561         2449      2275.56
       4.287     0.999609         2450      2560.00
       4.287     1.000000         2450          inf
#[Mean    =        0.206, StdDeviation   =        0.192]
#[Max     =        4.284, Total count    =         2450]
#[Buckets =           27, SubBuckets     =         2048]
----------------------------------------------------------
  2451 requests in 5.01s, 2.09MB read
Requests/sec:    489.69
Transfer/sec:    428.48KB
Running 5s test @ http://127.0.0.1:8080
  1 threads and 50 connections
  Thread Stats   Avg      Stdev     99%   +/- Stdev
    Latency   689.29us  223.03us   1.25ms   68.69%
    Req/Sec       -nan      -nan   0.00      0.00%
  Latency Distribution (HdrHistogram - Recorded Latency)
 50.000%  680.00us
 75.000%  830.00us
 90.000%    0.97ms
 99.000%    1.25ms
 99.900%    2.13ms
 99.990%    2.36ms
 99.999%    2.91ms
100.000%    2.91ms

  Detailed Percentile spectrum:
       Value   Percentile   TotalCount 1/(1-Percentile)

       0.130     0.000000            1         1.00
       0.408     0.100000         4978         1.11
       0.491     0.200000         9941         1.25
       0.564     0.300000        14958         1.43
       0.622     0.400000        19911         1.67
       0.680     0.500000        24888         2.00
       0.709     0.550000        27395         2.22
       0.737     0.600000        29830         2.50
       0.767     0.650000        32321         2.86
       0.798     0.700000        34831         3.33
       0.830     0.750000        37269         4.00
       0.847     0.775000        38513         4.44
       0.866     0.800000        39759         5.00
       0.887     0.825000        40988         5.71
       0.910     0.850000        42260         6.67
       0.937     0.875000        43504         8.00
       0.951     0.887500        44114         8.89
       0.967     0.900000        44736        10.00
       0.985     0.912500        45354        11.43
       1.004     0.925000        45965        13.33
       1.028     0.937500        46592        16.00
       1.041     0.943750        46895        17.78
       1.055     0.950000        47210        20.00
       1.069     0.956250        47510        22.86
       1.087     0.962500        47819        26.67
       1.106     0.968750        48139        32.00
       1.117     0.971875        48285        35.56
       1.131     0.975000        48439        40.00
       1.146     0.978125        48596        45.71
       1.160     0.981250        48745        53.33
       1.187     0.984375        48903        64.00
       1.201     0.985938        48980        71.11
       1.218     0.987500        49056        80.00
       1.238     0.989062        49136        91.43
       1.256     0.990625        49214       106.67
       1.277     0.992188        49290       128.00
       1.291     0.992969        49329       142.22
       1.309     0.993750        49368       160.00
       1.332     0.994531        49408       182.86
       1.360     0.995313        49444       213.33
       1.394     0.996094        49482       256.00
       1.426     0.996484        49502       284.44
       1.458     0.996875        49521       320.00
       1.531     0.997266        49541       365.71
       1.575     0.997656        49560       426.67
       1.823     0.998047        49579       512.00
       1.973     0.998242        49589       568.89
       2.031     0.998437        49599       640.00
       2.067     0.998633        49609       731.43
       2.095     0.998828        49619       853.33
       2.139     0.999023        49628      1024.00
       2.151     0.999121        49633      1137.78
       2.159     0.999219        49638      1280.00
       2.165     0.999316        49643      1462.86
       2.177     0.999414        49648      1706.67
       2.189     0.999512        49653      2048.00
       2.195     0.999561        49655      2275.56
       2.199     0.999609        49657      2560.00
       2.221     0.999658        49660      2925.71
       2.227     0.999707        49662      3413.33
       2.247     0.999756        49664      4096.00
       2.263     0.999780        49666      4551.11
       2.265     0.999805        49667      5120.00
       2.277     0.999829        49668      5851.43
       2.333     0.999854        49669      6826.67
       2.347     0.999878        49670      8192.00
       2.357     0.999890        49671      9102.22
       2.817     0.999902        49672     10240.00
       2.817     0.999915        49672     11702.86
       2.827     0.999927        49673     13653.33
       2.827     0.999939        49673     16384.00
       2.839     0.999945        49674     18204.44
       2.839     0.999951        49674     20480.00
       2.839     0.999957        49674     23405.71
       2.909     0.999963        49675     27306.67
       2.909     0.999969        49675     32768.00
       2.909     0.999973        49675     36408.89
       2.909     0.999976        49675     40960.00
       2.909     0.999979        49675     46811.43
       2.911     0.999982        49676     54613.33
       2.911     1.000000        49676          inf
#[Mean    =        0.689, StdDeviation   =        0.223]
#[Max     =        2.910, Total count    =        49676]
#[Buckets =           27, SubBuckets     =         2048]
----------------------------------------------------------
  49683 requests in 5.00s, 42.45MB read
Requests/sec:   9934.08
Transfer/sec:      8.49MB
Running 5s test @ http://127.0.0.1:8080
  1 threads and 50 connections
  Thread Stats   Avg      Stdev     99%   +/- Stdev
    Latency     1.48ms    1.34ms   5.80ms   85.21%
    Req/Sec       -nan      -nan   0.00      0.00%
  Latency Distribution (HdrHistogram - Recorded Latency)
 50.000%    1.02ms
 75.000%    1.43ms
 90.000%    3.65ms
 99.000%    5.80ms
 99.900%   11.47ms
 99.990%   14.78ms
 99.999%   16.10ms
100.000%   16.11ms

  Detailed Percentile spectrum:
       Value   Percentile   TotalCount 1/(1-Percentile)

       0.168     0.000000            2         1.00
       0.564     0.100000         7479         1.11
       0.672     0.200000        14930         1.25
       0.777     0.300000        22411         1.43
       0.893     0.400000        29812         1.67
       1.020     0.500000        37302         2.00
       1.082     0.550000        41043         2.22
       1.149     0.600000        44720         2.50
       1.226     0.650000        48476         2.86
       1.314     0.700000        52202         3.33
       1.431     0.750000        55892         4.00
       1.510     0.775000        57767         4.44
       1.604     0.800000        59625         5.00
       1.920     0.825000        61479         5.71
       2.767     0.850000        63341         6.67
       3.295     0.875000        65209         8.00
       3.475     0.887500        66136         8.89
       3.649     0.900000        67066        10.00
       3.803     0.912500        68006        11.43
       3.961     0.925000        68937        13.33
       4.155     0.937500        69873        16.00
       4.255     0.943750        70339        17.78
       4.351     0.950000        70806        20.00
       4.447     0.956250        71267        22.86
       4.567     0.962500        71737        26.67
       4.695     0.968750        72196        32.00
       4.775     0.971875        72425        35.56
       4.859     0.975000        72661        40.00
       4.939     0.978125        72891        45.71
       5.039     0.981250        73125        53.33
       5.171     0.984375        73354        64.00
       5.323     0.985938        73472        71.11
       5.511     0.987500        73588        80.00
       5.691     0.989062        73702        91.43
       5.883     0.990625        73821       106.67
       6.055     0.992188        73935       128.00
       6.255     0.992969        73995       142.22
       6.635     0.993750        74052       160.00
       7.667     0.994531        74111       182.86
       8.271     0.995313        74169       213.33
       8.647     0.996094        74226       256.00
       8.927     0.996484        74259       284.44
       9.087     0.996875        74287       320.00
       9.599     0.997266        74314       365.71
      10.095     0.997656        74344       426.67
      10.607     0.998047        74373       512.00
      10.879     0.998242        74387       568.89
      11.031     0.998437        74401       640.00
      11.095     0.998633        74416       731.43
      11.303     0.998828        74430       853.33
      11.711     0.999023        74445      1024.00
      12.583     0.999121        74452      1137.78
      12.663     0.999219        74464      1280.00
      12.687     0.999316        74467      1462.86
      12.783     0.999414        74475      1706.67
      12.839     0.999512        74481      2048.00
      12.879     0.999561        74485      2275.56
      12.975     0.999609        74489      2560.00
      13.279     0.999658        74492      2925.71
      13.391     0.999707        74496      3413.33
      13.455     0.999756        74499      4096.00
      14.127     0.999780        74502      4551.11
      14.135     0.999805        74504      5120.00
      14.143     0.999829        74506      5851.43
      14.151     0.999854        74507      6826.67
      14.159     0.999878        74508      8192.00
      14.167     0.999890        74509      9102.22
      14.783     0.999902        74510     10240.00
      14.799     0.999915        74511     11702.86
      16.031     0.999927        74513     13653.33
      16.031     0.999939        74513     16384.00
      16.031     0.999945        74513     18204.44
      16.039     0.999951        74514     20480.00
      16.039     0.999957        74514     23405.71
      16.095     0.999963        74515     27306.67
      16.095     0.999969        74515     32768.00
      16.095     0.999973        74515     36408.89
      16.103     0.999976        74516     40960.00
      16.103     0.999979        74516     46811.43
      16.103     0.999982        74516     54613.33
      16.103     0.999985        74516     65536.00
      16.103     0.999986        74516     72817.78
      16.111     0.999988        74517     81920.00
      16.111     1.000000        74517          inf
#[Mean    =        1.476, StdDeviation   =        1.342]
#[Max     =       16.104, Total count    =        74517]
#[Buckets =           27, SubBuckets     =         2048]
----------------------------------------------------------
  74537 requests in 5.00s, 63.69MB read
Requests/sec:  14907.45
Transfer/sec:     12.74MB
Running 5s test @ http://127.0.0.1:8080
  1 threads and 50 connections
  Thread Stats   Avg      Stdev     99%   +/- Stdev
    Latency     1.35ms  642.55us   3.81ms   79.40%
    Req/Sec       -nan      -nan   0.00      0.00%
  Latency Distribution (HdrHistogram - Recorded Latency)
 50.000%    1.20ms
 75.000%    1.64ms
 90.000%    2.08ms
 99.000%    3.81ms
 99.900%    5.08ms
 99.990%    5.78ms
 99.999%    5.89ms
100.000%    6.11ms

  Detailed Percentile spectrum:
       Value   Percentile   TotalCount 1/(1-Percentile)

       0.211     0.000000            1         1.00
       0.726     0.100000        10006         1.11
       0.847     0.200000        19880         1.25
       0.950     0.300000        29820         1.43
       1.061     0.400000        39780         1.67
       1.201     0.500000        49724         2.00
       1.280     0.550000        54644         2.22
       1.365     0.600000        59653         2.50
       1.450     0.650000        64582         2.86
       1.539     0.700000        69586         3.33
       1.638     0.750000        74527         4.00
       1.695     0.775000        76996         4.44
       1.757     0.800000        79496         5.00
       1.821     0.825000        82002         5.71
       1.892     0.850000        84445         6.67
       1.977     0.875000        86938         8.00
       2.025     0.887500        88179         8.89
       2.083     0.900000        89429        10.00
       2.153     0.912500        90677        11.43
       2.239     0.925000        91924        13.33
       2.333     0.937500        93150        16.00
       2.395     0.943750        93774        17.78
       2.475     0.950000        94385        20.00
       2.585     0.956250        95009        22.86
       2.727     0.962500        95629        26.67
       2.873     0.968750        96243        32.00
       2.969     0.971875        96553        35.56
       3.083     0.975000        96865        40.00
       3.217     0.978125        97175        45.71
       3.369     0.981250        97484        53.33
       3.521     0.984375        97796        64.00
       3.579     0.985938        97953        71.11
       3.651     0.987500        98106        80.00
       3.753     0.989062        98260        91.43
       3.849     0.990625        98418       106.67
       3.967     0.992188        98571       128.00
       4.037     0.992969        98650       142.22
       4.103     0.993750        98731       160.00
       4.163     0.994531        98806       182.86
       4.263     0.995313        98884       213.33
       4.375     0.996094        98962       256.00
       4.427     0.996484        98999       284.44
       4.519     0.996875        99037       320.00
       4.591     0.997266        99075       365.71
       4.679     0.997656        99115       426.67
       4.775     0.998047        99153       512.00
       4.831     0.998242        99173       568.89
       4.879     0.998437        99191       640.00
       4.959     0.998633        99211       731.43
       5.011     0.998828        99230       853.33
       5.099     0.999023        99250      1024.00
       5.123     0.999121        99259      1137.78
       5.179     0.999219        99269      1280.00
       5.231     0.999316        99279      1462.86
       5.303     0.999414        99288      1706.67
       5.395     0.999512        99298      2048.00
       5.435     0.999561        99303      2275.56
       5.447     0.999609        99308      2560.00
       5.467     0.999658        99314      2925.71
       5.483     0.999707        99317      3413.33
       5.551     0.999756        99323      4096.00
       5.575     0.999780        99325      4551.11
       5.619     0.999805        99327      5120.00
       5.655     0.999829        99330      5851.43
       5.703     0.999854        99332      6826.67
       5.743     0.999878        99334      8192.00
       5.783     0.999890        99336      9102.22
       5.811     0.999902        99337     10240.00
       5.815     0.999915        99338     11702.86
       5.819     0.999927        99340     13653.33
       5.819     0.999939        99340     16384.00
       5.827     0.999945        99341     18204.44
       5.831     0.999951        99342     20480.00
       5.831     0.999957        99342     23405.71
       5.843     0.999963        99343     27306.67
       5.843     0.999969        99343     32768.00
       5.867     0.999973        99344     36408.89
       5.867     0.999976        99344     40960.00
       5.867     0.999979        99344     46811.43
       5.891     0.999982        99345     54613.33
       5.891     0.999985        99345     65536.00
       5.891     0.999986        99345     72817.78
       5.891     0.999988        99345     81920.00
       5.891     0.999989        99345     93622.86
       6.111     0.999991        99346    109226.67
       6.111     1.000000        99346          inf
#[Mean    =        1.348, StdDeviation   =        0.643]
#[Max     =        6.108, Total count    =        99346]
#[Buckets =           27, SubBuckets     =         2048]
----------------------------------------------------------
  99347 requests in 5.00s, 84.89MB read
Requests/sec:  19869.44
Transfer/sec:     16.98MB
Running 5s test @ http://127.0.0.1:8080
  1 threads and 50 connections
  Thread Stats   Avg      Stdev     99%   +/- Stdev
    Latency     2.80ms    1.20ms   6.50ms   72.37%
    Req/Sec       -nan      -nan   0.00      0.00%
  Latency Distribution (HdrHistogram - Recorded Latency)
 50.000%    2.60ms
 75.000%    3.50ms
 90.000%    4.35ms
 99.000%    6.50ms
 99.900%    9.32ms
 99.990%   11.36ms
 99.999%   12.09ms
100.000%   13.45ms

  Detailed Percentile spectrum:
       Value   Percentile   TotalCount 1/(1-Percentile)

       0.253     0.000000            1         1.00
       1.480     0.100000        12425         1.11
       1.777     0.200000        24839         1.25
       2.044     0.300000        37250         1.43
       2.321     0.400000        49734         1.67
       2.601     0.500000        62109         2.00
       2.753     0.550000        68316         2.22
       2.921     0.600000        74564         2.50
       3.097     0.650000        80746         2.86
       3.291     0.700000        86916         3.33
       3.497     0.750000        93121         4.00
       3.605     0.775000        96267         4.44
       3.719     0.800000        99348         5.00
       3.835     0.825000       102464         5.71
       3.963     0.850000       105551         6.67
       4.123     0.875000       108672         8.00
       4.231     0.887500       110212         8.89
       4.351     0.900000       111774        10.00
       4.467     0.912500       113296        11.43
       4.607     0.925000       114850        13.33
       4.771     0.937500       116412        16.00
       4.867     0.943750       117180        17.78
       4.971     0.950000       117950        20.00
       5.079     0.956250       118731        22.86
       5.215     0.962500       119501        26.67
       5.375     0.968750       120282        32.00
       5.455     0.971875       120668        35.56
       5.551     0.975000       121056        40.00
       5.695     0.978125       121450        45.71
       5.831     0.981250       121828        53.33
       5.987     0.984375       122216        64.00
       6.091     0.985938       122411        71.11
       6.187     0.987500       122607        80.00
       6.391     0.989062       122797        91.43
       6.611     0.990625       122993       106.67
       6.823     0.992188       123187       128.00
       6.939     0.992969       123286       142.22
       7.031     0.993750       123385       160.00
       7.143     0.994531       123477       182.86
       7.315     0.995313       123574       213.33
       7.463     0.996094       123670       256.00
       7.607     0.996484       123721       284.44
       7.847     0.996875       123768       320.00
       8.051     0.997266       123815       365.71
       8.311     0.997656       123868       426.67
       8.423     0.998047       123912       512.00
       8.511     0.998242       123937       568.89
       8.679     0.998437       123963       640.00
       9.039     0.998633       123986       731.43
       9.183     0.998828       124014       853.33
       9.335     0.999023       124033      1024.00
       9.399     0.999121       124048      1137.78
       9.519     0.999219       124058      1280.00
       9.615     0.999316       124070      1462.86
       9.807     0.999414       124085      1706.67
       9.911     0.999512       124094      2048.00
      10.727     0.999561       124102      2275.56
      10.759     0.999609       124106      2560.00
      10.799     0.999658       124113      2925.71
      10.927     0.999707       124125      3413.33
      10.927     0.999756       124125      4096.00
      11.039     0.999780       124129      4551.11
      11.055     0.999805       124131      5120.00
      11.239     0.999829       124141      5851.43
      11.239     0.999854       124141      6826.67
      11.239     0.999878       124141      8192.00
      11.239     0.999890       124141      9102.22
      11.359     0.999902       124145     10240.00
      11.359     0.999915       124145     11702.86
      11.359     0.999927       124145     13653.33
      11.367     0.999939       124147     16384.00
      11.775     0.999945       124148     18204.44
      11.775     0.999951       124148     20480.00
      11.799     0.999957       124149     23405.71
      11.983     0.999963       124150     27306.67
      12.047     0.999969       124151     32768.00
      12.047     0.999973       124151     36408.89
      12.047     0.999976       124151     40960.00
      12.079     0.999979       124152     46811.43
      12.079     0.999982       124152     54613.33
      12.087     0.999985       124153     65536.00
      12.087     0.999986       124153     72817.78
      12.087     0.999988       124153     81920.00
      12.087     0.999989       124153     93622.86
      12.087     0.999991       124153    109226.67
      13.455     0.999992       124154    131072.00
      13.455     1.000000       124154          inf
#[Mean    =        2.801, StdDeviation   =        1.202]
#[Max     =       13.448, Total count    =       124154]
#[Buckets =           27, SubBuckets     =         2048]
----------------------------------------------------------
  124260 requests in 5.00s, 106.18MB read
Requests/sec:  24838.71
Transfer/sec:     21.22MB
Running 5s test @ http://127.0.0.1:8080
  1 threads and 50 connections
  Thread Stats   Avg      Stdev     99%   +/- Stdev
    Latency     3.82ms    1.53ms   8.77ms   75.64%
    Req/Sec       -nan      -nan   0.00      0.00%
  Latency Distribution (HdrHistogram - Recorded Latency)
 50.000%    3.38ms
 75.000%    4.70ms
 90.000%    5.84ms
 99.000%    8.77ms
 99.900%   11.77ms
 99.990%   14.72ms
 99.999%   16.28ms
100.000%   16.30ms

  Detailed Percentile spectrum:
       Value   Percentile   TotalCount 1/(1-Percentile)

       0.244     0.000000            1         1.00
       2.329     0.100000        14923         1.11
       2.659     0.200000        29819         1.25
       2.901     0.300000        44729         1.43
       3.129     0.400000        59719         1.67
       3.381     0.500000        74552         2.00
       3.541     0.550000        82090         2.22
       3.755     0.600000        89480         2.50
       4.049     0.650000        96951         2.86
       4.379     0.700000       104372         3.33
       4.695     0.750000       111860         4.00
       4.859     0.775000       115579         4.44
       5.011     0.800000       119299         5.00
       5.175     0.825000       123031         5.71
       5.363     0.850000       126783         6.67
       5.567     0.875000       130495         8.00
       5.699     0.887500       132360         8.89
       5.835     0.900000       134202        10.00
       6.003     0.912500       136042        11.43
       6.179     0.925000       137909        13.33
       6.391     0.937500       139793        16.00
       6.511     0.943750       140726        17.78
       6.635     0.950000       141650        20.00
       6.803     0.956250       142569        22.86
       6.999     0.962500       143499        26.67
       7.259     0.968750       144429        32.00
       7.423     0.971875       144895        35.56
       7.575     0.975000       145364        40.00
       7.739     0.978125       145825        45.71
       7.919     0.981250       146302        53.33
       8.119     0.984375       146757        64.00
       8.263     0.985938       146993        71.11
       8.439     0.987500       147230        80.00
       8.655     0.989062       147455        91.43
       8.863     0.990625       147693       106.67
       9.119     0.992188       147920       128.00
       9.287     0.992969       148037       142.22
       9.447     0.993750       148151       160.00
       9.631     0.994531       148269       182.86
       9.791     0.995313       148384       213.33
       9.935     0.996094       148502       256.00
      10.055     0.996484       148559       284.44
      10.159     0.996875       148619       320.00
      10.343     0.997266       148675       365.71
      10.687     0.997656       148733       426.67
      10.943     0.998047       148791       512.00
      11.103     0.998242       148821       568.89
      11.215     0.998437       148852       640.00
      11.415     0.998633       148881       731.43
      11.503     0.998828       148908       853.33
      11.791     0.999023       148939      1024.00
      11.815     0.999121       148951      1137.78
      12.055     0.999219       148966      1280.00
      12.391     0.999316       148981      1462.86
      12.527     0.999414       148996      1706.67
      12.727     0.999512       149010      2048.00
      12.951     0.999561       149018      2275.56
      13.063     0.999609       149024      2560.00
      13.271     0.999658       149033      2925.71
      13.391     0.999707       149039      3413.33
      13.759     0.999756       149046      4096.00
      14.311     0.999780       149050      4551.11
      14.407     0.999805       149053      5120.00
      14.655     0.999829       149057      5851.43
      14.711     0.999854       149066      6826.67
      14.711     0.999878       149066      8192.00
      14.711     0.999890       149066      9102.22
      14.719     0.999902       149068     10240.00
      15.351     0.999915       149070     11702.86
      15.399     0.999927       149072     13653.33
      15.407     0.999939       149073     16384.00
      15.439     0.999945       149074     18204.44
      15.911     0.999951       149075     20480.00
      15.919     0.999957       149076     23405.71
      15.967     0.999963       149077     27306.67
      16.127     0.999969       149078     32768.00
      16.127     0.999973       149078     36408.89
      16.215     0.999976       149080     40960.00
      16.215     0.999979       149080     46811.43
      16.215     0.999982       149080     54613.33
      16.215     0.999985       149080     65536.00
      16.215     0.999986       149080     72817.78
      16.279     0.999988       149081     81920.00
      16.279     0.999989       149081     93622.86
      16.279     0.999991       149081    109226.67
      16.279     0.999992       149081    131072.00
      16.279     0.999993       149081    145635.56
      16.295     0.999994       149082    163840.00
      16.295     1.000000       149082          inf
#[Mean    =        3.823, StdDeviation   =        1.526]
#[Max     =       16.288, Total count    =       149082]
#[Buckets =           27, SubBuckets     =         2048]
----------------------------------------------------------
  149092 requests in 5.00s, 127.40MB read
Requests/sec:  29807.73
Transfer/sec:     25.47MB
Running 5s test @ http://127.0.0.1:8080
  1 threads and 50 connections
  Thread Stats   Avg      Stdev     99%   +/- Stdev
    Latency     5.23ms    2.10ms  12.06ms   74.15%
    Req/Sec       -nan      -nan   0.00      0.00%
  Latency Distribution (HdrHistogram - Recorded Latency)
 50.000%    5.01ms
 75.000%    6.43ms
 90.000%    7.68ms
 99.000%   12.06ms
 99.900%   15.44ms
 99.990%   19.06ms
 99.999%   23.61ms
100.000%   23.63ms

  Detailed Percentile spectrum:
       Value   Percentile   TotalCount 1/(1-Percentile)

       0.292     0.000000            1         1.00
       2.941     0.100000        17404         1.11
       3.471     0.200000        34797         1.25
       3.839     0.300000        52220         1.43
       4.299     0.400000        69514         1.67
       5.007     0.500000        86954         2.00
       5.363     0.550000        95593         2.22
       5.639     0.600000       104325         2.50
       5.883     0.650000       113071         2.86
       6.139     0.700000       121751         3.33
       6.427     0.750000       130344         4.00
       6.583     0.775000       134744         4.44
       6.751     0.800000       139023         5.00
       6.939     0.825000       143459         5.71
       7.151     0.850000       147719         6.67
       7.399     0.875000       152105         8.00
       7.539     0.887500       154241         8.89
       7.679     0.900000       156426        10.00
       7.839     0.912500       158581        11.43
       8.083     0.925000       160753        13.33
       8.383     0.937500       162942        16.00
       8.567     0.943750       164033        17.78
       8.775     0.950000       165101        20.00
       9.039     0.956250       166174        22.86
       9.447     0.962500       167273        26.67
       9.911     0.968750       168354        32.00
      10.159     0.971875       168899        35.56
      10.423     0.975000       169428        40.00
      10.735     0.978125       169976        45.71
      11.079     0.981250       170514        53.33
      11.439     0.984375       171067        64.00
      11.583     0.985938       171335        71.11
      11.735     0.987500       171602        80.00
      11.975     0.989062       171879        91.43
      12.207     0.990625       172147       106.67
      12.615     0.992188       172416       128.00
      12.831     0.992969       172554       142.22
      13.095     0.993750       172687       160.00
      13.527     0.994531       172825       182.86
      13.743     0.995313       172958       213.33
      13.999     0.996094       173094       256.00
      14.119     0.996484       173165       284.44
      14.215     0.996875       173232       320.00
      14.351     0.997266       173300       365.71
      14.567     0.997656       173365       426.67
      14.791     0.998047       173433       512.00
      14.855     0.998242       173467       568.89
      15.135     0.998437       173501       640.00
      15.223     0.998633       173536       731.43
      15.303     0.998828       173571       853.33
      15.447     0.999023       173606      1024.00
      15.519     0.999121       173621      1137.78
      15.559     0.999219       173639      1280.00
      15.743     0.999316       173654      1462.86
      15.871     0.999414       173672      1706.67
      16.151     0.999512       173688      2048.00
      16.303     0.999561       173696      2275.56
      16.591     0.999609       173705      2560.00
      17.503     0.999658       173714      2925.71
      17.519     0.999707       173723      3413.33
      17.727     0.999756       173731      4096.00
      17.743     0.999780       173741      4551.11
      17.743     0.999805       173741      5120.00
      17.839     0.999829       173744      5851.43
      18.143     0.999854       173748      6826.67
      18.783     0.999878       173751      8192.00
      18.943     0.999890       173753      9102.22
      19.087     0.999902       173756     10240.00
      19.263     0.999915       173758     11702.86
      19.343     0.999927       173760     13653.33
      19.535     0.999939       173762     16384.00
      19.615     0.999945       173763     18204.44
      19.631     0.999951       173764     20480.00
      19.775     0.999957       173765     23405.71
      19.839     0.999963       173766     27306.67
      23.407     0.999969       173767     32768.00
      23.439     0.999973       173768     36408.89
      23.439     0.999976       173768     40960.00
      23.615     0.999979       173771     46811.43
      23.615     0.999982       173771     54613.33
      23.615     0.999985       173771     65536.00
      23.615     0.999986       173771     72817.78
      23.615     0.999988       173771     81920.00
      23.615     0.999989       173771     93622.86
      23.615     0.999991       173771    109226.67
      23.615     0.999992       173771    131072.00
      23.615     0.999993       173771    145635.56
      23.615     0.999994       173771    163840.00
      23.631     0.999995       173772    187245.71
      23.631     1.000000       173772          inf
#[Mean    =        5.232, StdDeviation   =        2.100]
#[Max     =       23.616, Total count    =       173772]
#[Buckets =           27, SubBuckets     =         2048]
----------------------------------------------------------
  173965 requests in 5.00s, 148.65MB read
Requests/sec:  34786.93
Transfer/sec:     29.73MB
Running 5s test @ http://127.0.0.1:8080
  1 threads and 50 connections
  Thread Stats   Avg      Stdev     99%   +/- Stdev
    Latency     9.58ms    6.14ms  31.65ms   78.89%
    Req/Sec       -nan      -nan   0.00      0.00%
  Latency Distribution (HdrHistogram - Recorded Latency)
 50.000%    7.69ms
 75.000%   11.85ms
 90.000%   18.08ms
 99.000%   31.65ms
 99.900%   39.17ms
 99.990%   41.76ms
 99.999%   44.29ms
100.000%   44.51ms

  Detailed Percentile spectrum:
       Value   Percentile   TotalCount 1/(1-Percentile)

       0.224     0.000000            1         1.00
       3.857     0.100000        19862         1.11
       4.991     0.200000        39756         1.25
       5.903     0.300000        59586         1.43
       6.795     0.400000        79412         1.67
       7.687     0.500000        99227         2.00
       8.239     0.550000       109221         2.22
       8.839     0.600000       119061         2.50
       9.615     0.650000       128973         2.86
      10.583     0.700000       138892         3.33
      11.847     0.750000       148830         4.00
      12.791     0.775000       153779         4.44
      13.647     0.800000       158749         5.00
      14.519     0.825000       163715         5.71
      15.519     0.850000       168668         6.67
      16.719     0.875000       173604         8.00
      17.327     0.887500       176089         8.89
      18.079     0.900000       178584        10.00
      18.863     0.912500       181084        11.43
      19.855     0.925000       183554        13.33
      20.847     0.937500       186038        16.00
      21.471     0.943750       187277        17.78
      22.063     0.950000       188487        20.00
      22.815     0.956250       189725        22.86
      23.903     0.962500       190966        26.67
      24.847     0.968750       192213        32.00
      25.551     0.971875       192840        35.56
      26.255     0.975000       193447        40.00
      27.263     0.978125       194066        45.71
      28.383     0.981250       194684        53.33
      29.407     0.984375       195303        64.00
      30.063     0.985938       195617        71.11
      30.575     0.987500       195933        80.00
      31.231     0.989062       196236        91.43
      32.223     0.990625       196544       106.67
      33.183     0.992188       196853       128.00
      33.503     0.992969       197021       142.22
      33.919     0.993750       197171       160.00
      34.399     0.994531       197321       182.86
      34.943     0.995313       197478       213.33
      35.391     0.996094       197629       256.00
      35.583     0.996484       197716       284.44
      35.903     0.996875       197785       320.00
      36.639     0.997266       197864       365.71
      37.215     0.997656       197939       426.67
      37.599     0.998047       198024       512.00
      37.695     0.998242       198056       568.89
      37.951     0.998437       198097       640.00
      38.239     0.998633       198133       731.43
      38.943     0.998828       198176       853.33
      39.231     0.999023       198215      1024.00
      39.295     0.999121       198230      1137.78
      39.359     0.999219       198251      1280.00
      39.487     0.999316       198270      1462.86
      39.615     0.999414       198288      1706.67
      39.711     0.999512       198308      2048.00
      39.935     0.999561       198318      2275.56
      40.031     0.999609       198326      2560.00
      40.479     0.999658       198338      2925.71
      40.703     0.999707       198346      3413.33
      41.055     0.999756       198355      4096.00
      41.311     0.999780       198361      4551.11
      41.407     0.999805       198365      5120.00
      41.535     0.999829       198370      5851.43
      41.599     0.999854       198376      6826.67
      41.663     0.999878       198379      8192.00
      41.759     0.999890       198383      9102.22
      41.791     0.999902       198384     10240.00
      42.047     0.999915       198388     11702.86
      42.111     0.999927       198391     13653.33
      42.111     0.999939       198391     16384.00
      42.335     0.999945       198393     18204.44
      42.463     0.999951       198394     20480.00
      42.495     0.999957       198396     23405.71
      42.495     0.999963       198396     27306.67
      42.527     0.999969       198397     32768.00
      44.287     0.999973       198401     36408.89
      44.287     0.999976       198401     40960.00
      44.287     0.999979       198401     46811.43
      44.287     0.999982       198401     54613.33
      44.287     0.999985       198401     65536.00
      44.287     0.999986       198401     72817.78
      44.287     0.999988       198401     81920.00
      44.287     0.999989       198401     93622.86
      44.511     0.999991       198403    109226.67
      44.511     1.000000       198403          inf
#[Mean    =        9.581, StdDeviation   =        6.143]
#[Max     =       44.480, Total count    =       198403]
#[Buckets =           27, SubBuckets     =         2048]
----------------------------------------------------------
  198601 requests in 5.00s, 169.71MB read
Requests/sec:  39694.41
Transfer/sec:     33.92MB
Running 5s test @ http://127.0.0.1:8080
  1 threads and 50 connections
  Thread Stats   Avg      Stdev     99%   +/- Stdev
    Latency   101.50ms  146.39ms 507.14ms   79.51%
    Req/Sec       -nan      -nan   0.00      0.00%
  Latency Distribution (HdrHistogram - Recorded Latency)
 50.000%   17.61ms
 75.000%  161.02ms
 90.000%  345.60ms
 99.000%  507.14ms
 99.900%  514.82ms
 99.990%  518.66ms
 99.999%  519.17ms
100.000%  519.17ms

  Detailed Percentile spectrum:
       Value   Percentile   TotalCount 1/(1-Percentile)

       0.242     0.000000            1         1.00
       5.315     0.100000        21472         1.11
       7.159     0.200000        42932         1.25
       8.751     0.300000        64372         1.43
      11.431     0.400000        85853         1.67
      17.615     0.500000       107296         2.00
      24.127     0.550000       118007         2.22
      34.335     0.600000       128725         2.50
      51.199     0.650000       139466         2.86
      78.847     0.700000       150193         3.33
     161.023     0.750000       160904         4.00
     205.823     0.775000       166303         4.44
     254.591     0.800000       171651         5.00
     278.783     0.825000       177042         5.71
     304.383     0.850000       182362         6.67
     331.007     0.875000       187778         8.00
     338.431     0.887500       190470         8.89
     345.599     0.900000       193129        10.00
     364.543     0.912500       195767        11.43
     385.023     0.925000       198541        13.33
     393.215     0.937500       201182        16.00
     397.311     0.943750       202481        17.78
     443.647     0.950000       203815        20.00
     462.591     0.956250       205188        22.86
     472.319     0.962500       206507        26.67
     484.863     0.968750       207855        32.00
     491.007     0.971875       208514        35.56
     494.591     0.975000       209196        40.00
     496.895     0.978125       209863        45.71
     499.967     0.981250       210528        53.33
     502.527     0.984375       211252        64.00
     504.319     0.985938       211563        71.11
     505.343     0.987500       211876        80.00
     506.367     0.989062       212252        91.43
     507.647     0.990625       212558       106.67
     508.671     0.992188       212861       128.00
     509.183     0.992969       213086       142.22
     509.695     0.993750       213244       160.00
     510.207     0.994531       213404       182.86
     510.719     0.995313       213571       213.33
     511.231     0.996094       213705       256.00
     511.999     0.996484       213809       284.44
     513.023     0.996875       213897       320.00
     513.535     0.997266       214007       365.71
     513.791     0.997656       214062       426.67
     514.047     0.998047       214149       512.00
     514.303     0.998242       214229       568.89
     514.303     0.998437       214229       640.00
     514.559     0.998633       214307       731.43
     514.559     0.998828       214307       853.33
     514.815     0.999023       214394      1024.00
     514.815     0.999121       214394      1137.78
     514.815     0.999219       214394      1280.00
     514.815     0.999316       214394      1462.86
     515.071     0.999414       214429      1706.67
     515.327     0.999512       214466      2048.00
     515.327     0.999561       214466      2275.56
     515.327     0.999609       214466      2560.00
     515.327     0.999658       214466      2925.71
     515.583     0.999707       214485      3413.33
     515.583     0.999756       214485      4096.00
     515.839     0.999780       214495      4551.11
     517.375     0.999805       214498      5120.00
     518.655     0.999829       214520      5851.43
     518.655     0.999854       214520      6826.67
     518.655     0.999878       214520      8192.00
     518.655     0.999890       214520      9102.22
     518.655     0.999902       214520     10240.00
     518.655     0.999915       214520     11702.86
     518.911     0.999927       214533     13653.33
     518.911     0.999939       214533     16384.00
     518.911     0.999945       214533     18204.44
     518.911     0.999951       214533     20480.00
     518.911     0.999957       214533     23405.71
     518.911     0.999963       214533     27306.67
     518.911     0.999969       214533     32768.00
     518.911     0.999973       214533     36408.89
     518.911     0.999976       214533     40960.00
     518.911     0.999979       214533     46811.43
     519.167     0.999982       214537     54613.33
     519.167     1.000000       214537          inf
#[Mean    =      101.499, StdDeviation   =      146.394]
#[Max     =      518.912, Total count    =       214537]
#[Buckets =           27, SubBuckets     =         2048]
----------------------------------------------------------
  214622 requests in 5.01s, 183.41MB read
Requests/sec:  42880.04
Transfer/sec:     36.64MB
Running 5s test @ http://127.0.0.1:8080
  1 threads and 50 connections
  Thread Stats   Avg      Stdev     99%   +/- Stdev
    Latency   332.48ms  401.97ms   1.34s    80.61%
    Req/Sec       -nan      -nan   0.00      0.00%
  Latency Distribution (HdrHistogram - Recorded Latency)
 50.000%  134.65ms
 75.000%  507.14ms
 90.000%    1.06s 
 99.000%    1.34s 
 99.900%    1.35s 
 99.990%    1.36s 
 99.999%    1.36s 
100.000%    1.36s 

  Detailed Percentile spectrum:
       Value   Percentile   TotalCount 1/(1-Percentile)

       0.212     0.000000            1         1.00
       9.423     0.100000        21532         1.11
      20.463     0.200000        43020         1.25
      35.583     0.300000        64535         1.43
      92.927     0.400000        86061         1.67
     134.655     0.500000       107616         2.00
     156.543     0.550000       118362         2.22
     198.655     0.600000       129058         2.50
     285.951     0.650000       139803         2.86
     423.167     0.700000       150559         3.33
     507.391     0.750000       161309         4.00
     603.647     0.775000       166710         4.44
     663.039     0.800000       172066         5.00
     912.383     0.825000       177445         5.71
    1020.415     0.850000       182816         6.67
    1038.335     0.875000       188272         8.00
    1048.063     0.887500       190889         8.89
    1057.791     0.900000       193824        10.00
    1068.031     0.912500       196508        11.43
    1084.415     0.925000       199076        13.33
    1095.679     0.937500       201681        16.00
    1104.895     0.943750       203003        17.78
    1118.207     0.950000       204418        20.00
    1154.047     0.956250       205670        22.86
    1217.535     0.962500       207019        26.67
    1241.087     0.968750       208496        32.00
    1245.183     0.971875       209195        35.56
    1250.303     0.975000       209873        40.00
    1254.399     0.978125       210389        45.71
    1266.687     0.981250       211118        53.33
    1279.999     0.984375       211810        64.00
    1286.143     0.985938       212050        71.11
    1306.623     0.987500       212384        80.00
    1331.199     0.989062       212744        91.43
    1338.367     0.990625       213121       106.67
    1341.439     0.992188       213429       128.00
    1342.463     0.992969       213613       142.22
    1345.535     0.993750       213789       160.00
    1346.559     0.994531       213990       182.86
    1347.583     0.995313       214116       213.33
    1348.607     0.996094       214262       256.00
    1349.631     0.996484       214433       284.44
    1349.631     0.996875       214433       320.00
    1350.655     0.997266       214610       365.71
    1350.655     0.997656       214610       426.67
    1351.679     0.998047       214744       512.00
    1351.679     0.998242       214744       568.89
    1351.679     0.998437       214744       640.00
    1352.703     0.998633       214826       731.43
    1352.703     0.998828       214826       853.33
    1353.727     0.999023       214900      1024.00
    1353.727     0.999121       214900      1137.78
    1354.751     0.999219       214917      1280.00
    1355.775     0.999316       214931      1462.86
    1356.799     0.999414       214986      1706.67
    1356.799     0.999512       214986      2048.00
    1356.799     0.999561       214986      2275.56
    1357.823     0.999609       215030      2560.00
    1357.823     0.999658       215030      2925.71
    1357.823     0.999707       215030      3413.33
    1357.823     0.999756       215030      4096.00
    1357.823     0.999780       215030      4551.11
    1357.823     0.999805       215030      5120.00
    1358.847     0.999829       215071      5851.43
    1358.847     1.000000       215071          inf
#[Mean    =      332.478, StdDeviation   =      401.971]
#[Max     =     1357.824, Total count    =       215071]
#[Buckets =           27, SubBuckets     =         2048]
----------------------------------------------------------
  215487 requests in 5.01s, 184.16MB read
Requests/sec:  43054.20
Transfer/sec:     36.80MB
