Running 10s test @ http://localhost:8080/wrk2-api/review/compose
  1 threads and 100 connections
  Thread Stats   Avg      Stdev     99%   +/- Stdev
    Latency     6.79ms   85.99ms 148.10ms   98.84%
    Req/Sec       -nan      -nan   0.00      0.00%
  Latency Distribution (HdrHistogram - Recorded Latency)
 50.000%  267.00us
 75.000%  471.00us
 90.000%  648.00us
 99.000%  148.10ms
 99.900%  793.60ms
 99.990%    3.06s 
 99.999%    3.06s 
100.000%    3.06s 

  Detailed Percentile spectrum:
       Value   Percentile   TotalCount 1/(1-Percentile)

       0.173     0.000000            1         1.00
       0.204     0.100000          203         1.11
       0.223     0.200000          399         1.25
       0.242     0.300000          614         1.43
       0.253     0.400000          808         1.67
       0.267     0.500000          996         2.00
       0.276     0.550000         1097         2.22
       0.302     0.600000         1191         2.50
       0.344     0.650000         1290         2.86
       0.406     0.700000         1389         3.33
       0.471     0.750000         1489         4.00
       0.486     0.775000         1539         4.44
       0.496     0.800000         1588         5.00
       0.513     0.825000         1638         5.71
       0.530     0.850000         1687         6.67
       0.568     0.875000         1736         8.00
       0.606     0.887500         1762         8.89
       0.648     0.900000         1786        10.00
       0.710     0.912500         1811        11.43
       0.774     0.925000         1836        13.33
       0.867     0.937500         1860        16.00
       0.929     0.943750         1873        17.78
       0.979     0.950000         1886        20.00
       1.042     0.956250         1898        22.86
       1.105     0.962500         1910        26.67
       1.191     0.968750         1922        32.00
       1.240     0.971875         1929        35.56
       1.335     0.975000         1935        40.00
       1.526     0.978125         1941        45.71
       1.941     0.981250         1947        53.33
       2.791     0.984375         1953        64.00
      27.519     0.985938         1957        71.11
      82.751     0.987500         1960        80.00
     139.647     0.989062         1963        91.43
     196.479     0.990625         1966       106.67
     218.751     0.992188         1969       128.00
     248.703     0.992969         1971       142.22
     266.495     0.993750         1972       160.00
     425.215     0.994531         1974       182.86
     553.983     0.995313         1975       213.33
     629.759     0.996094         1977       256.00
     716.287     0.996484         1978       284.44
     716.287     0.996875         1978       320.00
     727.039     0.997266         1979       365.71
     727.551     0.997656         1980       426.67
     790.527     0.998047         1981       512.00
     790.527     0.998242         1981       568.89
     790.527     0.998437         1981       640.00
     793.599     0.998633         1982       731.43
     793.599     0.998828         1982       853.33
     866.303     0.999023         1983      1024.00
     866.303     0.999121         1983      1137.78
     866.303     0.999219         1983      1280.00
     866.303     0.999316         1983      1462.86
     866.303     0.999414         1983      1706.67
    3059.711     0.999512         1984      2048.00
    3059.711     1.000000         1984          inf
#[Mean    =        6.791, StdDeviation   =       85.993]
#[Max     =     3057.664, Total count    =         1984]
#[Buckets =           27, SubBuckets     =         2048]
----------------------------------------------------------
  1985 requests in 10.00s, 692.04KB read
  Socket errors: connect 0, read 0, write 0, timeout 5
  Non-2xx or 3xx responses: 1985
Requests/sec:    198.43
Transfer/sec:     69.18KB
Running 10s test @ http://localhost:8080/wrk2-api/review/compose
  1 threads and 100 connections
  Thread Stats   Avg      Stdev     99%   +/- Stdev
    Latency    17.81ms  105.43ms 544.77ms   96.56%
    Req/Sec       -nan      -nan   0.00      0.00%
  Latency Distribution (HdrHistogram - Recorded Latency)
 50.000%  285.00us
 75.000%  508.00us
 90.000%  830.00us
 99.000%  544.77ms
 99.900%    1.27s 
 99.990%    1.48s 
 99.999%    1.48s 
100.000%    1.48s 

  Detailed Percentile spectrum:
       Value   Percentile   TotalCount 1/(1-Percentile)

       0.170     0.000000            1         1.00
       0.203     0.100000          307         1.11
       0.220     0.200000          598         1.25
       0.240     0.300000          910         1.43
       0.261     0.400000         1203         1.67
       0.285     0.500000         1488         2.00
       0.314     0.550000         1636         2.22
       0.355     0.600000         1782         2.50
       0.422     0.650000         1930         2.86
       0.468     0.700000         2080         3.33
       0.508     0.750000         2229         4.00
       0.526     0.775000         2301         4.44
       0.549     0.800000         2377         5.00
       0.588     0.825000         2450         5.71
       0.641     0.850000         2524         6.67
       0.715     0.875000         2599         8.00
       0.777     0.887500         2635         8.89
       0.830     0.900000         2673        10.00
       0.888     0.912500         2710        11.43
       0.968     0.925000         2749        13.33
       1.156     0.937500         2784        16.00
       1.302     0.943750         2802        17.78
       5.755     0.950000         2821        20.00
      56.735     0.956250         2840        22.86
     103.999     0.962500         2858        26.67
     164.991     0.968750         2877        32.00
     194.815     0.971875         2886        35.56
     246.911     0.975000         2895        40.00
     302.847     0.978125         2905        45.71
     348.671     0.981250         2914        53.33
     394.751     0.984375         2923        64.00
     410.111     0.985938         2928        71.11
     467.967     0.987500         2932        80.00
     529.407     0.989062         2937        91.43
     582.143     0.990625         2942       106.67
     674.815     0.992188         2946       128.00
     722.431     0.992969         2949       142.22
     742.399     0.993750         2951       160.00
     802.815     0.994531         2953       182.86
     912.383     0.995313         2956       213.33
     974.335     0.996094         2958       256.00
     989.695     0.996484         2959       284.44
    1019.391     0.996875         2960       320.00
    1067.007     0.997266         2961       365.71
    1118.207     0.997656         2963       426.67
    1140.735     0.998047         2964       512.00
    1140.735     0.998242         2964       568.89
    1147.903     0.998437         2965       640.00
    1147.903     0.998633         2965       731.43
    1270.783     0.998828         2966       853.33
    1323.007     0.999023         2967      1024.00
    1323.007     0.999121         2967      1137.78
    1323.007     0.999219         2967      1280.00
    1323.007     0.999316         2967      1462.86
    1385.471     0.999414         2968      1706.67
    1385.471     0.999512         2968      2048.00
    1385.471     0.999561         2968      2275.56
    1385.471     0.999609         2968      2560.00
    1385.471     0.999658         2968      2925.71
    1482.751     0.999707         2969      3413.33
    1482.751     1.000000         2969          inf
#[Mean    =       17.813, StdDeviation   =      105.428]
#[Max     =     1481.728, Total count    =         2969]
#[Buckets =           27, SubBuckets     =         2048]
----------------------------------------------------------
  2970 requests in 10.00s, 1.01MB read
  Socket errors: connect 0, read 0, write 0, timeout 1
  Non-2xx or 3xx responses: 2970
Requests/sec:    296.96
Transfer/sec:    103.53KB
Running 10s test @ http://localhost:8080/wrk2-api/review/compose
  1 threads and 100 connections
  Thread Stats   Avg      Stdev     99%   +/- Stdev
    Latency    20.10ms   98.32ms 511.23ms   95.20%
    Req/Sec       -nan      -nan   0.00      0.00%
  Latency Distribution (HdrHistogram - Recorded Latency)
 50.000%  360.00us
 75.000%  611.00us
 90.000%    1.27ms
 99.000%  511.23ms
 99.900%  953.34ms
 99.990%    2.49s 
 99.999%    2.49s 
100.000%    2.49s 

  Detailed Percentile spectrum:
       Value   Percentile   TotalCount 1/(1-Percentile)

       0.161     0.000000            1         1.00
       0.211     0.100000          408         1.11
       0.240     0.200000          801         1.25
       0.262     0.300000         1197         1.43
       0.293     0.400000         1584         1.67
       0.360     0.500000         1984         2.00
       0.412     0.550000         2179         2.22
       0.461     0.600000         2373         2.50
       0.505     0.650000         2572         2.86
       0.551     0.700000         2772         3.33
       0.612     0.750000         2968         4.00
       0.653     0.775000         3067         4.44
       0.710     0.800000         3164         5.00
       0.785     0.825000         3264         5.71
       0.861     0.850000         3363         6.67
       0.980     0.875000         3463         8.00
       1.087     0.887500         3511         8.89
       1.271     0.900000         3560        10.00
       1.602     0.912500         3609        11.43
      15.199     0.925000         3659        13.33
      64.127     0.937500         3708        16.00
      91.391     0.943750         3733        17.78
     111.871     0.950000         3758        20.00
     143.615     0.956250         3782        22.86
     181.503     0.962500         3807        26.67
     227.327     0.968750         3832        32.00
     258.943     0.971875         3844        35.56
     296.959     0.975000         3857        40.00
     326.911     0.978125         3869        45.71
     359.167     0.981250         3881        53.33
     397.823     0.984375         3894        64.00
     447.487     0.985938         3900        71.11
     476.415     0.987500         3906        80.00
     504.063     0.989062         3912        91.43
     522.495     0.990625         3918       106.67
     553.471     0.992188         3925       128.00
     574.975     0.992969         3928       142.22
     608.255     0.993750         3931       160.00
     677.887     0.994531         3934       182.86
     726.015     0.995313         3937       213.33
     747.007     0.996094         3940       256.00
     774.143     0.996484         3942       284.44
     784.895     0.996875         3943       320.00
     805.375     0.997266         3945       365.71
     826.879     0.997656         3946       426.67
     835.583     0.998047         3948       512.00
     854.015     0.998242         3949       568.89
     854.015     0.998437         3949       640.00
     914.431     0.998633         3950       731.43
     953.343     0.998828         3951       853.33
     966.655     0.999023         3952      1024.00
     966.655     0.999121         3952      1137.78
     966.655     0.999219         3952      1280.00
     970.751     0.999316         3953      1462.86
     970.751     0.999414         3953      1706.67
    1165.311     0.999512         3954      2048.00
    1165.311     0.999561         3954      2275.56
    1165.311     0.999609         3954      2560.00
    1165.311     0.999658         3954      2925.71
    1165.311     0.999707         3954      3413.33
    2494.463     0.999756         3955      4096.00
    2494.463     1.000000         3955          inf
#[Mean    =       20.104, StdDeviation   =       98.323]
#[Max     =     2492.416, Total count    =         3955]
#[Buckets =           27, SubBuckets     =         2048]
----------------------------------------------------------
  3956 requests in 10.00s, 1.35MB read
  Non-2xx or 3xx responses: 3956
Requests/sec:    395.63
Transfer/sec:    137.93KB
Running 10s test @ http://localhost:8080/wrk2-api/review/compose
  1 threads and 100 connections
  Thread Stats   Avg      Stdev     99%   +/- Stdev
    Latency    21.59ms   88.97ms 477.70ms   93.91%
    Req/Sec       -nan      -nan   0.00      0.00%
  Latency Distribution (HdrHistogram - Recorded Latency)
 50.000%  433.00us
 75.000%  731.00us
 90.000%    5.02ms
 99.000%  477.70ms
 99.900%  805.38ms
 99.990%    1.22s 
 99.999%    1.22s 
100.000%    1.22s 

  Detailed Percentile spectrum:
       Value   Percentile   TotalCount 1/(1-Percentile)

       0.163     0.000000            1         1.00
       0.212     0.100000          505         1.11
       0.248     0.200000         1013         1.25
       0.279     0.300000         1485         1.43
       0.337     0.400000         1977         1.67
       0.433     0.500000         2467         2.00
       0.480     0.550000         2715         2.22
       0.522     0.600000         2960         2.50
       0.567     0.650000         3205         2.86
       0.637     0.700000         3454         3.33
       0.731     0.750000         3699         4.00
       0.796     0.775000         3821         4.44
       0.867     0.800000         3945         5.00
       0.947     0.825000         4067         5.71
       1.062     0.850000         4192         6.67
       1.333     0.875000         4314         8.00
       1.615     0.887500         4375         8.89
       5.143     0.900000         4437        10.00
      34.559     0.912500         4498        11.43
      66.559     0.925000         4560        13.33
     106.303     0.937500         4621        16.00
     124.351     0.943750         4652        17.78
     148.863     0.950000         4683        20.00
     179.327     0.956250         4714        22.86
     209.919     0.962500         4745        26.67
     249.087     0.968750         4775        32.00
     265.727     0.971875         4791        35.56
     293.887     0.975000         4806        40.00
     317.695     0.978125         4822        45.71
     352.767     0.981250         4837        53.33
     393.727     0.984375         4852        64.00
     414.207     0.985938         4861        71.11
     444.415     0.987500         4868        80.00
     473.343     0.989062         4876        91.43
     498.943     0.990625         4883       106.67
     560.639     0.992188         4891       128.00
     582.655     0.992969         4895       142.22
     607.231     0.993750         4899       160.00
     626.175     0.994531         4903       182.86
     642.047     0.995313         4906       213.33
     666.111     0.996094         4910       256.00
     666.623     0.996484         4912       284.44
     690.175     0.996875         4914       320.00
     699.391     0.997266         4916       365.71
     703.999     0.997656         4918       426.67
     732.671     0.998047         4920       512.00
     772.095     0.998242         4921       568.89
     780.287     0.998437         4922       640.00
     799.743     0.998633         4923       731.43
     805.375     0.998828         4924       853.33
     808.447     0.999023         4925      1024.00
     808.447     0.999121         4925      1137.78
     999.423     0.999219         4926      1280.00
     999.423     0.999316         4926      1462.86
    1044.991     0.999414         4927      1706.67
    1044.991     0.999512         4927      2048.00
    1044.991     0.999561         4927      2275.56
    1144.831     0.999609         4928      2560.00
    1144.831     0.999658         4928      2925.71
    1144.831     0.999707         4928      3413.33
    1144.831     0.999756         4928      4096.00
    1144.831     0.999780         4928      4551.11
    1218.559     0.999805         4929      5120.00
    1218.559     1.000000         4929          inf
#[Mean    =       21.585, StdDeviation   =       88.973]
#[Max     =     1217.536, Total count    =         4929]
#[Buckets =           27, SubBuckets     =         2048]
----------------------------------------------------------
  4930 requests in 10.00s, 1.68MB read
  Non-2xx or 3xx responses: 4930
Requests/sec:    492.97
Transfer/sec:    171.87KB
Running 10s test @ http://localhost:8080/wrk2-api/review/compose
  1 threads and 100 connections
  Thread Stats   Avg      Stdev     99%   +/- Stdev
    Latency    31.03ms  103.45ms 496.38ms   92.10%
    Req/Sec       -nan      -nan   0.00      0.00%
  Latency Distribution (HdrHistogram - Recorded Latency)
 50.000%  511.00us
 75.000%    0.95ms
 90.000%   89.54ms
 99.000%  496.38ms
 99.900%    1.10s 
 99.990%    1.30s 
 99.999%    1.36s 
100.000%    1.36s 

  Detailed Percentile spectrum:
       Value   Percentile   TotalCount 1/(1-Percentile)

       0.171     0.000000            1         1.00
       0.221     0.100000          591         1.11
       0.264     0.200000         1191         1.25
       0.310     0.300000         1782         1.43
       0.415     0.400000         2366         1.67
       0.511     0.500000         2954         2.00
       0.558     0.550000         3256         2.22
       0.615     0.600000         3545         2.50
       0.701     0.650000         3844         2.86
       0.818     0.700000         4138         3.33
       0.951     0.750000         4431         4.00
       1.064     0.775000         4583         4.44
       1.222     0.800000         4728         5.00
       1.658     0.825000         4875         5.71
      14.967     0.850000         5022         6.67
      50.143     0.875000         5170         8.00
      68.671     0.887500         5244         8.89
      90.111     0.900000         5318        10.00
     118.399     0.912500         5392        11.43
     145.151     0.925000         5465        13.33
     183.807     0.937500         5539        16.00
     200.063     0.943750         5576        17.78
     215.423     0.950000         5613        20.00
     241.023     0.956250         5650        22.86
     265.727     0.962500         5687        26.67
     320.511     0.968750         5724        32.00
     338.431     0.971875         5742        35.56
     363.263     0.975000         5761        40.00
     390.143     0.978125         5779        45.71
     408.575     0.981250         5798        53.33
     433.663     0.984375         5816        64.00
     444.927     0.985938         5825        71.11
     464.127     0.987500         5835        80.00
     478.719     0.989062         5844        91.43
     501.759     0.990625         5853       106.67
     559.615     0.992188         5862       128.00
     587.775     0.992969         5867       142.22
     611.327     0.993750         5872       160.00
     631.807     0.994531         5876       182.86
     683.007     0.995313         5881       213.33
     707.583     0.996094         5885       256.00
     742.911     0.996484         5889       284.44
     747.007     0.996875         5890       320.00
     756.223     0.997266         5893       365.71
     758.783     0.997656         5895       426.67
     787.455     0.998047         5897       512.00
     805.887     0.998242         5898       568.89
     972.287     0.998437         5900       640.00
     972.287     0.998633         5900       731.43
    1102.847     0.998828         5902       853.33
    1113.087     0.999023         5904      1024.00
    1113.087     0.999121         5904      1137.78
    1113.087     0.999219         5904      1280.00
    1113.087     0.999316         5904      1462.86
    1196.031     0.999414         5905      1706.67
    1197.055     0.999512         5906      2048.00
    1197.055     0.999561         5906      2275.56
    1197.055     0.999609         5906      2560.00
    1197.055     0.999658         5906      2925.71
    1300.479     0.999707         5907      3413.33
    1300.479     0.999756         5907      4096.00
    1300.479     0.999780         5907      4551.11
    1300.479     0.999805         5907      5120.00
    1300.479     0.999829         5907      5851.43
    1356.799     0.999854         5908      6826.67
    1356.799     1.000000         5908          inf
#[Mean    =       31.033, StdDeviation   =      103.451]
#[Max     =     1355.776, Total count    =         5908]
#[Buckets =           27, SubBuckets     =         2048]
----------------------------------------------------------
  5910 requests in 10.00s, 2.01MB read
  Non-2xx or 3xx responses: 5910
Requests/sec:    590.91
Transfer/sec:    206.01KB
Running 10s test @ http://localhost:8080/wrk2-api/review/compose
  1 threads and 100 connections
  Thread Stats   Avg      Stdev     99%   +/- Stdev
    Latency    35.39ms   94.60ms 453.38ms   90.05%
    Req/Sec       -nan      -nan   0.00      0.00%
  Latency Distribution (HdrHistogram - Recorded Latency)
 50.000%  594.00us
 75.000%    1.53ms
 90.000%  129.66ms
 99.000%  453.38ms
 99.900%  834.56ms
 99.990%  871.93ms
 99.999%  956.41ms
100.000%  956.41ms

  Detailed Percentile spectrum:
       Value   Percentile   TotalCount 1/(1-Percentile)

       0.163     0.000000            1         1.00
       0.234     0.100000          688         1.11
       0.285     0.200000         1389         1.25
       0.379     0.300000         2064         1.43
       0.488     0.400000         2755         1.67
       0.594     0.500000         3438         2.00
       0.671     0.550000         3780         2.22
       0.766     0.600000         4126         2.50
       0.887     0.650000         4467         2.86
       1.062     0.700000         4811         3.33
       1.534     0.750000         5154         4.00
       5.675     0.775000         5326         4.44
      25.455     0.800000         5498         5.00
      44.959     0.825000         5670         5.71
      66.687     0.850000         5842         6.67
      92.671     0.875000         6013         8.00
     110.719     0.887500         6099         8.89
     129.663     0.900000         6185        10.00
     150.399     0.912500         6274        11.43
     170.111     0.925000         6358        13.33
     200.063     0.937500         6443        16.00
     215.935     0.943750         6486        17.78
     234.111     0.950000         6529        20.00
     254.719     0.956250         6572        22.86
     275.967     0.962500         6615        26.67
     300.031     0.968750         6659        32.00
     316.415     0.971875         6679        35.56
     330.751     0.975000         6701        40.00
     347.903     0.978125         6722        45.71
     376.063     0.981250         6744        53.33
     406.527     0.984375         6765        64.00
     419.839     0.985938         6776        71.11
     432.895     0.987500         6787        80.00
     446.463     0.989062         6797        91.43
     467.199     0.990625         6808       106.67
     492.287     0.992188         6819       128.00
     502.783     0.992969         6824       142.22
     533.503     0.993750         6830       160.00
     557.055     0.994531         6835       182.86
     567.807     0.995313         6840       213.33
     612.351     0.996094         6846       256.00
     619.007     0.996484         6848       284.44
     626.687     0.996875         6851       320.00
     646.143     0.997266         6854       365.71
     680.447     0.997656         6856       426.67
     705.023     0.998047         6859       512.00
     768.511     0.998242         6860       568.89
     794.111     0.998437         6862       640.00
     809.983     0.998633         6863       731.43
     817.151     0.998828         6864       853.33
     840.191     0.999023         6866      1024.00
     840.191     0.999121         6866      1137.78
     848.895     0.999219         6867      1280.00
     861.695     0.999316         6868      1462.86
     861.695     0.999414         6868      1706.67
     864.255     0.999512         6869      2048.00
     864.255     0.999561         6869      2275.56
     868.863     0.999609         6870      2560.00
     868.863     0.999658         6870      2925.71
     868.863     0.999707         6870      3413.33
     871.935     0.999756         6871      4096.00
     871.935     0.999780         6871      4551.11
     871.935     0.999805         6871      5120.00
     871.935     0.999829         6871      5851.43
     871.935     0.999854         6871      6826.67
     956.415     0.999878         6872      8192.00
     956.415     1.000000         6872          inf
#[Mean    =       35.389, StdDeviation   =       94.602]
#[Max     =      955.904, Total count    =         6872]
#[Buckets =           27, SubBuckets     =         2048]
----------------------------------------------------------
  6873 requests in 10.00s, 2.34MB read
  Non-2xx or 3xx responses: 6873
Requests/sec:    687.32
Transfer/sec:    239.62KB
Running 10s test @ http://localhost:8080/wrk2-api/review/compose
  1 threads and 100 connections
  Thread Stats   Avg      Stdev     99%   +/- Stdev
    Latency    39.86ms   98.55ms 477.18ms   89.54%
    Req/Sec       -nan      -nan   0.00      0.00%
  Latency Distribution (HdrHistogram - Recorded Latency)
 50.000%  708.00us
 75.000%   13.57ms
 90.000%  145.28ms
 99.000%  477.18ms
 99.900%  823.81ms
 99.990%  975.87ms
 99.999%    1.18s 
100.000%    1.18s 

  Detailed Percentile spectrum:
       Value   Percentile   TotalCount 1/(1-Percentile)

       0.163     0.000000            1         1.00
       0.245     0.100000          786         1.11
       0.318     0.200000         1576         1.25
       0.447     0.300000         2365         1.43
       0.566     0.400000         3145         1.67
       0.708     0.500000         3934         2.00
       0.814     0.550000         4323         2.22
       0.921     0.600000         4717         2.50
       1.082     0.650000         5109         2.86
       1.521     0.700000         5503         3.33
      13.567     0.750000         5895         4.00
      28.831     0.775000         6092         4.44
      43.743     0.800000         6288         5.00
      64.383     0.825000         6485         5.71
      85.439     0.850000         6681         6.67
     110.015     0.875000         6878         8.00
     126.783     0.887500         6976         8.89
     145.279     0.900000         7074        10.00
     162.815     0.912500         7173        11.43
     184.959     0.925000         7272        13.33
     219.263     0.937500         7369        16.00
     236.287     0.943750         7418        17.78
     253.695     0.950000         7467        20.00
     271.615     0.956250         7517        22.86
     289.535     0.962500         7567        26.67
     311.551     0.968750         7615        32.00
     324.863     0.971875         7639        35.56
     338.431     0.975000         7664        40.00
     358.399     0.978125         7690        45.71
     379.647     0.981250         7713        53.33
     407.551     0.984375         7738        64.00
     417.023     0.985938         7750        71.11
     440.575     0.987500         7762        80.00
     459.519     0.989062         7775        91.43
     485.631     0.990625         7787       106.67
     513.023     0.992188         7799       128.00
     524.799     0.992969         7805       142.22
     542.207     0.993750         7811       160.00
     556.031     0.994531         7818       182.86
     588.287     0.995313         7824       213.33
     603.647     0.996094         7830       256.00
     618.495     0.996484         7833       284.44
     626.175     0.996875         7836       320.00
     654.847     0.997266         7839       365.71
     665.599     0.997656         7842       426.67
     713.215     0.998047         7845       512.00
     735.231     0.998242         7847       568.89
     737.279     0.998437         7848       640.00
     752.127     0.998633         7850       731.43
     764.415     0.998828         7851       853.33
     855.551     0.999023         7853      1024.00
     869.375     0.999121         7854      1137.78
     869.375     0.999219         7854      1280.00
     890.879     0.999316         7855      1462.86
     926.719     0.999414         7856      1706.67
     944.639     0.999512         7857      2048.00
     944.639     0.999561         7857      2275.56
     944.639     0.999609         7857      2560.00
     965.631     0.999658         7858      2925.71
     965.631     0.999707         7858      3413.33
     975.871     0.999756         7859      4096.00
     975.871     0.999780         7859      4551.11
     975.871     0.999805         7859      5120.00
     975.871     0.999829         7859      5851.43
     975.871     0.999854         7859      6826.67
    1179.647     0.999878         7860      8192.00
    1179.647     1.000000         7860          inf
#[Mean    =       39.856, StdDeviation   =       98.552]
#[Max     =     1178.624, Total count    =         7860]
#[Buckets =           27, SubBuckets     =         2048]
----------------------------------------------------------
  7861 requests in 10.00s, 2.68MB read
  Non-2xx or 3xx responses: 7861
Requests/sec:    786.06
Transfer/sec:    274.04KB
Running 10s test @ http://localhost:8080/wrk2-api/review/compose
  1 threads and 100 connections
  Thread Stats   Avg      Stdev     99%   +/- Stdev
    Latency    49.92ms  109.89ms 539.14ms   88.45%
    Req/Sec       -nan      -nan   0.00      0.00%
  Latency Distribution (HdrHistogram - Recorded Latency)
 50.000%  832.00us
 75.000%   40.13ms
 90.000%  182.27ms
 99.000%  539.14ms
 99.900%  758.78ms
 99.990%  916.48ms
 99.999%    1.09s 
100.000%    1.09s 

  Detailed Percentile spectrum:
       Value   Percentile   TotalCount 1/(1-Percentile)

       0.166     0.000000            1         1.00
       0.268     0.100000          888         1.11
       0.376     0.200000         1766         1.25
       0.516     0.300000         2654         1.43
       0.655     0.400000         3537         1.67
       0.832     0.500000         4414         2.00
       0.957     0.550000         4855         2.22
       1.170     0.600000         5296         2.50
       1.630     0.650000         5737         2.86
       9.599     0.700000         6179         3.33
      40.127     0.750000         6620         4.00
      57.983     0.775000         6841         4.44
      75.775     0.800000         7061         5.00
      95.935     0.825000         7282         5.71
     120.319     0.850000         7503         6.67
     145.407     0.875000         7723         8.00
     164.095     0.887500         7834         8.89
     182.399     0.900000         7945        10.00
     203.519     0.912500         8055        11.43
     226.303     0.925000         8165        13.33
     254.847     0.937500         8275        16.00
     269.055     0.943750         8330        17.78
     289.279     0.950000         8385        20.00
     307.455     0.956250         8440        22.86
     333.055     0.962500         8496        26.67
     354.303     0.968750         8551        32.00
     371.455     0.971875         8578        35.56
     387.839     0.975000         8606        40.00
     413.183     0.978125         8634        45.71
     436.479     0.981250         8661        53.33
     458.495     0.984375         8690        64.00
     471.295     0.985938         8702        71.11
     496.639     0.987500         8716        80.00
     517.631     0.989062         8730        91.43
     544.767     0.990625         8745       106.67
     566.783     0.992188         8758       128.00
     579.071     0.992969         8764       142.22
     597.503     0.993750         8771       160.00
     627.199     0.994531         8779       182.86
     635.903     0.995313         8785       213.33
     651.263     0.996094         8792       256.00
     653.311     0.996484         8795       284.44
     670.719     0.996875         8799       320.00
     678.911     0.997266         8802       365.71
     696.319     0.997656         8806       426.67
     711.167     0.998047         8809       512.00
     731.135     0.998242         8811       568.89
     737.279     0.998437         8813       640.00
     740.863     0.998633         8814       731.43
     754.175     0.998828         8816       853.33
     772.095     0.999023         8818      1024.00
     782.335     0.999121         8819      1137.78
     783.359     0.999219         8820      1280.00
     783.359     0.999316         8820      1462.86
     793.087     0.999414         8821      1706.67
     797.695     0.999512         8822      2048.00
     808.959     0.999561         8823      2275.56
     808.959     0.999609         8823      2560.00
     808.959     0.999658         8823      2925.71
     824.831     0.999707         8824      3413.33
     824.831     0.999756         8824      4096.00
     916.479     0.999780         8825      4551.11
     916.479     0.999805         8825      5120.00
     916.479     0.999829         8825      5851.43
     916.479     0.999854         8825      6826.67
     916.479     0.999878         8825      8192.00
    1089.535     0.999890         8826      9102.22
    1089.535     1.000000         8826          inf
#[Mean    =       49.917, StdDeviation   =      109.893]
#[Max     =     1088.512, Total count    =         8826]
#[Buckets =           27, SubBuckets     =         2048]
----------------------------------------------------------
  8827 requests in 10.00s, 3.01MB read
  Non-2xx or 3xx responses: 8827
Requests/sec:    882.45
Transfer/sec:    307.65KB
Running 10s test @ http://localhost:8080/wrk2-api/review/compose
  1 threads and 100 connections
  Thread Stats   Avg      Stdev     99%   +/- Stdev
    Latency    54.23ms  105.44ms 487.68ms   87.72%
    Req/Sec       -nan      -nan   0.00      0.00%
  Latency Distribution (HdrHistogram - Recorded Latency)
 50.000%    1.03ms
 75.000%   65.79ms
 90.000%  187.65ms
 99.000%  487.68ms
 99.900%  775.68ms
 99.990%    1.07s 
 99.999%    1.08s 
100.000%    1.08s 

  Detailed Percentile spectrum:
       Value   Percentile   TotalCount 1/(1-Percentile)

       0.174     0.000000            2         1.00
       0.298     0.100000          980         1.11
       0.458     0.200000         1952         1.25
       0.595     0.300000         2925         1.43
       0.770     0.400000         3901         1.67
       1.026     0.500000         4875         2.00
       1.285     0.550000         5362         2.22
       2.173     0.600000         5848         2.50
      17.951     0.650000         6335         2.86
      40.127     0.700000         6823         3.33
      65.791     0.750000         7311         4.00
      80.703     0.775000         7554         4.44
      96.831     0.800000         7798         5.00
     114.431     0.825000         8041         5.71
     134.015     0.850000         8285         6.67
     157.567     0.875000         8528         8.00
     172.287     0.887500         8650         8.89
     187.775     0.900000         8772        10.00
     205.439     0.912500         8894        11.43
     226.431     0.925000         9016        13.33
     245.759     0.937500         9137        16.00
     260.095     0.943750         9198        17.78
     275.455     0.950000         9259        20.00
     295.167     0.956250         9321        22.86
     316.927     0.962500         9381        26.67
     338.431     0.968750         9443        32.00
     348.415     0.971875         9473        35.56
     361.215     0.975000         9503        40.00
     380.415     0.978125         9533        45.71
     396.543     0.981250         9565        53.33
     424.447     0.984375         9594        64.00
     440.831     0.985938         9609        71.11
     459.263     0.987500         9625        80.00
     471.807     0.989062         9640        91.43
     496.895     0.990625         9655       106.67
     526.847     0.992188         9670       128.00
     535.551     0.992969         9678       142.22
     547.327     0.993750         9686       160.00
     556.031     0.994531         9694       182.86
     574.975     0.995313         9701       213.33
     603.135     0.996094         9708       256.00
     629.759     0.996484         9712       284.44
     644.095     0.996875         9716       320.00
     654.847     0.997266         9720       365.71
     662.527     0.997656         9724       426.67
     671.231     0.998047         9727       512.00
     674.815     0.998242         9729       568.89
     689.151     0.998437         9731       640.00
     695.295     0.998633         9733       731.43
     757.247     0.998828         9735       853.33
     781.311     0.999023         9737      1024.00
     782.335     0.999121         9738      1137.78
     782.847     0.999219         9739      1280.00
     799.231     0.999316         9740      1462.86
     876.543     0.999414         9742      1706.67
     876.543     0.999512         9742      2048.00
     876.543     0.999561         9742      2275.56
     943.615     0.999609         9743      2560.00
     943.615     0.999658         9743      2925.71
     980.479     0.999707         9744      3413.33
     980.479     0.999756         9744      4096.00
     980.479     0.999780         9744      4551.11
    1070.079     0.999805         9745      5120.00
    1070.079     0.999829         9745      5851.43
    1070.079     0.999854         9745      6826.67
    1070.079     0.999878         9745      8192.00
    1070.079     0.999890         9745      9102.22
    1077.247     0.999902         9746     10240.00
    1077.247     1.000000         9746          inf
#[Mean    =       54.234, StdDeviation   =      105.439]
#[Max     =     1076.224, Total count    =         9746]
#[Buckets =           27, SubBuckets     =         2048]
----------------------------------------------------------
  9749 requests in 10.00s, 3.32MB read
  Non-2xx or 3xx responses: 9749
Requests/sec:    974.96
Transfer/sec:    339.90KB
Running 10s test @ http://localhost:8080/wrk2-api/review/compose
  1 threads and 100 connections
  Thread Stats   Avg      Stdev     99%   +/- Stdev
    Latency    65.14ms  113.17ms 507.14ms   87.48%
    Req/Sec       -nan      -nan   0.00      0.00%
  Latency Distribution (HdrHistogram - Recorded Latency)
 50.000%    1.95ms
 75.000%   91.26ms
 90.000%  208.51ms
 99.000%  507.14ms
 99.900%  789.50ms
 99.990%    1.04s 
 99.999%    1.06s 
100.000%    1.06s 

  Detailed Percentile spectrum:
       Value   Percentile   TotalCount 1/(1-Percentile)

       0.170     0.000000            1         1.00
       0.363     0.100000         1073         1.11
       0.563     0.200000         2145         1.25
       0.751     0.300000         3220         1.43
       1.023     0.400000         4287         1.67
       1.948     0.500000         5358         2.00
       9.879     0.550000         5894         2.22
      25.679     0.600000         6429         2.50
      44.479     0.650000         6965         2.86
      64.799     0.700000         7502         3.33
      91.263     0.750000         8037         4.00
     103.935     0.775000         8306         4.44
     119.679     0.800000         8573         5.00
     135.679     0.825000         8841         5.71
     156.031     0.850000         9108         6.67
     178.559     0.875000         9377         8.00
     194.047     0.887500         9511         8.89
     208.511     0.900000         9644        10.00
     226.687     0.912500         9778        11.43
     250.367     0.925000         9913        13.33
     273.919     0.937500        10046        16.00
     287.743     0.943750        10115        17.78
     302.079     0.950000        10180        20.00
     321.535     0.956250        10247        22.86
     343.295     0.962500        10314        26.67
     372.223     0.968750        10381        32.00
     384.767     0.971875        10414        35.56
     399.103     0.975000        10448        40.00
     417.791     0.978125        10481        45.71
     442.879     0.981250        10516        53.33
     461.823     0.984375        10548        64.00
     474.111     0.985938        10565        71.11
     487.423     0.987500        10582        80.00
     496.639     0.989062        10598        91.43
     518.399     0.990625        10615       106.67
     537.599     0.992188        10632       128.00
     556.031     0.992969        10640       142.22
     579.071     0.993750        10649       160.00
     595.967     0.994531        10657       182.86
     601.087     0.995313        10665       213.33
     633.855     0.996094        10675       256.00
     638.463     0.996484        10678       284.44
     643.071     0.996875        10682       320.00
     648.703     0.997266        10686       365.71
     702.463     0.997656        10690       426.67
     721.919     0.998047        10695       512.00
     733.183     0.998242        10697       568.89
     762.367     0.998437        10699       640.00
     767.487     0.998633        10701       731.43
     784.895     0.998828        10703       853.33
     799.231     0.999023        10705      1024.00
     814.591     0.999121        10706      1137.78
     828.415     0.999219        10707      1280.00
     840.703     0.999316        10708      1462.86
     844.287     0.999414        10709      1706.67
     857.087     0.999512        10710      2048.00
     906.239     0.999561        10711      2275.56
     906.239     0.999609        10711      2560.00
     907.775     0.999658        10712      2925.71
     907.775     0.999707        10712      3413.33
     967.167     0.999756        10713      4096.00
     967.167     0.999780        10713      4551.11
     967.167     0.999805        10713      5120.00
    1044.991     0.999829        10714      5851.43
    1044.991     0.999854        10714      6826.67
    1044.991     0.999878        10714      8192.00
    1044.991     0.999890        10714      9102.22
    1044.991     0.999902        10714     10240.00
    1058.815     0.999915        10715     11702.86
    1058.815     1.000000        10715          inf
#[Mean    =       65.140, StdDeviation   =      113.175]
#[Max     =     1057.792, Total count    =        10715]
#[Buckets =           27, SubBuckets     =         2048]
----------------------------------------------------------
  10716 requests in 10.00s, 3.65MB read
  Non-2xx or 3xx responses: 10716
Requests/sec:   1071.69
Transfer/sec:    373.63KB
