Running 5s test @ http://127.0.0.1:8080
  1 threads and 50 connections
  Thread Stats   Avg      Stdev     99%   +/- Stdev
    Latency   193.07us   58.73us 330.00us   90.20%
    Req/Sec       -nan      -nan   0.00      0.00%
  Latency Distribution (HdrHistogram - Recorded Latency)
 50.000%  179.00us
 75.000%  207.00us
 90.000%  251.00us
 99.000%  330.00us
 99.900%    0.98ms
 99.990%    1.54ms
 99.999%    1.54ms
100.000%    1.54ms

  Detailed Percentile spectrum:
       Value   Percentile   TotalCount 1/(1-Percentile)

       0.129     0.000000            1         1.00
       0.154     0.100000          250         1.11
       0.160     0.200000          503         1.25
       0.166     0.300000          746         1.43
       0.173     0.400000          989         1.67
       0.179     0.500000         1227         2.00
       0.182     0.550000         1362         2.22
       0.186     0.600000         1501         2.50
       0.191     0.650000         1605         2.86
       0.198     0.700000         1723         3.33
       0.207     0.750000         1847         4.00
       0.211     0.775000         1900         4.44
       0.217     0.800000         1965         5.00
       0.228     0.825000         2029         5.71
       0.237     0.850000         2083         6.67
       0.245     0.875000         2152         8.00
       0.248     0.887500         2190         8.89
       0.251     0.900000         2208        10.00
       0.256     0.912500         2238        11.43
       0.261     0.925000         2267        13.33
       0.265     0.937500         2298        16.00
       0.269     0.943750         2314        17.78
       0.272     0.950000         2333        20.00
       0.275     0.956250         2346        22.86
       0.278     0.962500         2363        26.67
       0.281     0.968750         2375        32.00
       0.284     0.971875         2382        35.56
       0.287     0.975000         2391        40.00
       0.290     0.978125         2397        45.71
       0.297     0.981250         2405        53.33
       0.304     0.984375         2412        64.00
       0.308     0.985938         2416        71.11
       0.312     0.987500         2420        80.00
       0.326     0.989062         2424        91.43
       0.334     0.990625         2428       106.67
       0.353     0.992188         2431       128.00
       0.355     0.992969         2433       142.22
       0.358     0.993750         2435       160.00
       0.379     0.994531         2437       182.86
       0.388     0.995313         2439       213.33
       0.417     0.996094         2441       256.00
       0.476     0.996484         2442       284.44
       0.627     0.996875         2443       320.00
       0.669     0.997266         2444       365.71
       0.670     0.997656         2445       426.67
       0.789     0.998047         2446       512.00
       0.789     0.998242         2446       568.89
       0.920     0.998437         2447       640.00
       0.920     0.998633         2447       731.43
       0.975     0.998828         2448       853.33
       0.975     0.999023         2448      1024.00
       0.975     0.999121         2448      1137.78
       1.034     0.999219         2449      1280.00
       1.034     0.999316         2449      1462.86
       1.034     0.999414         2449      1706.67
       1.034     0.999512         2449      2048.00
       1.034     0.999561         2449      2275.56
       1.538     0.999609         2450      2560.00
       1.538     1.000000         2450          inf
#[Mean    =        0.193, StdDeviation   =        0.059]
#[Max     =        1.538, Total count    =         2450]
#[Buckets =           27, SubBuckets     =         2048]
----------------------------------------------------------
  2451 requests in 5.01s, 2.09MB read
Requests/sec:    489.66
Transfer/sec:    428.45KB
Running 5s test @ http://127.0.0.1:8080
  1 threads and 50 connections
  Thread Stats   Avg      Stdev     99%   +/- Stdev
    Latency   694.01us  228.99us   1.27ms   70.45%
    Req/Sec       -nan      -nan   0.00      0.00%
  Latency Distribution (HdrHistogram - Recorded Latency)
 50.000%  676.00us
 75.000%  832.00us
 90.000%    0.98ms
 99.000%    1.27ms
 99.900%    2.51ms
 99.990%    2.92ms
 99.999%    3.34ms
100.000%    3.34ms

  Detailed Percentile spectrum:
       Value   Percentile   TotalCount 1/(1-Percentile)

       0.147     0.000000            1         1.00
       0.428     0.100000         5017         1.11
       0.497     0.200000         9939         1.25
       0.557     0.300000        14936         1.43
       0.617     0.400000        19887         1.67
       0.676     0.500000        24862         2.00
       0.705     0.550000        27394         2.22
       0.733     0.600000        29835         2.50
       0.763     0.650000        32306         2.86
       0.795     0.700000        34820         3.33
       0.832     0.750000        37275         4.00
       0.853     0.775000        38511         4.44
       0.875     0.800000        39757         5.00
       0.897     0.825000        41000         5.71
       0.920     0.850000        42235         6.67
       0.947     0.875000        43503         8.00
       0.961     0.887500        44121         8.89
       0.976     0.900000        44724        10.00
       0.992     0.912500        45344        11.43
       1.010     0.925000        45957        13.33
       1.032     0.937500        46601        16.00
       1.043     0.943750        46889        17.78
       1.058     0.950000        47205        20.00
       1.075     0.956250        47524        22.86
       1.093     0.962500        47825        26.67
       1.115     0.968750        48126        32.00
       1.128     0.971875        48289        35.56
       1.142     0.975000        48440        40.00
       1.161     0.978125        48600        45.71
       1.178     0.981250        48751        53.33
       1.202     0.984375        48904        64.00
       1.217     0.985938        48981        71.11
       1.237     0.987500        49058        80.00
       1.258     0.989062        49135        91.43
       1.285     0.990625        49219       106.67
       1.309     0.992188        49289       128.00
       1.324     0.992969        49328       142.22
       1.344     0.993750        49367       160.00
       1.368     0.994531        49406       182.86
       1.404     0.995313        49445       213.33
       1.471     0.996094        49483       256.00
       1.508     0.996484        49503       284.44
       1.586     0.996875        49522       320.00
       1.663     0.997266        49542       365.71
       1.769     0.997656        49561       426.67
       2.085     0.998047        49580       512.00
       2.229     0.998242        49590       568.89
       2.365     0.998437        49600       640.00
       2.413     0.998633        49610       731.43
       2.491     0.998828        49619       853.33
       2.517     0.999023        49629      1024.00
       2.545     0.999121        49634      1137.78
       2.609     0.999219        49639      1280.00
       2.643     0.999316        49644      1462.86
       2.687     0.999414        49648      1706.67
       2.715     0.999512        49653      2048.00
       2.747     0.999561        49656      2275.56
       2.763     0.999609        49658      2560.00
       2.841     0.999658        49662      2925.71
       2.855     0.999707        49663      3413.33
       2.861     0.999756        49666      4096.00
       2.865     0.999780        49667      4551.11
       2.889     0.999805        49668      5120.00
       2.891     0.999829        49669      5851.43
       2.921     0.999854        49670      6826.67
       2.925     0.999878        49672      8192.00
       2.925     0.999890        49672      9102.22
       2.931     0.999902        49673     10240.00
       2.931     0.999915        49673     11702.86
       2.941     0.999927        49675     13653.33
       2.941     0.999939        49675     16384.00
       2.941     0.999945        49675     18204.44
       2.941     0.999951        49675     20480.00
       2.941     0.999957        49675     23405.71
       2.947     0.999963        49676     27306.67
       2.947     0.999969        49676     32768.00
       2.947     0.999973        49676     36408.89
       2.947     0.999976        49676     40960.00
       2.947     0.999979        49676     46811.43
       3.335     0.999982        49677     54613.33
       3.335     1.000000        49677          inf
#[Mean    =        0.694, StdDeviation   =        0.229]
#[Max     =        3.334, Total count    =        49677]
#[Buckets =           27, SubBuckets     =         2048]
----------------------------------------------------------
  49678 requests in 5.00s, 42.45MB read
Requests/sec:   9933.32
Transfer/sec:      8.49MB
Running 5s test @ http://127.0.0.1:8080
  1 threads and 50 connections
  Thread Stats   Avg      Stdev     99%   +/- Stdev
    Latency     0.98ms  367.20us   2.00ms   71.71%
    Req/Sec       -nan      -nan   0.00      0.00%
  Latency Distribution (HdrHistogram - Recorded Latency)
 50.000%    0.92ms
 75.000%    1.21ms
 90.000%    1.43ms
 99.000%    2.00ms
 99.900%    3.26ms
 99.990%    5.55ms
 99.999%    5.66ms
100.000%    5.68ms

  Detailed Percentile spectrum:
       Value   Percentile   TotalCount 1/(1-Percentile)

       0.167     0.000000            1         1.00
       0.573     0.100000         7489         1.11
       0.667     0.200000        14951         1.25
       0.745     0.300000        22459         1.43
       0.821     0.400000        29851         1.67
       0.915     0.500000        37331         2.00
       0.970     0.550000        40994         2.22
       1.029     0.600000        44713         2.50
       1.090     0.650000        48483         2.86
       1.150     0.700000        52180         3.33
       1.212     0.750000        55924         4.00
       1.243     0.775000        57781         4.44
       1.275     0.800000        59628         5.00
       1.309     0.825000        61499         5.71
       1.345     0.850000        63344         6.67
       1.386     0.875000        65230         8.00
       1.408     0.887500        66142         8.89
       1.432     0.900000        67090        10.00
       1.458     0.912500        68017        11.43
       1.488     0.925000        68941        13.33
       1.521     0.937500        69867        16.00
       1.542     0.943750        70340        17.78
       1.565     0.950000        70809        20.00
       1.592     0.956250        71272        22.86
       1.628     0.962500        71740        26.67
       1.670     0.968750        72197        32.00
       1.696     0.971875        72425        35.56
       1.724     0.975000        72661        40.00
       1.760     0.978125        72893        45.71
       1.797     0.981250        73125        53.33
       1.850     0.984375        73359        64.00
       1.879     0.985938        73475        71.11
       1.921     0.987500        73591        80.00
       1.965     0.989062        73706        91.43
       2.020     0.990625        73823       106.67
       2.083     0.992188        73940       128.00
       2.125     0.992969        73998       142.22
       2.179     0.993750        74056       160.00
       2.237     0.994531        74113       182.86
       2.307     0.995313        74171       213.33
       2.385     0.996094        74231       256.00
       2.459     0.996484        74259       284.44
       2.521     0.996875        74288       320.00
       2.603     0.997266        74317       365.71
       2.695     0.997656        74346       426.67
       2.795     0.998047        74375       512.00
       2.863     0.998242        74390       568.89
       2.927     0.998437        74404       640.00
       3.161     0.998633        74422       731.43
       3.201     0.998828        74433       853.33
       3.263     0.999023        74448      1024.00
       3.327     0.999121        74455      1137.78
       3.365     0.999219        74462      1280.00
       3.401     0.999316        74470      1462.86
       3.611     0.999414        74477      1706.67
       3.673     0.999512        74484      2048.00
       3.711     0.999561        74488      2275.56
       3.731     0.999609        74491      2560.00
       5.339     0.999658        74495      2925.71
       5.443     0.999707        74499      3413.33
       5.455     0.999756        74502      4096.00
       5.463     0.999780        74504      4551.11
       5.487     0.999805        74506      5120.00
       5.499     0.999829        74508      5851.43
       5.519     0.999854        74510      6826.67
       5.551     0.999878        74511      8192.00
       5.555     0.999890        74513      9102.22
       5.555     0.999902        74513     10240.00
       5.559     0.999915        74514     11702.86
       5.563     0.999927        74516     13653.33
       5.563     0.999939        74516     16384.00
       5.563     0.999945        74516     18204.44
       5.627     0.999951        74517     20480.00
       5.627     0.999957        74517     23405.71
       5.631     0.999963        74518     27306.67
       5.631     0.999969        74518     32768.00
       5.631     0.999973        74518     36408.89
       5.663     0.999976        74519     40960.00
       5.663     0.999979        74519     46811.43
       5.663     0.999982        74519     54613.33
       5.663     0.999985        74519     65536.00
       5.663     0.999986        74519     72817.78
       5.679     0.999988        74520     81920.00
       5.679     1.000000        74520          inf
#[Mean    =        0.977, StdDeviation   =        0.367]
#[Max     =        5.676, Total count    =        74520]
#[Buckets =           27, SubBuckets     =         2048]
----------------------------------------------------------
  74534 requests in 5.00s, 63.69MB read
Requests/sec:  14906.07
Transfer/sec:     12.74MB
Running 5s test @ http://127.0.0.1:8080
  1 threads and 50 connections
  Thread Stats   Avg      Stdev     99%   +/- Stdev
    Latency     1.21ms  480.19us   2.77ms   75.03%
    Req/Sec       -nan      -nan   0.00      0.00%
  Latency Distribution (HdrHistogram - Recorded Latency)
 50.000%    1.09ms
 75.000%    1.47ms
 90.000%    1.82ms
 99.000%    2.77ms
 99.900%    4.14ms
 99.990%    5.11ms
 99.999%    5.89ms
100.000%    6.82ms

  Detailed Percentile spectrum:
       Value   Percentile   TotalCount 1/(1-Percentile)

       0.272     0.000000            2         1.00
       0.723     0.100000         9961         1.11
       0.819     0.200000        19898         1.25
       0.903     0.300000        29887         1.43
       0.993     0.400000        39801         1.67
       1.094     0.500000        49712         2.00
       1.154     0.550000        54707         2.22
       1.223     0.600000        59674         2.50
       1.301     0.650000        64635         2.86
       1.386     0.700000        69603         3.33
       1.474     0.750000        74564         4.00
       1.519     0.775000        77058         4.44
       1.568     0.800000        79533         5.00
       1.621     0.825000        81998         5.71
       1.678     0.850000        84514         6.67
       1.742     0.875000        86956         8.00
       1.780     0.887500        88194         8.89
       1.824     0.900000        89464        10.00
       1.869     0.912500        90700        11.43
       1.924     0.925000        91941        13.33
       1.988     0.937500        93165        16.00
       2.023     0.943750        93791        17.78
       2.063     0.950000        94420        20.00
       2.109     0.956250        95030        22.86
       2.155     0.962500        95657        26.67
       2.225     0.968750        96273        32.00
       2.267     0.971875        96579        35.56
       2.315     0.975000        96889        40.00
       2.377     0.978125        97205        45.71
       2.451     0.981250        97516        53.33
       2.543     0.984375        97821        64.00
       2.601     0.985938        97980        71.11
       2.663     0.987500        98133        80.00
       2.729     0.989062        98287        91.43
       2.789     0.990625        98442       106.67
       2.861     0.992188        98598       128.00
       2.919     0.992969        98676       142.22
       2.989     0.993750        98756       160.00
       3.127     0.994531        98830       182.86
       3.287     0.995313        98908       213.33
       3.403     0.996094        98985       256.00
       3.465     0.996484        99025       284.44
       3.523     0.996875        99063       320.00
       3.595     0.997266        99103       365.71
       3.663     0.997656        99141       426.67
       3.765     0.998047        99179       512.00
       3.855     0.998242        99199       568.89
       3.913     0.998437        99218       640.00
       4.037     0.998633        99238       731.43
       4.089     0.998828        99257       853.33
       4.139     0.999023        99276      1024.00
       4.215     0.999121        99286      1137.78
       4.255     0.999219        99296      1280.00
       4.307     0.999316        99306      1462.86
       4.359     0.999414        99315      1706.67
       4.531     0.999512        99325      2048.00
       4.651     0.999561        99330      2275.56
       4.711     0.999609        99336      2560.00
       4.743     0.999658        99340      2925.71
       4.779     0.999707        99344      3413.33
       4.835     0.999756        99349      4096.00
       4.847     0.999780        99353      4551.11
       4.851     0.999805        99354      5120.00
       4.859     0.999829        99357      5851.43
       4.895     0.999854        99359      6826.67
       5.043     0.999878        99361      8192.00
       5.111     0.999890        99364      9102.22
       5.111     0.999902        99364     10240.00
       5.143     0.999915        99365     11702.86
       5.163     0.999927        99366     13653.33
       5.271     0.999939        99367     16384.00
       5.443     0.999945        99368     18204.44
       5.459     0.999951        99369     20480.00
       5.459     0.999957        99369     23405.71
       5.507     0.999963        99370     27306.67
       5.507     0.999969        99370     32768.00
       5.591     0.999973        99371     36408.89
       5.591     0.999976        99371     40960.00
       5.591     0.999979        99371     46811.43
       5.887     0.999982        99372     54613.33
       5.887     0.999985        99372     65536.00
       5.887     0.999986        99372     72817.78
       5.887     0.999988        99372     81920.00
       5.887     0.999989        99372     93622.86
       6.815     0.999991        99373    109226.67
       6.815     1.000000        99373          inf
#[Mean    =        1.209, StdDeviation   =        0.480]
#[Max     =        6.812, Total count    =        99373]
#[Buckets =           27, SubBuckets     =         2048]
----------------------------------------------------------
  99405 requests in 5.00s, 84.94MB read
Requests/sec:  19876.25
Transfer/sec:     16.98MB
Running 5s test @ http://127.0.0.1:8080
  1 threads and 50 connections
  Thread Stats   Avg      Stdev     99%   +/- Stdev
    Latency     2.45ms    1.09ms   5.92ms   72.89%
    Req/Sec       -nan      -nan   0.00      0.00%
  Latency Distribution (HdrHistogram - Recorded Latency)
 50.000%    2.19ms
 75.000%    3.04ms
 90.000%    3.87ms
 99.000%    5.92ms
 99.900%    7.83ms
 99.990%    9.17ms
 99.999%   10.78ms
100.000%   10.81ms

  Detailed Percentile spectrum:
       Value   Percentile   TotalCount 1/(1-Percentile)

       0.250     0.000000            1         1.00
       1.300     0.100000        12421         1.11
       1.571     0.200000        24879         1.25
       1.789     0.300000        37308         1.43
       1.982     0.400000        49687         1.67
       2.187     0.500000        62186         2.00
       2.311     0.550000        68385         2.22
       2.459     0.600000        74573         2.50
       2.631     0.650000        80783         2.86
       2.821     0.700000        86982         3.33
       3.041     0.750000        93170         4.00
       3.157     0.775000        96260         4.44
       3.273     0.800000        99386         5.00
       3.409     0.825000       102485         5.71
       3.553     0.850000       105587         6.67
       3.711     0.875000       108689         8.00
       3.787     0.887500       110251         8.89
       3.871     0.900000       111786        10.00
       3.975     0.912500       113331        11.43
       4.115     0.925000       114917        13.33
       4.303     0.937500       116454        16.00
       4.411     0.943750       117213        17.78
       4.531     0.950000       117988        20.00
       4.659     0.956250       118777        22.86
       4.783     0.962500       119537        26.67
       4.919     0.968750       120321        32.00
       4.999     0.971875       120704        35.56
       5.079     0.975000       121103        40.00
       5.175     0.978125       121485        45.71
       5.315     0.981250       121871        53.33
       5.475     0.984375       122254        64.00
       5.587     0.985938       122453        71.11
       5.707     0.987500       122641        80.00
       5.827     0.989062       122838        91.43
       5.987     0.990625       123037       106.67
       6.187     0.992188       123229       128.00
       6.255     0.992969       123323       142.22
       6.327     0.993750       123417       160.00
       6.435     0.994531       123515       182.86
       6.635     0.995313       123612       213.33
       6.815     0.996094       123708       256.00
       6.959     0.996484       123758       284.44
       7.119     0.996875       123805       320.00
       7.223     0.997266       123854       365.71
       7.307     0.997656       123906       426.67
       7.403     0.998047       123954       512.00
       7.515     0.998242       123976       568.89
       7.599     0.998437       123999       640.00
       7.675     0.998633       124024       731.43
       7.759     0.998828       124048       853.33
       7.867     0.999023       124072      1024.00
       7.947     0.999121       124084      1137.78
       8.063     0.999219       124096      1280.00
       8.187     0.999316       124109      1462.86
       8.463     0.999414       124121      1706.67
       8.543     0.999512       124134      2048.00
       8.575     0.999561       124139      2275.56
       8.599     0.999609       124145      2560.00
       8.647     0.999658       124151      2925.71
       8.679     0.999707       124158      3413.33
       8.815     0.999756       124163      4096.00
       8.863     0.999780       124166      4551.11
       8.879     0.999805       124170      5120.00
       8.895     0.999829       124172      5851.43
       8.927     0.999854       124175      6826.67
       9.111     0.999878       124180      8192.00
       9.111     0.999890       124180      9102.22
       9.167     0.999902       124181     10240.00
       9.175     0.999915       124183     11702.86
       9.183     0.999927       124184     13653.33
       9.807     0.999939       124186     16384.00
       9.911     0.999945       124187     18204.44
       9.911     0.999951       124187     20480.00
      10.023     0.999957       124188     23405.71
      10.199     0.999963       124189     27306.67
      10.215     0.999969       124190     32768.00
      10.215     0.999973       124190     36408.89
      10.215     0.999976       124190     40960.00
      10.231     0.999979       124191     46811.43
      10.231     0.999982       124191     54613.33
      10.783     0.999985       124192     65536.00
      10.783     0.999986       124192     72817.78
      10.783     0.999988       124192     81920.00
      10.783     0.999989       124192     93622.86
      10.783     0.999991       124192    109226.67
      10.815     0.999992       124193    131072.00
      10.815     1.000000       124193          inf
#[Mean    =        2.448, StdDeviation   =        1.086]
#[Max     =       10.808, Total count    =       124193]
#[Buckets =           27, SubBuckets     =         2048]
----------------------------------------------------------
  124258 requests in 5.00s, 106.18MB read
Requests/sec:  24842.57
Transfer/sec:     21.23MB
Running 5s test @ http://127.0.0.1:8080
  1 threads and 50 connections
  Thread Stats   Avg      Stdev     99%   +/- Stdev
    Latency     3.43ms    1.21ms   7.31ms   73.50%
    Req/Sec       -nan      -nan   0.00      0.00%
  Latency Distribution (HdrHistogram - Recorded Latency)
 50.000%    3.14ms
 75.000%    4.10ms
 90.000%    5.05ms
 99.000%    7.31ms
 99.900%    9.66ms
 99.990%   11.55ms
 99.999%   12.89ms
100.000%   12.89ms

  Detailed Percentile spectrum:
       Value   Percentile   TotalCount 1/(1-Percentile)

       0.226     0.000000            1         1.00
       2.171     0.100000        14911         1.11
       2.537     0.200000        29892         1.25
       2.759     0.300000        44833         1.43
       2.947     0.400000        59653         1.67
       3.145     0.500000        74545         2.00
       3.257     0.550000        82061         2.22
       3.387     0.600000        89490         2.50
       3.551     0.650000        96916         2.86
       3.793     0.700000       104363         3.33
       4.103     0.750000       111852         4.00
       4.255     0.775000       115553         4.44
       4.399     0.800000       119316         5.00
       4.543     0.825000       123061         5.71
       4.691     0.850000       126746         6.67
       4.863     0.875000       130504         8.00
       4.951     0.887500       132339         8.89
       5.051     0.900000       134197        10.00
       5.163     0.912500       136036        11.43
       5.295     0.925000       137890        13.33
       5.447     0.937500       139757        16.00
       5.547     0.943750       140700        17.78
       5.659     0.950000       141611        20.00
       5.779     0.956250       142539        22.86
       5.955     0.962500       143480        26.67
       6.119     0.968750       144414        32.00
       6.215     0.971875       144866        35.56
       6.335     0.975000       145337        40.00
       6.447     0.978125       145800        45.71
       6.611     0.981250       146269        53.33
       6.819     0.984375       146734        64.00
       6.931     0.985938       146964        71.11
       7.043     0.987500       147196        80.00
       7.199     0.989062       147427        91.43
       7.387     0.990625       147660       106.67
       7.563     0.992188       147892       128.00
       7.655     0.992969       148009       142.22
       7.743     0.993750       148128       160.00
       7.831     0.994531       148242       182.86
       7.967     0.995313       148360       213.33
       8.119     0.996094       148475       256.00
       8.263     0.996484       148534       284.44
       8.375     0.996875       148592       320.00
       8.471     0.997266       148654       365.71
       8.543     0.997656       148713       426.67
       8.767     0.998047       148765       512.00
       8.895     0.998242       148796       568.89
       9.031     0.998437       148825       640.00
       9.239     0.998633       148853       731.43
       9.527     0.998828       148882       853.33
       9.703     0.999023       148912      1024.00
       9.767     0.999121       148925      1137.78
       9.935     0.999219       148942      1280.00
      10.063     0.999316       148955      1462.86
      10.159     0.999414       148969      1706.67
      10.303     0.999512       148984      2048.00
      10.487     0.999561       148991      2275.56
      10.575     0.999609       148998      2560.00
      10.695     0.999658       149006      2925.71
      10.831     0.999707       149013      3413.33
      10.903     0.999756       149020      4096.00
      11.039     0.999780       149024      4551.11
      11.087     0.999805       149029      5120.00
      11.215     0.999829       149031      5851.43
      11.519     0.999854       149035      6826.67
      11.535     0.999878       149038      8192.00
      11.551     0.999890       149042      9102.22
      11.551     0.999902       149042     10240.00
      11.607     0.999915       149048     11702.86
      11.607     0.999927       149048     13653.33
      11.607     0.999939       149048     16384.00
      11.607     0.999945       149048     18204.44
      11.615     0.999951       149049     20480.00
      11.623     0.999957       149050     23405.71
      11.751     0.999963       149052     27306.67
      11.751     0.999969       149052     32768.00
      11.751     0.999973       149052     36408.89
      11.799     0.999976       149053     40960.00
      11.799     0.999979       149053     46811.43
      12.887     0.999982       149056     54613.33
      12.887     1.000000       149056          inf
#[Mean    =        3.430, StdDeviation   =        1.213]
#[Max     =       12.880, Total count    =       149056]
#[Buckets =           27, SubBuckets     =         2048]
----------------------------------------------------------
  149137 requests in 5.00s, 127.44MB read
Requests/sec:  29811.33
Transfer/sec:     25.47MB
Running 5s test @ http://127.0.0.1:8080
  1 threads and 50 connections
  Thread Stats   Avg      Stdev     99%   +/- Stdev
    Latency     4.73ms    1.95ms  11.38ms   75.30%
    Req/Sec       -nan      -nan   0.00      0.00%
  Latency Distribution (HdrHistogram - Recorded Latency)
 50.000%    4.28ms
 75.000%    5.83ms
 90.000%    7.06ms
 99.000%   11.38ms
 99.900%   15.01ms
 99.990%   17.69ms
 99.999%   19.65ms
100.000%   19.65ms

  Detailed Percentile spectrum:
       Value   Percentile   TotalCount 1/(1-Percentile)

       0.257     0.000000            1         1.00
       2.703     0.100000        17426         1.11
       3.167     0.200000        34828         1.25
       3.507     0.300000        52150         1.43
       3.821     0.400000        69560         1.67
       4.279     0.500000        86927         2.00
       4.639     0.550000        95611         2.22
       4.991     0.600000       104320         2.50
       5.303     0.650000       113093         2.86
       5.571     0.700000       121716         3.33
       5.827     0.750000       130402         4.00
       5.967     0.775000       134776         4.44
       6.123     0.800000       139088         5.00
       6.315     0.825000       143407         5.71
       6.523     0.850000       147722         6.67
       6.751     0.875000       152055         8.00
       6.899     0.887500       154284         8.89
       7.063     0.900000       156431        10.00
       7.283     0.912500       158603        11.43
       7.523     0.925000       160767        13.33
       7.791     0.937500       162927        16.00
       7.959     0.943750       164019        17.78
       8.155     0.950000       165108        20.00
       8.375     0.956250       166187        22.86
       8.615     0.962500       167279        26.67
       8.919     0.968750       168354        32.00
       9.127     0.971875       168886        35.56
       9.351     0.975000       169428        40.00
       9.679     0.978125       169970        45.71
      10.007     0.981250       170521        53.33
      10.383     0.984375       171058        64.00
      10.647     0.985938       171334        71.11
      10.879     0.987500       171601        80.00
      11.127     0.989062       171870        91.43
      11.559     0.990625       172145       106.67
      11.943     0.992188       172415       128.00
      12.303     0.992969       172552       142.22
      12.655     0.993750       172688       160.00
      12.839     0.994531       172823       182.86
      13.055     0.995313       172958       213.33
      13.223     0.996094       173093       256.00
      13.343     0.996484       173166       284.44
      13.471     0.996875       173231       320.00
      13.663     0.997266       173297       365.71
      13.975     0.997656       173363       426.67
      14.319     0.998047       173431       512.00
      14.439     0.998242       173465       568.89
      14.575     0.998437       173501       640.00
      14.671     0.998633       173534       731.43
      14.823     0.998828       173569       853.33
      15.007     0.999023       173602      1024.00
      15.127     0.999121       173619      1137.78
      15.159     0.999219       173635      1280.00
      15.463     0.999316       173652      1462.86
      16.079     0.999414       173670      1706.67
      16.327     0.999512       173687      2048.00
      16.447     0.999561       173697      2275.56
      16.719     0.999609       173707      2560.00
      16.927     0.999658       173713      2925.71
      17.039     0.999707       173722      3413.33
      17.103     0.999756       173729      4096.00
      17.295     0.999780       173732      4551.11
      17.359     0.999805       173739      5120.00
      17.439     0.999829       173741      5851.43
      17.567     0.999854       173745      6826.67
      17.631     0.999878       173749      8192.00
      17.679     0.999890       173752      9102.22
      17.727     0.999902       173754     10240.00
      17.855     0.999915       173756     11702.86
      17.887     0.999927       173758     13653.33
      17.935     0.999939       173760     16384.00
      17.951     0.999945       173762     18204.44
      17.951     0.999951       173762     20480.00
      18.015     0.999957       173763     23405.71
      18.047     0.999963       173764     27306.67
      18.063     0.999969       173765     32768.00
      18.079     0.999973       173766     36408.89
      18.079     0.999976       173766     40960.00
      19.599     0.999979       173767     46811.43
      19.599     0.999982       173767     54613.33
      19.647     0.999985       173770     65536.00
      19.647     1.000000       173770          inf
#[Mean    =        4.731, StdDeviation   =        1.947]
#[Max     =       19.632, Total count    =       173770]
#[Buckets =           27, SubBuckets     =         2048]
----------------------------------------------------------
  173773 requests in 5.00s, 148.49MB read
Requests/sec:  34752.95
Transfer/sec:     29.70MB
Running 5s test @ http://127.0.0.1:8080
  1 threads and 50 connections
  Thread Stats   Avg      Stdev     99%   +/- Stdev
    Latency    11.28ms    8.36ms  42.40ms   83.84%
    Req/Sec       -nan      -nan   0.00      0.00%
  Latency Distribution (HdrHistogram - Recorded Latency)
 50.000%    8.53ms
 75.000%   14.19ms
 90.000%   22.35ms
 99.000%   42.40ms
 99.900%   54.78ms
 99.990%   59.39ms
 99.999%   60.26ms
100.000%   60.45ms

  Detailed Percentile spectrum:
       Value   Percentile   TotalCount 1/(1-Percentile)

       0.224     0.000000            1         1.00
       3.899     0.100000        19837         1.11
       5.315     0.200000        39660         1.25
       6.287     0.300000        59519         1.43
       7.319     0.400000        79338         1.67
       8.527     0.500000        99190         2.00
       9.183     0.550000       109094         2.22
      10.239     0.600000       118978         2.50
      11.399     0.650000       128873         2.86
      12.455     0.700000       138780         3.33
      14.191     0.750000       148701         4.00
      14.935     0.775000       153659         4.44
      15.887     0.800000       158602         5.00
      17.135     0.825000       163581         5.71
      18.415     0.850000       168509         6.67
      20.127     0.875000       173487         8.00
      21.183     0.887500       175930         8.89
      22.351     0.900000       178414        10.00
      23.583     0.912500       180904        11.43
      25.231     0.925000       183380        13.33
      27.007     0.937500       185851        16.00
      27.999     0.943750       187092        17.78
      29.231     0.950000       188332        20.00
      30.319     0.956250       189558        22.86
      31.535     0.962500       190803        26.67
      33.119     0.968750       192057        32.00
      33.663     0.971875       192654        35.56
      35.071     0.975000       193286        40.00
      36.159     0.978125       193906        45.71
      37.471     0.981250       194518        53.33
      38.783     0.984375       195134        64.00
      39.519     0.985938       195450        71.11
      40.863     0.987500       195757        80.00
      41.919     0.989062       196067        91.43
      42.815     0.990625       196373       106.67
      44.703     0.992188       196684       128.00
      45.279     0.992969       196847       142.22
      45.823     0.993750       196991       160.00
      46.975     0.994531       197145       182.86
      48.127     0.995313       197302       213.33
      49.183     0.996094       197455       256.00
      49.727     0.996484       197535       284.44
      50.207     0.996875       197614       320.00
      50.847     0.997266       197689       365.71
      51.423     0.997656       197766       426.67
      52.511     0.998047       197847       512.00
      52.799     0.998242       197882       568.89
      53.023     0.998437       197922       640.00
      53.439     0.998633       197959       731.43
      53.951     0.998828       198001       853.33
      54.847     0.999023       198041      1024.00
      55.135     0.999121       198061      1137.78
      55.359     0.999219       198076      1280.00
      55.455     0.999316       198100      1462.86
      55.583     0.999414       198115      1706.67
      55.743     0.999512       198134      2048.00
      55.807     0.999561       198144      2275.56
      55.935     0.999609       198153      2560.00
      56.095     0.999658       198164      2925.71
      56.255     0.999707       198171      3413.33
      56.415     0.999756       198185      4096.00
      56.447     0.999780       198186      4551.11
      56.511     0.999805       198191      5120.00
      56.735     0.999829       198196      5851.43
      58.239     0.999854       198200      6826.67
      59.263     0.999878       198206      8192.00
      59.295     0.999890       198208      9102.22
      59.423     0.999902       198210     10240.00
      59.615     0.999915       198213     11702.86
      59.743     0.999927       198215     13653.33
      59.839     0.999939       198217     16384.00
      59.903     0.999945       198220     18204.44
      59.903     0.999951       198220     20480.00
      59.935     0.999957       198221     23405.71
      60.031     0.999963       198222     27306.67
      60.127     0.999969       198224     32768.00
      60.127     0.999973       198224     36408.89
      60.223     0.999976       198226     40960.00
      60.223     0.999979       198226     46811.43
      60.223     0.999982       198226     54613.33
      60.223     0.999985       198226     65536.00
      60.255     0.999986       198227     72817.78
      60.255     0.999988       198227     81920.00
      60.255     0.999989       198227     93622.86
      60.351     0.999991       198228    109226.67
      60.351     0.999992       198228    131072.00
      60.351     0.999993       198228    145635.56
      60.351     0.999994       198228    163840.00
      60.351     0.999995       198228    187245.71
      60.447     0.999995       198229    218453.33
      60.447     1.000000       198229          inf
#[Mean    =       11.277, StdDeviation   =        8.364]
#[Max     =       60.416, Total count    =       198229]
#[Buckets =           27, SubBuckets     =         2048]
----------------------------------------------------------
  198265 requests in 5.00s, 169.43MB read
Requests/sec:  39653.13
Transfer/sec:     33.89MB
Running 5s test @ http://127.0.0.1:8080
  1 threads and 50 connections
  Thread Stats   Avg      Stdev     99%   +/- Stdev
    Latency   104.16ms  128.02ms 443.65ms   81.25%
    Req/Sec       -nan      -nan   0.00      0.00%
  Latency Distribution (HdrHistogram - Recorded Latency)
 50.000%   27.39ms
 75.000%  176.77ms
 90.000%  314.11ms
 99.000%  443.65ms
 99.900%  453.38ms
 99.990%  456.70ms
 99.999%  457.47ms
100.000%  457.47ms

  Detailed Percentile spectrum:
       Value   Percentile   TotalCount 1/(1-Percentile)

       0.210     0.000000            1         1.00
       5.675     0.100000        21781         1.11
       7.543     0.200000        43483         1.25
       9.591     0.300000        65229         1.43
      14.151     0.400000        86947         1.67
      27.391     0.500000       108659         2.00
      45.183     0.550000       119528         2.22
      74.111     0.600000       130396         2.50
     104.895     0.650000       141262         2.86
     148.991     0.700000       152160         3.33
     176.767     0.750000       162996         4.00
     191.231     0.775000       168436         4.44
     213.887     0.800000       173869         5.00
     245.759     0.825000       179283         5.71
     286.719     0.850000       184777         6.67
     294.911     0.875000       190264         8.00
     300.799     0.887500       192899         8.89
     314.111     0.900000       195581        10.00
     327.679     0.912500       198307        11.43
     342.271     0.925000       201028        13.33
     361.215     0.937500       203741        16.00
     374.783     0.943750       205091        17.78
     381.695     0.950000       206446        20.00
     387.583     0.956250       207829        22.86
     405.759     0.962500       209173        26.67
     417.279     0.968750       210532        32.00
     420.607     0.971875       211239        35.56
     423.679     0.975000       211911        40.00
     426.751     0.978125       212666        45.71
     430.079     0.981250       213278        53.33
     434.175     0.984375       213938        64.00
     437.247     0.985938       214272        71.11
     440.063     0.987500       214614        80.00
     442.623     0.989062       214949        91.43
     444.159     0.990625       215346       106.67
     445.695     0.992188       215626       128.00
     446.463     0.992969       215791       142.22
     447.231     0.993750       216066       160.00
     447.487     0.994531       216184       182.86
     447.999     0.995313       216343       213.33
     449.023     0.996094       216482       256.00
     449.535     0.996484       216583       284.44
     450.047     0.996875       216660       320.00
     450.303     0.997266       216724       365.71
     451.071     0.997656       216828       426.67
     451.583     0.998047       216912       512.00
     451.839     0.998242       216952       568.89
     452.095     0.998437       216978       640.00
     452.351     0.998633       217018       731.43
     452.863     0.998828       217062       853.33
     453.631     0.999023       217140      1024.00
     453.631     0.999121       217140      1137.78
     453.887     0.999219       217170      1280.00
     453.887     0.999316       217170      1462.86
     454.143     0.999414       217202      1706.67
     454.399     0.999512       217212      2048.00
     454.655     0.999561       217225      2275.56
     454.911     0.999609       217233      2560.00
     455.167     0.999658       217251      2925.71
     455.167     0.999707       217251      3413.33
     455.423     0.999756       217269      4096.00
     455.423     0.999780       217269      4551.11
     455.423     0.999805       217269      5120.00
     455.679     0.999829       217283      5851.43
     455.679     0.999854       217283      6826.67
     456.703     0.999878       217290      8192.00
     456.703     0.999890       217290      9102.22
     456.703     0.999902       217290     10240.00
     456.959     0.999915       217298     11702.86
     456.959     0.999927       217298     13653.33
     456.959     0.999939       217298     16384.00
     457.215     0.999945       217303     18204.44
     457.215     0.999951       217303     20480.00
     457.215     0.999957       217303     23405.71
     457.471     0.999963       217311     27306.67
     457.471     1.000000       217311          inf
#[Mean    =      104.157, StdDeviation   =      128.022]
#[Max     =      457.216, Total count    =       217311]
#[Buckets =           27, SubBuckets     =         2048]
----------------------------------------------------------
  217433 requests in 5.00s, 185.81MB read
Requests/sec:  43477.68
Transfer/sec:     37.15MB
Running 5s test @ http://127.0.0.1:8080
  1 threads and 50 connections
  Thread Stats   Avg      Stdev     99%   +/- Stdev
    Latency   246.96ms  288.77ms   1.10s    86.06%
    Req/Sec       -nan      -nan   0.00      0.00%
  Latency Distribution (HdrHistogram - Recorded Latency)
 50.000%  130.05ms
 75.000%  290.82ms
 90.000%  825.34ms
 99.000%    1.10s 
 99.900%    1.10s 
 99.990%    1.11s 
 99.999%    1.11s 
100.000%    1.11s 

  Detailed Percentile spectrum:
       Value   Percentile   TotalCount 1/(1-Percentile)

       0.197     0.000000            1         1.00
      36.543     0.100000        22450         1.11
      62.687     0.200000        44819         1.25
      81.919     0.300000        67239         1.43
     106.431     0.400000        89648         1.67
     130.047     0.500000       112071         2.00
     141.951     0.550000       123363         2.22
     153.087     0.600000       134506         2.50
     169.855     0.650000       145715         2.86
     209.663     0.700000       156893         3.33
     290.815     0.750000       168114         4.00
     313.599     0.775000       173698         4.44
     361.215     0.800000       179299         5.00
     416.255     0.825000       184885         5.71
     520.959     0.850000       190491         6.67
     590.847     0.875000       196080         8.00
     696.319     0.887500       198890         8.89
     825.343     0.900000       201690        10.00
     897.023     0.912500       204550        11.43
     914.943     0.925000       207375        13.33
     939.519     0.937500       210123        16.00
     969.727     0.943750       211499        17.78
    1005.055     0.950000       212924        20.00
    1022.463     0.956250       214298        22.86
    1032.191     0.962500       215740        26.67
    1044.991     0.968750       217117        32.00
    1054.719     0.971875       217825        35.56
    1063.935     0.975000       218491        40.00
    1072.127     0.978125       219232        45.71
    1081.343     0.981250       219977        53.33
    1089.535     0.984375       220666        64.00
    1092.607     0.985938       220940        71.11
    1094.655     0.987500       221298        80.00
    1096.703     0.989062       221668        91.43
    1098.751     0.990625       222284       106.67
    1099.775     0.992188       222744       128.00
    1099.775     0.992969       222744       142.22
    1099.775     0.993750       222744       160.00
    1100.799     0.994531       223028       182.86
    1101.823     0.995313       223279       213.33
    1101.823     0.996094       223279       256.00
    1102.847     0.996484       223471       284.44
    1102.847     0.996875       223471       320.00
    1103.871     0.997266       223776       365.71
    1103.871     0.997656       223776       426.67
    1103.871     0.998047       223776       512.00
    1103.871     0.998242       223776       568.89
    1103.871     0.998437       223776       640.00
    1104.895     0.998633       223973       731.43
    1104.895     0.998828       223973       853.33
    1104.895     0.999023       223973      1024.00
    1104.895     0.999121       223973      1137.78
    1104.895     0.999219       223973      1280.00
    1104.895     0.999316       223973      1462.86
    1104.895     0.999414       223973      1706.67
    1105.919     0.999512       224051      2048.00
    1105.919     0.999561       224051      2275.56
    1105.919     0.999609       224051      2560.00
    1105.919     0.999658       224051      2925.71
    1105.919     0.999707       224051      3413.33
    1105.919     0.999756       224051      4096.00
    1105.919     0.999780       224051      4551.11
    1105.919     0.999805       224051      5120.00
    1106.943     0.999829       224069      5851.43
    1106.943     0.999854       224069      6826.67
    1106.943     0.999878       224069      8192.00
    1106.943     0.999890       224069      9102.22
    1107.967     0.999902       224090     10240.00
    1107.967     0.999915       224090     11702.86
    1107.967     0.999927       224090     13653.33
    1107.967     0.999939       224090     16384.00
    1107.967     0.999945       224090     18204.44
    1107.967     0.999951       224090     20480.00
    1107.967     0.999957       224090     23405.71
    1107.967     0.999963       224090     27306.67
    1107.967     0.999969       224090     32768.00
    1107.967     0.999973       224090     36408.89
    1107.967     0.999976       224090     40960.00
    1107.967     0.999979       224090     46811.43
    1107.967     0.999982       224090     54613.33
    1107.967     0.999985       224090     65536.00
    1107.967     0.999986       224090     72817.78
    1107.967     0.999988       224090     81920.00
    1107.967     0.999989       224090     93622.86
    1107.967     0.999991       224090    109226.67
    1107.967     0.999992       224090    131072.00
    1107.967     0.999993       224090    145635.56
    1107.967     0.999994       224090    163840.00
    1107.967     0.999995       224090    187245.71
    1107.967     0.999995       224090    218453.33
    1108.991     0.999996       224091    262144.00
    1108.991     1.000000       224091          inf
#[Mean    =      246.963, StdDeviation   =      288.770]
#[Max     =     1107.968, Total count    =       224091]
#[Buckets =           27, SubBuckets     =         2048]
----------------------------------------------------------
  224099 requests in 5.00s, 191.51MB read
Requests/sec:  44796.36
Transfer/sec:     38.28MB
