Running 10s test @ http://localhost:8080/wrk2-api/review/compose
  1 threads and 100 connections
  Thread Stats   Avg      Stdev     99%   +/- Stdev
    Latency     9.47ms   91.72ms 371.71ms   98.59%
    Req/Sec       -nan      -nan   0.00      0.00%
  Latency Distribution (HdrHistogram - Recorded Latency)
 50.000%  269.00us
 75.000%  453.00us
 90.000%  591.00us
 99.000%  371.71ms
 99.900%    1.29s 
 99.990%    2.08s 
 99.999%    2.08s 
100.000%    2.08s 

  Detailed Percentile spectrum:
       Value   Percentile   TotalCount 1/(1-Percentile)

       0.171     0.000000            1         1.00
       0.206     0.100000          211         1.11
       0.228     0.200000          406         1.25
       0.247     0.300000          616         1.43
       0.255     0.400000          797         1.67
       0.269     0.500000         1007         2.00
       0.278     0.550000         1098         2.22
       0.293     0.600000         1194         2.50
       0.326     0.650000         1290         2.86
       0.373     0.700000         1389         3.33
       0.453     0.750000         1489         4.00
       0.478     0.775000         1539         4.44
       0.493     0.800000         1588         5.00
       0.508     0.825000         1638         5.71
       0.522     0.850000         1689         6.67
       0.551     0.875000         1736         8.00
       0.569     0.887500         1761         8.89
       0.591     0.900000         1786        10.00
       0.631     0.912500         1811        11.43
       0.672     0.925000         1836        13.33
       0.763     0.937500         1860        16.00
       0.791     0.943750         1873        17.78
       0.807     0.950000         1885        20.00
       0.830     0.956250         1898        22.86
       0.864     0.962500         1910        26.67
       0.937     0.968750         1922        32.00
       0.999     0.971875         1929        35.56
       1.077     0.975000         1935        40.00
       1.277     0.978125         1941        45.71
       1.596     0.981250         1947        53.33
      61.247     0.984375         1953        64.00
     126.271     0.985938         1957        71.11
     217.855     0.987500         1960        80.00
     320.255     0.989062         1963        91.43
     390.655     0.990625         1966       106.67
     467.199     0.992188         1969       128.00
     555.007     0.992969         1971       142.22
     573.951     0.993750         1972       160.00
     589.823     0.994531         1974       182.86
     666.111     0.995313         1975       213.33
     774.655     0.996094         1977       256.00
     794.111     0.996484         1978       284.44
     794.111     0.996875         1978       320.00
     822.271     0.997266         1979       365.71
     922.111     0.997656         1980       426.67
    1147.903     0.998047         1981       512.00
    1147.903     0.998242         1981       568.89
    1147.903     0.998437         1981       640.00
    1291.263     0.998633         1982       731.43
    1291.263     0.998828         1982       853.33
    1667.071     0.999023         1983      1024.00
    1667.071     0.999121         1983      1137.78
    1667.071     0.999219         1983      1280.00
    1667.071     0.999316         1983      1462.86
    1667.071     0.999414         1983      1706.67
    2077.695     0.999512         1984      2048.00
    2077.695     1.000000         1984          inf
#[Mean    =        9.468, StdDeviation   =       91.716]
#[Max     =     2076.672, Total count    =         1984]
#[Buckets =           27, SubBuckets     =         2048]
----------------------------------------------------------
  1985 requests in 10.01s, 692.04KB read
  Socket errors: connect 0, read 0, write 0, timeout 5
  Non-2xx or 3xx responses: 1985
Requests/sec:    198.38
Transfer/sec:     69.16KB
Running 10s test @ http://localhost:8080/wrk2-api/review/compose
  1 threads and 100 connections
  Thread Stats   Avg      Stdev     99%   +/- Stdev
    Latency     8.85ms   66.27ms 380.42ms   97.85%
    Req/Sec       -nan      -nan   0.00      0.00%
  Latency Distribution (HdrHistogram - Recorded Latency)
 50.000%  289.00us
 75.000%  497.00us
 90.000%  752.00us
 99.000%  380.42ms
 99.900%  809.98ms
 99.990%    1.11s 
 99.999%    1.11s 
100.000%    1.11s 

  Detailed Percentile spectrum:
       Value   Percentile   TotalCount 1/(1-Percentile)

       0.172     0.000000            1         1.00
       0.205     0.100000          316         1.11
       0.225     0.200000          597         1.25
       0.244     0.300000          897         1.43
       0.263     0.400000         1191         1.67
       0.289     0.500000         1490         2.00
       0.320     0.550000         1636         2.22
       0.367     0.600000         1786         2.50
       0.419     0.650000         1935         2.86
       0.468     0.700000         2085         3.33
       0.497     0.750000         2235         4.00
       0.510     0.775000         2307         4.44
       0.531     0.800000         2382         5.00
       0.564     0.825000         2454         5.71
       0.609     0.850000         2530         6.67
       0.654     0.875000         2605         8.00
       0.701     0.887500         2640         8.89
       0.752     0.900000         2677        10.00
       0.785     0.912500         2714        11.43
       0.826     0.925000         2751        13.33
       0.891     0.937500         2789        16.00
       0.922     0.943750         2807        17.78
       0.959     0.950000         2826        20.00
       1.012     0.956250         2845        22.86
       1.098     0.962500         2863        26.67
       1.256     0.968750         2882        32.00
       1.408     0.971875         2891        35.56
       2.177     0.975000         2900        40.00
      55.967     0.978125         2909        45.71
     127.167     0.981250         2919        53.33
     191.743     0.984375         2928        64.00
     247.551     0.985938         2933        71.11
     310.271     0.987500         2938        80.00
     370.687     0.989062         2942        91.43
     431.871     0.990625         2947       106.67
     449.535     0.992188         2951       128.00
     499.967     0.992969         2954       142.22
     513.535     0.993750         2956       160.00
     529.407     0.994531         2958       182.86
     584.703     0.995313         2961       213.33
     597.503     0.996094         2963       256.00
     620.031     0.996484         2964       284.44
     651.263     0.996875         2965       320.00
     659.967     0.997266         2966       365.71
     709.631     0.997656         2968       426.67
     727.551     0.998047         2969       512.00
     727.551     0.998242         2969       568.89
     739.839     0.998437         2970       640.00
     739.839     0.998633         2970       731.43
     809.983     0.998828         2971       853.33
     811.007     0.999023         2972      1024.00
     811.007     0.999121         2972      1137.78
     811.007     0.999219         2972      1280.00
     811.007     0.999316         2972      1462.86
     988.671     0.999414         2973      1706.67
     988.671     0.999512         2973      2048.00
     988.671     0.999561         2973      2275.56
     988.671     0.999609         2973      2560.00
     988.671     0.999658         2973      2925.71
    1112.063     0.999707         2974      3413.33
    1112.063     1.000000         2974          inf
#[Mean    =        8.849, StdDeviation   =       66.269]
#[Max     =     1111.040, Total count    =         2974]
#[Buckets =           27, SubBuckets     =         2048]
----------------------------------------------------------
  2975 requests in 10.00s, 1.01MB read
  Socket errors: connect 0, read 0, write 0, timeout 1
  Non-2xx or 3xx responses: 2975
Requests/sec:    297.48
Transfer/sec:    103.71KB
Running 10s test @ http://localhost:8080/wrk2-api/review/compose
  1 threads and 100 connections
  Thread Stats   Avg      Stdev     99%   +/- Stdev
    Latency    20.97ms  102.23ms 539.65ms   95.17%
    Req/Sec       -nan      -nan   0.00      0.00%
  Latency Distribution (HdrHistogram - Recorded Latency)
 50.000%  380.00us
 75.000%  638.00us
 90.000%    1.23ms
 99.000%  539.65ms
 99.900%    1.10s 
 99.990%    1.63s 
 99.999%    1.63s 
100.000%    1.63s 

  Detailed Percentile spectrum:
       Value   Percentile   TotalCount 1/(1-Percentile)

       0.173     0.000000            1         1.00
       0.212     0.100000          399         1.11
       0.244     0.200000          800         1.25
       0.268     0.300000         1192         1.43
       0.299     0.400000         1581         1.67
       0.380     0.500000         1976         2.00
       0.441     0.550000         2175         2.22
       0.485     0.600000         2374         2.50
       0.530     0.650000         2569         2.86
       0.568     0.700000         2767         3.33
       0.638     0.750000         2964         4.00
       0.674     0.775000         3064         4.44
       0.734     0.800000         3163         5.00
       0.816     0.825000         3261         5.71
       0.905     0.850000         3360         6.67
       1.017     0.875000         3458         8.00
       1.083     0.887500         3508         8.89
       1.228     0.900000         3557        10.00
       1.493     0.912500         3607        11.43
      15.271     0.925000         3656        13.33
      57.183     0.937500         3705        16.00
      77.759     0.943750         3730        17.78
     112.127     0.950000         3755        20.00
     148.991     0.956250         3780        22.86
     186.495     0.962500         3804        26.67
     229.247     0.968750         3829        32.00
     262.399     0.971875         3841        35.56
     299.775     0.975000         3854        40.00
     323.839     0.978125         3866        45.71
     358.911     0.981250         3878        53.33
     411.903     0.984375         3891        64.00
     471.807     0.985938         3897        71.11
     499.199     0.987500         3903        80.00
     527.871     0.989062         3909        91.43
     579.071     0.990625         3915       106.67
     694.783     0.992188         3922       128.00
     717.311     0.992969         3925       142.22
     729.087     0.993750         3928       160.00
     749.055     0.994531         3931       182.86
     770.559     0.995313         3934       213.33
     805.887     0.996094         3937       256.00
     816.639     0.996484         3939       284.44
     833.535     0.996875         3940       320.00
     864.255     0.997266         3942       365.71
     894.463     0.997656         3943       426.67
     927.743     0.998047         3945       512.00
     942.079     0.998242         3946       568.89
     942.079     0.998437         3946       640.00
    1073.151     0.998633         3947       731.43
    1103.871     0.998828         3948       853.33
    1126.399     0.999023         3949      1024.00
    1126.399     0.999121         3949      1137.78
    1126.399     0.999219         3949      1280.00
    1219.583     0.999316         3950      1462.86
    1219.583     0.999414         3950      1706.67
    1467.391     0.999512         3951      2048.00
    1467.391     0.999561         3951      2275.56
    1467.391     0.999609         3951      2560.00
    1467.391     0.999658         3951      2925.71
    1467.391     0.999707         3951      3413.33
    1634.303     0.999756         3952      4096.00
    1634.303     1.000000         3952          inf
#[Mean    =       20.970, StdDeviation   =      102.229]
#[Max     =     1633.280, Total count    =         3952]
#[Buckets =           27, SubBuckets     =         2048]
----------------------------------------------------------
  3954 requests in 10.00s, 1.35MB read
  Non-2xx or 3xx responses: 3954
Requests/sec:    395.39
Transfer/sec:    137.85KB
Running 10s test @ http://localhost:8080/wrk2-api/review/compose
  1 threads and 100 connections
  Thread Stats   Avg      Stdev     99%   +/- Stdev
    Latency    19.12ms   84.88ms 456.45ms   94.48%
    Req/Sec       -nan      -nan   0.00      0.00%
  Latency Distribution (HdrHistogram - Recorded Latency)
 50.000%  451.00us
 75.000%  769.00us
 90.000%    1.67ms
 99.000%  456.45ms
 99.900%  911.87ms
 99.990%    1.63s 
 99.999%    1.63s 
100.000%    1.63s 

  Detailed Percentile spectrum:
       Value   Percentile   TotalCount 1/(1-Percentile)

       0.177     0.000000            3         1.00
       0.217     0.100000          493         1.11
       0.252     0.200000         1000         1.25
       0.282     0.300000         1483         1.43
       0.341     0.400000         1975         1.67
       0.451     0.500000         2466         2.00
       0.500     0.550000         2712         2.22
       0.546     0.600000         2960         2.50
       0.596     0.650000         3204         2.86
       0.652     0.700000         3452         3.33
       0.769     0.750000         3699         4.00
       0.828     0.775000         3820         4.44
       0.892     0.800000         3944         5.00
       0.959     0.825000         4068         5.71
       1.055     0.850000         4190         6.67
       1.247     0.875000         4313         8.00
       1.421     0.887500         4376         8.89
       1.674     0.900000         4437        10.00
      10.871     0.912500         4498        11.43
      52.863     0.925000         4560        13.33
      81.343     0.937500         4621        16.00
      99.711     0.943750         4652        17.78
     122.623     0.950000         4683        20.00
     154.111     0.956250         4714        22.86
     181.247     0.962500         4745        26.67
     209.407     0.968750         4775        32.00
     223.871     0.971875         4792        35.56
     239.615     0.975000         4806        40.00
     267.007     0.978125         4822        45.71
     304.127     0.981250         4837        53.33
     357.887     0.984375         4852        64.00
     373.503     0.985938         4860        71.11
     409.087     0.987500         4868        80.00
     443.391     0.989062         4876        91.43
     469.247     0.990625         4884       106.67
     502.527     0.992188         4891       128.00
     535.551     0.992969         4896       142.22
     549.375     0.993750         4899       160.00
     588.287     0.994531         4903       182.86
     605.695     0.995313         4906       213.33
     656.383     0.996094         4910       256.00
     670.719     0.996484         4912       284.44
     690.687     0.996875         4914       320.00
     695.295     0.997266         4916       365.71
     753.151     0.997656         4918       426.67
     762.879     0.998047         4920       512.00
     765.439     0.998242         4921       568.89
     793.087     0.998437         4922       640.00
     816.127     0.998633         4923       731.43
     911.871     0.998828         4924       853.33
     935.935     0.999023         4925      1024.00
     935.935     0.999121         4925      1137.78
     969.215     0.999219         4926      1280.00
     969.215     0.999316         4926      1462.86
    1097.727     0.999414         4927      1706.67
    1097.727     0.999512         4927      2048.00
    1097.727     0.999561         4927      2275.56
    1167.359     0.999609         4928      2560.00
    1167.359     0.999658         4928      2925.71
    1167.359     0.999707         4928      3413.33
    1167.359     0.999756         4928      4096.00
    1167.359     0.999780         4928      4551.11
    1628.159     0.999805         4929      5120.00
    1628.159     1.000000         4929          inf
#[Mean    =       19.117, StdDeviation   =       84.876]
#[Max     =     1627.136, Total count    =         4929]
#[Buckets =           27, SubBuckets     =         2048]
----------------------------------------------------------
  4930 requests in 10.00s, 1.68MB read
  Non-2xx or 3xx responses: 4930
Requests/sec:    492.98
Transfer/sec:    171.87KB
Running 10s test @ http://localhost:8080/wrk2-api/review/compose
  1 threads and 100 connections
  Thread Stats   Avg      Stdev     99%   +/- Stdev
    Latency    28.55ms  102.54ms 505.60ms   92.89%
    Req/Sec       -nan      -nan   0.00      0.00%
  Latency Distribution (HdrHistogram - Recorded Latency)
 50.000%  504.00us
 75.000%    0.91ms
 90.000%   66.75ms
 99.000%  505.60ms
 99.900%    1.01s 
 99.990%    1.29s 
 99.999%    1.30s 
100.000%    1.30s 

  Detailed Percentile spectrum:
       Value   Percentile   TotalCount 1/(1-Percentile)

       0.168     0.000000            1         1.00
       0.224     0.100000          596         1.11
       0.269     0.200000         1192         1.25
       0.316     0.300000         1779         1.43
       0.408     0.400000         2369         1.67
       0.504     0.500000         2960         2.00
       0.559     0.550000         3255         2.22
       0.615     0.600000         3548         2.50
       0.683     0.650000         3846         2.86
       0.787     0.700000         4138         3.33
       0.907     0.750000         4435         4.00
       0.979     0.775000         4583         4.44
       1.092     0.800000         4729         5.00
       1.299     0.825000         4878         5.71
       1.852     0.850000         5025         6.67
      24.031     0.875000         5173         8.00
      41.151     0.887500         5247         8.89
      66.751     0.900000         5320        10.00
      94.527     0.912500         5394        11.43
     122.879     0.925000         5468        13.33
     159.743     0.937500         5542        16.00
     180.863     0.943750         5579        17.78
     204.671     0.950000         5616        20.00
     237.311     0.956250         5653        22.86
     264.959     0.962500         5690        26.67
     305.151     0.968750         5727        32.00
     328.703     0.971875         5745        35.56
     353.279     0.975000         5765        40.00
     385.023     0.978125         5782        45.71
     406.527     0.981250         5801        53.33
     438.783     0.984375         5819        64.00
     456.191     0.985938         5828        71.11
     480.511     0.987500         5839        80.00
     499.967     0.989062         5847        91.43
     526.335     0.990625         5856       106.67
     565.759     0.992188         5865       128.00
     586.751     0.992969         5870       142.22
     615.423     0.993750         5875       160.00
     636.415     0.994531         5879       182.86
     693.759     0.995313         5884       213.33
     732.159     0.996094         5888       256.00
     740.863     0.996484         5891       284.44
     743.423     0.996875         5893       320.00
     770.559     0.997266         5895       365.71
     854.527     0.997656         5898       426.67
     926.719     0.998047         5900       512.00
     927.743     0.998242         5901       568.89
     954.367     0.998437         5902       640.00
     979.455     0.998633         5903       731.43
    1013.759     0.998828         5905       853.33
    1065.983     0.999023         5906      1024.00
    1065.983     0.999121         5906      1137.78
    1121.279     0.999219         5907      1280.00
    1121.279     0.999316         5907      1462.86
    1173.503     0.999414         5908      1706.67
    1200.127     0.999512         5909      2048.00
    1200.127     0.999561         5909      2275.56
    1200.127     0.999609         5909      2560.00
    1200.127     0.999658         5909      2925.71
    1286.143     0.999707         5910      3413.33
    1286.143     0.999756         5910      4096.00
    1286.143     0.999780         5910      4551.11
    1286.143     0.999805         5910      5120.00
    1286.143     0.999829         5910      5851.43
    1299.455     0.999854         5911      6826.67
    1299.455     1.000000         5911          inf
#[Mean    =       28.546, StdDeviation   =      102.541]
#[Max     =     1298.432, Total count    =         5911]
#[Buckets =           27, SubBuckets     =         2048]
----------------------------------------------------------
  5912 requests in 10.00s, 2.01MB read
  Non-2xx or 3xx responses: 5912
Requests/sec:    591.19
Transfer/sec:    206.11KB
Running 10s test @ http://localhost:8080/wrk2-api/review/compose
  1 threads and 100 connections
  Thread Stats   Avg      Stdev     99%   +/- Stdev
    Latency    30.36ms   92.39ms 472.58ms   91.38%
    Req/Sec       -nan      -nan   0.00      0.00%
  Latency Distribution (HdrHistogram - Recorded Latency)
 50.000%  598.00us
 75.000%    1.14ms
 90.000%  100.10ms
 99.000%  472.58ms
 99.900%  834.05ms
 99.990%    1.06s 
 99.999%    1.11s 
100.000%    1.11s 

  Detailed Percentile spectrum:
       Value   Percentile   TotalCount 1/(1-Percentile)

       0.181     0.000000            1         1.00
       0.241     0.100000          625         1.11
       0.298     0.200000         1249         1.25
       0.374     0.300000         1868         1.43
       0.493     0.400000         2490         1.67
       0.598     0.500000         3112         2.00
       0.656     0.550000         3425         2.22
       0.736     0.600000         3734         2.50
       0.839     0.650000         4043         2.86
       0.957     0.700000         4355         3.33
       1.142     0.750000         4666         4.00
       1.330     0.775000         4821         4.44
       1.673     0.800000         4977         5.00
       7.679     0.825000         5132         5.71
      36.895     0.850000         5289         6.67
      64.479     0.875000         5443         8.00
      81.215     0.887500         5521         8.89
     100.095     0.900000         5598        10.00
     119.423     0.912500         5676        11.43
     146.687     0.925000         5754        13.33
     177.919     0.937500         5832        16.00
     189.055     0.943750         5871        17.78
     209.663     0.950000         5909        20.00
     234.879     0.956250         5948        22.86
     258.303     0.962500         5987        26.67
     286.463     0.968750         6026        32.00
     304.383     0.971875         6048        35.56
     317.951     0.975000         6065        40.00
     339.455     0.978125         6084        45.71
     370.175     0.981250         6104        53.33
     401.407     0.984375         6123        64.00
     418.559     0.985938         6133        71.11
     438.527     0.987500         6143        80.00
     462.591     0.989062         6152        91.43
     483.071     0.990625         6162       106.67
     517.887     0.992188         6172       128.00
     535.551     0.992969         6177       142.22
     553.983     0.993750         6182       160.00
     566.783     0.994531         6186       182.86
     584.191     0.995313         6191       213.33
     593.919     0.996094         6196       256.00
     619.519     0.996484         6199       284.44
     637.951     0.996875         6201       320.00
     644.095     0.997266         6203       365.71
     660.991     0.997656         6206       426.67
     691.199     0.998047         6208       512.00
     714.751     0.998242         6210       568.89
     745.983     0.998437         6211       640.00
     799.743     0.998633         6212       731.43
     811.007     0.998828         6213       853.33
     834.047     0.999023         6214      1024.00
     861.695     0.999121         6215      1137.78
     883.199     0.999219         6216      1280.00
     883.199     0.999316         6216      1462.86
     903.679     0.999414         6217      1706.67
     903.679     0.999512         6217      2048.00
    1025.023     0.999561         6218      2275.56
    1025.023     0.999609         6218      2560.00
    1025.023     0.999658         6218      2925.71
    1055.743     0.999707         6219      3413.33
    1055.743     0.999756         6219      4096.00
    1055.743     0.999780         6219      4551.11
    1055.743     0.999805         6219      5120.00
    1055.743     0.999829         6219      5851.43
    1114.111     0.999854         6220      6826.67
    1114.111     1.000000         6220          inf
#[Mean    =       30.359, StdDeviation   =       92.394]
#[Max     =     1113.088, Total count    =         6220]
#[Buckets =           27, SubBuckets     =         2048]
----------------------------------------------------------
  6221 requests in 10.00s, 2.12MB read
  Non-2xx or 3xx responses: 6221
Requests/sec:    622.16
Transfer/sec:    216.91KB
Running 10s test @ http://localhost:8080/wrk2-api/review/compose
  1 threads and 100 connections
  Thread Stats   Avg      Stdev     99%   +/- Stdev
    Latency    44.44ms  101.98ms 458.75ms   88.78%
    Req/Sec       -nan      -nan   0.00      0.00%
  Latency Distribution (HdrHistogram - Recorded Latency)
 50.000%  754.00us
 75.000%   32.96ms
 90.000%  161.28ms
 99.000%  458.75ms
 99.900%  866.30ms
 99.990%    1.17s 
 99.999%    1.23s 
100.000%    1.23s 

  Detailed Percentile spectrum:
       Value   Percentile   TotalCount 1/(1-Percentile)

       0.170     0.000000            1         1.00
       0.264     0.100000          793         1.11
       0.338     0.200000         1573         1.25
       0.475     0.300000         2366         1.43
       0.598     0.400000         3147         1.67
       0.754     0.500000         3933         2.00
       0.877     0.550000         4325         2.22
       1.022     0.600000         4717         2.50
       1.321     0.650000         5109         2.86
       6.075     0.700000         5502         3.33
      32.959     0.750000         5895         4.00
      48.639     0.775000         6092         4.44
      64.703     0.800000         6288         5.00
      82.687     0.825000         6486         5.71
     104.383     0.850000         6681         6.67
     132.607     0.875000         6879         8.00
     146.303     0.887500         6977         8.89
     161.279     0.900000         7075        10.00
     180.863     0.912500         7174        11.43
     200.831     0.925000         7271        13.33
     227.455     0.937500         7369        16.00
     242.815     0.943750         7418        17.78
     257.919     0.950000         7467        20.00
     274.943     0.956250         7517        22.86
     290.559     0.962500         7566        26.67
     308.479     0.968750         7616        32.00
     324.351     0.971875         7639        35.56
     343.551     0.975000         7664        40.00
     364.799     0.978125         7689        45.71
     382.719     0.981250         7713        53.33
     407.807     0.984375         7738        64.00
     416.511     0.985938         7750        71.11
     430.335     0.987500         7762        80.00
     447.231     0.989062         7775        91.43
     465.663     0.990625         7787       106.67
     498.175     0.992188         7799       128.00
     512.255     0.992969         7805       142.22
     524.799     0.993750         7811       160.00
     542.207     0.994531         7818       182.86
     579.583     0.995313         7824       213.33
     617.983     0.996094         7830       256.00
     655.359     0.996484         7833       284.44
     683.519     0.996875         7836       320.00
     729.599     0.997266         7839       365.71
     753.663     0.997656         7842       426.67
     761.855     0.998047         7845       512.00
     828.927     0.998242         7847       568.89
     831.999     0.998437         7848       640.00
     835.583     0.998633         7850       731.43
     839.167     0.998828         7851       853.33
     869.375     0.999023         7853      1024.00
     887.807     0.999121         7854      1137.78
     887.807     0.999219         7854      1280.00
     946.175     0.999316         7855      1462.86
     966.143     0.999414         7856      1706.67
    1047.551     0.999512         7857      2048.00
    1047.551     0.999561         7857      2275.56
    1047.551     0.999609         7857      2560.00
    1067.007     0.999658         7858      2925.71
    1067.007     0.999707         7858      3413.33
    1173.503     0.999756         7859      4096.00
    1173.503     0.999780         7859      4551.11
    1173.503     0.999805         7859      5120.00
    1173.503     0.999829         7859      5851.43
    1173.503     0.999854         7859      6826.67
    1230.847     0.999878         7860      8192.00
    1230.847     1.000000         7860          inf
#[Mean    =       44.442, StdDeviation   =      101.982]
#[Max     =     1229.824, Total count    =         7860]
#[Buckets =           27, SubBuckets     =         2048]
----------------------------------------------------------
  7861 requests in 10.00s, 2.68MB read
  Non-2xx or 3xx responses: 7861
Requests/sec:    786.15
Transfer/sec:    274.08KB
Running 10s test @ http://localhost:8080/wrk2-api/review/compose
  1 threads and 100 connections
  Thread Stats   Avg      Stdev     99%   +/- Stdev
    Latency    53.33ms  108.92ms 501.25ms   87.97%
    Req/Sec       -nan      -nan   0.00      0.00%
  Latency Distribution (HdrHistogram - Recorded Latency)
 50.000%    0.98ms
 75.000%   58.14ms
 90.000%  188.29ms
 99.000%  501.25ms
 99.900%  821.25ms
 99.990%    1.19s 
 99.999%    1.20s 
100.000%    1.20s 

  Detailed Percentile spectrum:
       Value   Percentile   TotalCount 1/(1-Percentile)

       0.173     0.000000            1         1.00
       0.286     0.100000          888         1.11
       0.426     0.200000         1767         1.25
       0.566     0.300000         2648         1.43
       0.732     0.400000         3529         1.67
       0.976     0.500000         4412         2.00
       1.171     0.550000         4852         2.22
       1.660     0.600000         5293         2.50
       9.743     0.650000         5734         2.86
      32.319     0.700000         6175         3.33
      58.143     0.750000         6618         4.00
      73.087     0.775000         6837         4.44
      89.855     0.800000         7057         5.00
     109.247     0.825000         7278         5.71
     130.111     0.850000         7498         6.67
     155.391     0.875000         7719         8.00
     170.367     0.887500         7830         8.89
     188.287     0.900000         7939        10.00
     207.231     0.912500         8050        11.43
     228.223     0.925000         8160        13.33
     253.695     0.937500         8271        16.00
     264.447     0.943750         8325        17.78
     278.271     0.950000         8380        20.00
     300.799     0.956250         8436        22.86
     317.439     0.962500         8491        26.67
     340.223     0.968750         8546        32.00
     358.399     0.971875         8573        35.56
     382.463     0.975000         8602        40.00
     398.591     0.978125         8629        45.71
     418.303     0.981250         8656        53.33
     444.927     0.984375         8684        64.00
     457.983     0.985938         8698        71.11
     467.199     0.987500         8711        80.00
     483.839     0.989062         8725        91.43
     512.255     0.990625         8740       106.67
     540.159     0.992188         8753       128.00
     544.767     0.992969         8759       142.22
     569.855     0.993750         8766       160.00
     583.167     0.994531         8774       182.86
     597.503     0.995313         8780       213.33
     626.175     0.996094         8787       256.00
     644.095     0.996484         8790       284.44
     655.871     0.996875         8795       320.00
     672.255     0.997266         8797       365.71
     680.959     0.997656         8801       426.67
     719.359     0.998047         8804       512.00
     748.031     0.998242         8806       568.89
     763.903     0.998437         8808       640.00
     766.463     0.998633         8809       731.43
     797.183     0.998828         8811       853.33
     834.559     0.999023         8813      1024.00
     853.503     0.999121         8814      1137.78
     856.063     0.999219         8815      1280.00
     856.063     0.999316         8815      1462.86
     872.959     0.999414         8816      1706.67
     926.207     0.999512         8817      2048.00
    1128.447     0.999561         8818      2275.56
    1128.447     0.999609         8818      2560.00
    1128.447     0.999658         8818      2925.71
    1174.527     0.999707         8819      3413.33
    1174.527     0.999756         8819      4096.00
    1189.887     0.999780         8820      4551.11
    1189.887     0.999805         8820      5120.00
    1189.887     0.999829         8820      5851.43
    1189.887     0.999854         8820      6826.67
    1189.887     0.999878         8820      8192.00
    1198.079     0.999890         8821      9102.22
    1198.079     1.000000         8821          inf
#[Mean    =       53.327, StdDeviation   =      108.922]
#[Max     =     1197.056, Total count    =         8821]
#[Buckets =           27, SubBuckets     =         2048]
----------------------------------------------------------
  8822 requests in 10.00s, 3.00MB read
  Non-2xx or 3xx responses: 8822
Requests/sec:    882.27
Transfer/sec:    307.59KB
Running 10s test @ http://localhost:8080/wrk2-api/review/compose
  1 threads and 100 connections
  Thread Stats   Avg      Stdev     99%   +/- Stdev
    Latency    57.61ms  114.55ms 524.80ms   87.50%
    Req/Sec       -nan      -nan   0.00      0.00%
  Latency Distribution (HdrHistogram - Recorded Latency)
 50.000%    0.98ms
 75.000%   65.28ms
 90.000%  203.39ms
 99.000%  524.80ms
 99.900%  811.52ms
 99.990%  965.63ms
 99.999%  967.68ms
100.000%  967.68ms

  Detailed Percentile spectrum:
       Value   Percentile   TotalCount 1/(1-Percentile)

       0.179     0.000000            1         1.00
       0.302     0.100000          980         1.11
       0.448     0.200000         1949         1.25
       0.592     0.300000         2923         1.43
       0.749     0.400000         3900         1.67
       0.977     0.500000         4876         2.00
       1.173     0.550000         5360         2.22
       1.737     0.600000         5846         2.50
      12.007     0.650000         6333         2.86
      36.959     0.700000         6820         3.33
      65.279     0.750000         7307         4.00
      81.023     0.775000         7551         4.44
      99.583     0.800000         7796         5.00
     121.151     0.825000         8038         5.71
     143.871     0.850000         8281         6.67
     172.415     0.875000         8525         8.00
     185.599     0.887500         8648         8.89
     203.391     0.900000         8770        10.00
     223.743     0.912500         8890        11.43
     244.863     0.925000         9012        13.33
     277.247     0.937500         9135        16.00
     289.791     0.943750         9195        17.78
     305.919     0.950000         9255        20.00
     325.631     0.956250         9316        22.86
     345.855     0.962500         9377        26.67
     376.575     0.968750         9438        32.00
     387.071     0.971875         9469        35.56
     401.663     0.975000         9499        40.00
     420.863     0.978125         9529        45.71
     441.855     0.981250         9560        53.33
     469.503     0.984375         9590        64.00
     483.071     0.985938         9606        71.11
     498.943     0.987500         9621        80.00
     515.583     0.989062         9636        91.43
     530.431     0.990625         9651       106.67
     559.103     0.992188         9668       128.00
     564.223     0.992969         9674       142.22
     571.903     0.993750         9682       160.00
     585.727     0.994531         9689       182.86
     611.839     0.995313         9697       213.33
     646.655     0.996094         9704       256.00
     658.943     0.996484         9708       284.44
     686.591     0.996875         9712       320.00
     703.487     0.997266         9716       365.71
     727.039     0.997656         9720       426.67
     754.175     0.998047         9723       512.00
     785.407     0.998242         9725       568.89
     791.551     0.998437         9727       640.00
     806.911     0.998633         9730       731.43
     808.959     0.998828         9731       853.33
     815.103     0.999023         9733      1024.00
     828.927     0.999121         9734      1137.78
     838.143     0.999219         9735      1280.00
     840.191     0.999316         9736      1462.86
     877.567     0.999414         9737      1706.67
     891.391     0.999512         9738      2048.00
     891.391     0.999561         9738      2275.56
     944.639     0.999609         9739      2560.00
     944.639     0.999658         9739      2925.71
     951.807     0.999707         9740      3413.33
     951.807     0.999756         9740      4096.00
     951.807     0.999780         9740      4551.11
     965.631     0.999805         9741      5120.00
     965.631     0.999829         9741      5851.43
     965.631     0.999854         9741      6826.67
     965.631     0.999878         9741      8192.00
     965.631     0.999890         9741      9102.22
     967.679     0.999902         9742     10240.00
     967.679     1.000000         9742          inf
#[Mean    =       57.612, StdDeviation   =      114.553]
#[Max     =      967.168, Total count    =         9742]
#[Buckets =           27, SubBuckets     =         2048]
----------------------------------------------------------
  9746 requests in 10.00s, 3.32MB read
  Non-2xx or 3xx responses: 9746
Requests/sec:    974.70
Transfer/sec:    339.81KB
Running 10s test @ http://localhost:8080/wrk2-api/review/compose
  1 threads and 100 connections
  Thread Stats   Avg      Stdev     99%   +/- Stdev
    Latency    61.30ms  106.42ms 472.58ms   86.73%
    Req/Sec       -nan      -nan   0.00      0.00%
  Latency Distribution (HdrHistogram - Recorded Latency)
 50.000%    1.60ms
 75.000%   84.99ms
 90.000%  203.13ms
 99.000%  472.58ms
 99.900%  710.66ms
 99.990%  859.14ms
 99.999%  907.26ms
100.000%  907.26ms

  Detailed Percentile spectrum:
       Value   Percentile   TotalCount 1/(1-Percentile)

       0.171     0.000000            1         1.00
       0.348     0.100000         1073         1.11
       0.545     0.200000         2145         1.25
       0.726     0.300000         3218         1.43
       0.962     0.400000         4291         1.67
       1.601     0.500000         5360         2.00
       3.877     0.550000         5895         2.22
      19.327     0.600000         6431         2.50
      39.039     0.650000         6968         2.86
      60.799     0.700000         7504         3.33
      84.991     0.750000         8039         4.00
      99.711     0.775000         8307         4.44
     114.111     0.800000         8574         5.00
     130.879     0.825000         8843         5.71
     151.295     0.850000         9111         6.67
     176.127     0.875000         9378         8.00
     188.799     0.887500         9513         8.89
     203.135     0.900000         9646        10.00
     220.543     0.912500         9780        11.43
     240.383     0.925000         9914        13.33
     264.447     0.937500        10048        16.00
     278.015     0.943750        10115        17.78
     292.863     0.950000        10184        20.00
     307.967     0.956250        10250        22.86
     325.631     0.962500        10316        26.67
     351.231     0.968750        10384        32.00
     358.399     0.971875        10416        35.56
     369.663     0.975000        10450        40.00
     386.047     0.978125        10483        45.71
     406.015     0.981250        10517        53.33
     426.751     0.984375        10550        64.00
     438.015     0.985938        10567        71.11
     447.743     0.987500        10584        80.00
     460.543     0.989062        10600        91.43
     475.647     0.990625        10617       106.67
     495.871     0.992188        10634       128.00
     507.391     0.992969        10642       142.22
     530.943     0.993750        10651       160.00
     538.111     0.994531        10659       182.86
     547.839     0.995313        10667       213.33
     584.191     0.996094        10676       256.00
     596.479     0.996484        10680       284.44
     602.111     0.996875        10684       320.00
     619.519     0.997266        10688       365.71
     624.639     0.997656        10692       426.67
     641.023     0.998047        10697       512.00
     652.287     0.998242        10699       568.89
     658.943     0.998437        10701       640.00
     675.839     0.998633        10703       731.43
     709.119     0.998828        10705       853.33
     712.191     0.999023        10707      1024.00
     718.847     0.999121        10708      1137.78
     769.023     0.999219        10709      1280.00
     775.167     0.999316        10710      1462.86
     781.823     0.999414        10711      1706.67
     782.847     0.999512        10712      2048.00
     791.551     0.999561        10713      2275.56
     791.551     0.999609        10713      2560.00
     836.607     0.999658        10714      2925.71
     836.607     0.999707        10714      3413.33
     857.599     0.999756        10715      4096.00
     857.599     0.999780        10715      4551.11
     857.599     0.999805        10715      5120.00
     859.135     0.999829        10716      5851.43
     859.135     0.999854        10716      6826.67
     859.135     0.999878        10716      8192.00
     859.135     0.999890        10716      9102.22
     859.135     0.999902        10716     10240.00
     907.263     0.999915        10717     11702.86
     907.263     1.000000        10717          inf
#[Mean    =       61.303, StdDeviation   =      106.424]
#[Max     =      906.752, Total count    =        10717]
#[Buckets =           27, SubBuckets     =         2048]
----------------------------------------------------------
  10720 requests in 10.00s, 3.65MB read
  Non-2xx or 3xx responses: 10720
Requests/sec:   1071.94
Transfer/sec:    373.71KB
Running 10s test @ http://localhost:8080/wrk2-api/review/compose
  1 threads and 100 connections
  Thread Stats   Avg      Stdev     99%   +/- Stdev
    Latency    69.06ms  113.89ms 507.14ms   86.58%
    Req/Sec       -nan      -nan   0.00      0.00%
  Latency Distribution (HdrHistogram - Recorded Latency)
 50.000%    2.27ms
 75.000%   99.46ms
 90.000%  222.85ms
 99.000%  507.14ms
 99.900%  708.61ms
 99.990%  979.97ms
 99.999%    1.01s 
100.000%    1.01s 

  Detailed Percentile spectrum:
       Value   Percentile   TotalCount 1/(1-Percentile)

       0.179     0.000000            2         1.00
       0.415     0.100000         1172         1.11
       0.603     0.200000         2337         1.25
       0.807     0.300000         3503         1.43
       1.105     0.400000         4671         1.67
       2.271     0.500000         5838         2.00
      14.263     0.550000         6421         2.22
      32.575     0.600000         7006         2.50
      53.119     0.650000         7590         2.86
      74.431     0.700000         8172         3.33
      99.455     0.750000         8756         4.00
     113.279     0.775000         9048         4.44
     129.407     0.800000         9340         5.00
     149.503     0.825000         9632         5.71
     168.319     0.850000         9923         6.67
     193.023     0.875000        10216         8.00
     205.951     0.887500        10361         8.89
     222.847     0.900000        10507        10.00
     239.743     0.912500        10655        11.43
     258.303     0.925000        10799        13.33
     281.599     0.937500        10946        16.00
     294.399     0.943750        11020        17.78
     312.319     0.950000        11093        20.00
     331.775     0.956250        11164        22.86
     352.511     0.962500        11238        26.67
     377.599     0.968750        11310        32.00
     396.031     0.971875        11346        35.56
     406.271     0.975000        11384        40.00
     421.375     0.978125        11419        45.71
     440.831     0.981250        11456        53.33
     460.031     0.984375        11492        64.00
     473.343     0.985938        11512        71.11
     484.863     0.987500        11529        80.00
     496.895     0.989062        11547        91.43
     515.839     0.990625        11566       106.67
     543.743     0.992188        11583       128.00
     550.399     0.992969        11592       142.22
     558.591     0.993750        11602       160.00
     571.391     0.994531        11611       182.86
     583.679     0.995313        11620       213.33
     596.991     0.996094        11629       256.00
     604.159     0.996484        11633       284.44
     609.791     0.996875        11638       320.00
     630.271     0.997266        11643       365.71
     633.855     0.997656        11647       426.67
     654.847     0.998047        11652       512.00
     656.895     0.998242        11654       568.89
     659.455     0.998437        11656       640.00
     684.031     0.998633        11659       731.43
     698.879     0.998828        11661       853.33
     715.775     0.999023        11663      1024.00
     719.871     0.999121        11664      1137.78
     721.407     0.999219        11665      1280.00
     740.863     0.999316        11668      1462.86
     740.863     0.999414        11668      1706.67
     749.567     0.999512        11669      2048.00
     749.567     0.999561        11669      2275.56
     767.999     0.999609        11670      2560.00
     922.623     0.999658        11671      2925.71
     922.623     0.999707        11671      3413.33
     925.183     0.999756        11672      4096.00
     925.183     0.999780        11672      4551.11
     925.183     0.999805        11672      5120.00
     979.967     0.999829        11673      5851.43
     979.967     0.999854        11673      6826.67
     979.967     0.999878        11673      8192.00
     979.967     0.999890        11673      9102.22
     979.967     0.999902        11673     10240.00
    1013.247     0.999915        11674     11702.86
    1013.247     1.000000        11674          inf
#[Mean    =       69.064, StdDeviation   =      113.887]
#[Max     =     1012.736, Total count    =        11674]
#[Buckets =           27, SubBuckets     =         2048]
----------------------------------------------------------
  11676 requests in 10.00s, 3.98MB read
  Non-2xx or 3xx responses: 11676
Requests/sec:   1167.55
Transfer/sec:    407.04KB
Running 10s test @ http://localhost:8080/wrk2-api/review/compose
  1 threads and 100 connections
  Thread Stats   Avg      Stdev     99%   +/- Stdev
    Latency    85.68ms  124.63ms 556.54ms   86.45%
    Req/Sec       -nan      -nan   0.00      0.00%
  Latency Distribution (HdrHistogram - Recorded Latency)
 50.000%   27.58ms
 75.000%  129.60ms
 90.000%  250.75ms
 99.000%  556.54ms
 99.900%  791.55ms
 99.990%  967.17ms
 99.999%  982.02ms
100.000%  982.02ms

  Detailed Percentile spectrum:
       Value   Percentile   TotalCount 1/(1-Percentile)

       0.178     0.000000            1         1.00
       0.507     0.100000         1265         1.11
       0.761     0.200000         2526         1.25
       1.133     0.300000         3786         1.43
       2.541     0.400000         5047         1.67
      27.583     0.500000         6308         2.00
      44.415     0.550000         6938         2.22
      62.879     0.600000         7572         2.50
      81.983     0.650000         8201         2.86
     104.383     0.700000         8830         3.33
     129.599     0.750000         9463         4.00
     144.767     0.775000         9781         4.44
     159.487     0.800000        10092         5.00
     177.407     0.825000        10407         5.71
     197.503     0.850000        10722         6.67
     220.799     0.875000        11038         8.00
     235.391     0.887500        11196         8.89
     250.751     0.900000        11356        10.00
     270.079     0.912500        11512        11.43
     291.071     0.925000        11669        13.33
     314.879     0.937500        11828        16.00
     328.703     0.943750        11906        17.78
     346.623     0.950000        11984        20.00
     361.983     0.956250        12066        22.86
     381.695     0.962500        12142        26.67
     404.991     0.968750        12220        32.00
     419.071     0.971875        12262        35.56
     436.735     0.975000        12300        40.00
     455.679     0.978125        12339        45.71
     475.135     0.981250        12378        53.33
     497.919     0.984375        12417        64.00
     513.791     0.985938        12437        71.11
     525.823     0.987500        12457        80.00
     544.767     0.989062        12477        91.43
     568.831     0.990625        12497       106.67
     592.895     0.992188        12516       128.00
     603.135     0.992969        12526       142.22
     622.079     0.993750        12537       160.00
     642.047     0.994531        12546       182.86
     661.503     0.995313        12555       213.33
     671.743     0.996094        12565       256.00
     680.447     0.996484        12570       284.44
     692.735     0.996875        12575       320.00
     697.343     0.997266        12580       365.71
     715.775     0.997656        12585       426.67
     726.527     0.998047        12590       512.00
     744.447     0.998242        12592       568.89
     759.807     0.998437        12596       640.00
     765.951     0.998633        12598       731.43
     790.015     0.998828        12600       853.33
     795.135     0.999023        12602      1024.00
     808.959     0.999121        12603      1137.78
     826.879     0.999219        12605      1280.00
     835.071     0.999316        12606      1462.86
     839.167     0.999414        12607      1706.67
     842.751     0.999512        12608      2048.00
     855.551     0.999561        12609      2275.56
     857.087     0.999609        12610      2560.00
     857.087     0.999658        12610      2925.71
     869.375     0.999707        12611      3413.33
     869.375     0.999756        12611      4096.00
     873.983     0.999780        12612      4551.11
     873.983     0.999805        12612      5120.00
     873.983     0.999829        12612      5851.43
     967.167     0.999854        12613      6826.67
     967.167     0.999878        12613      8192.00
     967.167     0.999890        12613      9102.22
     967.167     0.999902        12613     10240.00
     967.167     0.999915        12613     11702.86
     982.015     0.999927        12614     13653.33
     982.015     1.000000        12614          inf
#[Mean    =       85.676, StdDeviation   =      124.633]
#[Max     =      981.504, Total count    =        12614]
#[Buckets =           27, SubBuckets     =         2048]
----------------------------------------------------------
  12618 requests in 10.00s, 4.30MB read
  Non-2xx or 3xx responses: 12618
Requests/sec:   1261.61
Transfer/sec:    439.84KB
Running 10s test @ http://localhost:8080/wrk2-api/review/compose
  1 threads and 100 connections
  Thread Stats   Avg      Stdev     99%   +/- Stdev
    Latency    83.96ms  117.89ms 507.65ms   85.56%
    Req/Sec       -nan      -nan   0.00      0.00%
  Latency Distribution (HdrHistogram - Recorded Latency)
 50.000%   30.93ms
 75.000%  127.42ms
 90.000%  247.04ms
 99.000%  507.65ms
 99.900%  690.17ms
 99.990%  901.63ms
 99.999%  908.80ms
100.000%  908.80ms

  Detailed Percentile spectrum:
       Value   Percentile   TotalCount 1/(1-Percentile)

       0.179     0.000000            1         1.00
       0.556     0.100000         1363         1.11
       0.841     0.200000         2721         1.25
       1.265     0.300000         4081         1.43
       5.467     0.400000         5441         1.67
      30.927     0.500000         6804         2.00
      45.631     0.550000         7482         2.22
      61.567     0.600000         8162         2.50
      80.319     0.650000         8842         2.86
     102.079     0.700000         9523         3.33
     127.423     0.750000        10203         4.00
     141.695     0.775000        10544         4.44
     157.695     0.800000        10883         5.00
     175.743     0.825000        11222         5.71
     196.991     0.850000        11562         6.67
     219.903     0.875000        11904         8.00
     234.495     0.887500        12074         8.89
     247.039     0.900000        12242        10.00
     265.727     0.912500        12415        11.43
     284.927     0.925000        12582        13.33
     308.479     0.937500        12754        16.00
     321.279     0.943750        12838        17.78
     332.543     0.950000        12922        20.00
     350.207     0.956250        13008        22.86
     370.175     0.962500        13092        26.67
     393.215     0.968750        13177        32.00
     403.455     0.971875        13220        35.56
     418.303     0.975000        13262        40.00
     428.799     0.978125        13306        45.71
     441.087     0.981250        13348        53.33
     463.359     0.984375        13390        64.00
     472.575     0.985938        13411        71.11
     483.583     0.987500        13432        80.00
     500.991     0.989062        13454        91.43
     514.303     0.990625        13475       106.67
     535.551     0.992188        13496       128.00
     545.791     0.992969        13507       142.22
     555.519     0.993750        13517       160.00
     567.295     0.994531        13528       182.86
     581.119     0.995313        13539       213.33
     592.383     0.996094        13549       256.00
     599.551     0.996484        13556       284.44
     615.423     0.996875        13560       320.00
     628.735     0.997266        13565       365.71
     646.655     0.997656        13571       426.67
     655.871     0.998047        13576       512.00
     658.943     0.998242        13579       568.89
     660.479     0.998437        13581       640.00
     670.207     0.998633        13584       731.43
     678.399     0.998828        13587       853.33
     691.711     0.999023        13589      1024.00
     696.831     0.999121        13591      1137.78
     699.903     0.999219        13592      1280.00
     708.095     0.999316        13593      1462.86
     752.127     0.999414        13595      1706.67
     760.319     0.999512        13596      2048.00
     764.927     0.999561        13597      2275.56
     764.927     0.999609        13597      2560.00
     801.791     0.999658        13598      2925.71
     833.023     0.999707        13599      3413.33
     833.023     0.999756        13599      4096.00
     854.527     0.999780        13600      4551.11
     854.527     0.999805        13600      5120.00
     854.527     0.999829        13600      5851.43
     901.631     0.999854        13601      6826.67
     901.631     0.999878        13601      8192.00
     901.631     0.999890        13601      9102.22
     901.631     0.999902        13601     10240.00
     901.631     0.999915        13601     11702.86
     908.799     0.999927        13602     13653.33
     908.799     1.000000        13602          inf
#[Mean    =       83.956, StdDeviation   =      117.890]
#[Max     =      908.288, Total count    =        13602]
#[Buckets =           27, SubBuckets     =         2048]
----------------------------------------------------------
  13606 requests in 10.00s, 4.63MB read
  Non-2xx or 3xx responses: 13606
Requests/sec:   1360.75
Transfer/sec:    474.40KB
Running 10s test @ http://localhost:8080/wrk2-api/review/compose
  1 threads and 100 connections
  Thread Stats   Avg      Stdev     99%   +/- Stdev
    Latency   102.52ms  134.49ms 569.34ms   85.43%
    Req/Sec       -nan      -nan   0.00      0.00%
  Latency Distribution (HdrHistogram - Recorded Latency)
 50.000%   47.87ms
 75.000%  157.44ms
 90.000%  295.17ms
 99.000%  569.34ms
 99.900%  779.26ms
 99.990%  964.61ms
 99.999%  993.79ms
100.000%  993.79ms

  Detailed Percentile spectrum:
       Value   Percentile   TotalCount 1/(1-Percentile)

       0.183     0.000000            1         1.00
       0.623     0.100000         1458         1.11
       0.990     0.200000         2920         1.25
       1.770     0.300000         4370         1.43
      18.271     0.400000         5828         1.67
      47.871     0.500000         7283         2.00
      64.671     0.550000         8012         2.22
      83.199     0.600000         8739         2.50
     104.255     0.650000         9467         2.86
     129.727     0.700000        10195         3.33
     157.439     0.750000        10923         4.00
     173.183     0.775000        11287         4.44
     190.719     0.800000        11651         5.00
     210.175     0.825000        12017         5.71
     232.319     0.850000        12379         6.67
     261.503     0.875000        12746         8.00
     276.223     0.887500        12926         8.89
     295.167     0.900000        13107        10.00
     314.623     0.912500        13289        11.43
     335.871     0.925000        13472        13.33
     357.119     0.937500        13653        16.00
     369.663     0.943750        13744        17.78
     384.511     0.950000        13835        20.00
     402.687     0.956250        13927        22.86
     426.239     0.962500        14017        26.67
     446.207     0.968750        14108        32.00
     458.751     0.971875        14154        35.56
     473.087     0.975000        14199        40.00
     491.775     0.978125        14245        45.71
     505.087     0.981250        14291        53.33
     523.263     0.984375        14336        64.00
     537.599     0.985938        14360        71.11
     547.839     0.987500        14381        80.00
     562.175     0.989062        14404        91.43
     578.047     0.990625        14427       106.67
     596.479     0.992188        14450       128.00
     607.231     0.992969        14461       142.22
     615.935     0.993750        14472       160.00
     630.783     0.994531        14484       182.86
     649.215     0.995313        14495       213.33
     664.063     0.996094        14507       256.00
     669.695     0.996484        14512       284.44
     689.663     0.996875        14518       320.00
     702.975     0.997266        14524       365.71
     710.655     0.997656        14529       426.67
     719.871     0.998047        14535       512.00
     728.063     0.998242        14538       568.89
     744.447     0.998437        14541       640.00
     772.095     0.998633        14544       731.43
     775.167     0.998828        14546       853.33
     781.823     0.999023        14549      1024.00
     786.943     0.999121        14551      1137.78
     788.479     0.999219        14552      1280.00
     809.471     0.999316        14554      1462.86
     817.151     0.999414        14555      1706.67
     825.855     0.999512        14556      2048.00
     841.215     0.999561        14557      2275.56
     841.727     0.999609        14558      2560.00
     866.303     0.999658        14559      2925.71
     866.303     0.999707        14559      3413.33
     879.103     0.999756        14560      4096.00
     879.103     0.999780        14560      4551.11
     882.687     0.999805        14561      5120.00
     882.687     0.999829        14561      5851.43
     882.687     0.999854        14561      6826.67
     964.607     0.999878        14562      8192.00
     964.607     0.999890        14562      9102.22
     964.607     0.999902        14562     10240.00
     964.607     0.999915        14562     11702.86
     964.607     0.999927        14562     13653.33
     993.791     0.999939        14563     16384.00
     993.791     1.000000        14563          inf
#[Mean    =      102.524, StdDeviation   =      134.492]
#[Max     =      993.280, Total count    =        14563]
#[Buckets =           27, SubBuckets     =         2048]
----------------------------------------------------------
  14565 requests in 10.00s, 4.96MB read
  Non-2xx or 3xx responses: 14565
Requests/sec:   1456.63
Transfer/sec:    507.83KB
