Running 5s test @ http://127.0.0.1:8080
  1 threads and 50 connections
  Thread Stats   Avg      Stdev     99%   +/- Stdev
    Latency     0.95ms  639.17us   3.91ms   94.62%
    Req/Sec       -nan      -nan   0.00      0.00%
  Latency Distribution (HdrHistogram - Recorded Latency)
 50.000%  841.00us
 75.000%    1.04ms
 90.000%    1.38ms
 99.000%    3.91ms
 99.900%    8.22ms
 99.990%   12.49ms
 99.999%   12.54ms
100.000%   12.54ms

  Detailed Percentile spectrum:
       Value   Percentile   TotalCount 1/(1-Percentile)

       0.173     0.000000            1         1.00
       0.523     0.100000         4979         1.11
       0.632     0.200000         9950         1.25
       0.708     0.300000        14927         1.43
       0.775     0.400000        19928         1.67
       0.841     0.500000        24835         2.00
       0.875     0.550000        27326         2.22
       0.908     0.600000        29810         2.50
       0.944     0.650000        32298         2.86
       0.987     0.700000        34783         3.33
       1.040     0.750000        37262         4.00
       1.071     0.775000        38512         4.44
       1.114     0.800000        39731         5.00
       1.173     0.825000        40959         5.71
       1.247     0.850000        42203         6.67
       1.302     0.875000        43444         8.00
       1.333     0.887500        44076         8.89
       1.377     0.900000        44688        10.00
       1.420     0.912500        45307        11.43
       1.465     0.925000        45923        13.33
       1.514     0.937500        46553        16.00
       1.538     0.943750        46852        17.78
       1.568     0.950000        47164        20.00
       1.621     0.956250        47478        22.86
       1.689     0.962500        47783        26.67
       1.820     0.968750        48093        32.00
       1.905     0.971875        48249        35.56
       2.065     0.975000        48406        40.00
       2.279     0.978125        48559        45.71
       2.569     0.981250        48715        53.33
       2.859     0.984375        48870        64.00
       3.173     0.985938        48946        71.11
       3.447     0.987500        49024        80.00
       3.685     0.989062        49102        91.43
       4.067     0.990625        49179       106.67
       4.463     0.992188        49258       128.00
       4.603     0.992969        49296       142.22
       4.719     0.993750        49334       160.00
       4.931     0.994531        49373       182.86
       5.343     0.995313        49413       213.33
       5.855     0.996094        49451       256.00
       5.971     0.996484        49471       284.44
       6.195     0.996875        49489       320.00
       6.379     0.997266        49510       365.71
       6.531     0.997656        49528       426.67
       6.739     0.998047        49548       512.00
       6.807     0.998242        49557       568.89
       7.027     0.998437        49567       640.00
       7.695     0.998633        49577       731.43
       7.871     0.998828        49586       853.33
       8.231     0.999023        49597      1024.00
       8.343     0.999121        49601      1137.78
       8.383     0.999219        49606      1280.00
       8.903     0.999316        49611      1462.86
       8.943     0.999414        49615      1706.67
       8.975     0.999512        49621      2048.00
       9.495     0.999561        49623      2275.56
       9.567     0.999609        49625      2560.00
      10.087     0.999658        49628      2925.71
      10.175     0.999707        49631      3413.33
      10.255     0.999756        49632      4096.00
      11.119     0.999780        49634      4551.11
      11.319     0.999805        49636      5120.00
      11.319     0.999829        49636      5851.43
      11.351     0.999854        49637      6826.67
      12.487     0.999878        49639      8192.00
      12.487     0.999890        49639      9102.22
      12.495     0.999902        49640     10240.00
      12.495     0.999915        49640     11702.86
      12.503     0.999927        49642     13653.33
      12.503     0.999939        49642     16384.00
      12.503     0.999945        49642     18204.44
      12.503     0.999951        49642     20480.00
      12.503     0.999957        49642     23405.71
      12.511     0.999963        49643     27306.67
      12.511     0.999969        49643     32768.00
      12.511     0.999973        49643     36408.89
      12.511     0.999976        49643     40960.00
      12.511     0.999979        49643     46811.43
      12.543     0.999982        49644     54613.33
      12.543     1.000000        49644          inf
#[Mean    =        0.949, StdDeviation   =        0.639]
#[Max     =       12.536, Total count    =        49644]
#[Buckets =           27, SubBuckets     =         2048]
----------------------------------------------------------
  49646 requests in 5.00s, 42.42MB read
Requests/sec:   9928.49
Transfer/sec:      8.48MB
Running 5s test @ http://127.0.0.1:8080
  1 threads and 50 connections
  Thread Stats   Avg      Stdev     99%   +/- Stdev
    Latency     1.06ms  789.44us   4.63ms   95.86%
    Req/Sec       -nan      -nan   0.00      0.00%
  Latency Distribution (HdrHistogram - Recorded Latency)
 50.000%    0.93ms
 75.000%    1.20ms
 90.000%    1.44ms
 99.000%    4.63ms
 99.900%   10.14ms
 99.990%   14.04ms
 99.999%   15.73ms
100.000%   15.73ms

  Detailed Percentile spectrum:
       Value   Percentile   TotalCount 1/(1-Percentile)

       0.181     0.000000            1         1.00
       0.562     0.100000         6045         1.11
       0.648     0.200000        12080         1.25
       0.731     0.300000        18164         1.43
       0.826     0.400000        24134         1.67
       0.929     0.500000        30191         2.00
       0.982     0.550000        33211         2.22
       1.032     0.600000        36217         2.50
       1.086     0.650000        39232         2.86
       1.141     0.700000        42278         3.33
       1.197     0.750000        45259         4.00
       1.227     0.775000        46753         4.44
       1.261     0.800000        48260         5.00
       1.297     0.825000        49783         5.71
       1.336     0.850000        51281         6.67
       1.385     0.875000        52802         8.00
       1.409     0.887500        53539         8.89
       1.438     0.900000        54304        10.00
       1.472     0.912500        55047        11.43
       1.518     0.925000        55800        13.33
       1.581     0.937500        56559        16.00
       1.633     0.943750        56934        17.78
       1.697     0.950000        57308        20.00
       1.787     0.956250        57685        22.86
       2.005     0.962500        58061        26.67
       2.681     0.968750        58438        32.00
       2.983     0.971875        58627        35.56
       3.249     0.975000        58815        40.00
       3.509     0.978125        59004        45.71
       3.709     0.981250        59194        53.33
       3.911     0.984375        59386        64.00
       4.069     0.985938        59477        71.11
       4.311     0.987500        59571        80.00
       4.491     0.989062        59664        91.43
       4.747     0.990625        59758       106.67
       4.983     0.992188        59853       128.00
       5.175     0.992969        59899       142.22
       5.359     0.993750        59946       160.00
       5.887     0.994531        59994       182.86
       6.231     0.995313        60041       213.33
       6.339     0.996094        60088       256.00
       6.443     0.996484        60111       284.44
       6.779     0.996875        60135       320.00
       7.051     0.997266        60160       365.71
       7.235     0.997656        60182       426.67
       8.151     0.998047        60206       512.00
       8.335     0.998242        60217       568.89
       8.799     0.998437        60229       640.00
       9.479     0.998633        60241       731.43
       9.879     0.998828        60253       853.33
      10.263     0.999023        60265      1024.00
      10.687     0.999121        60270      1137.78
      10.775     0.999219        60276      1280.00
      10.863     0.999316        60282      1462.86
      10.879     0.999414        60288      1706.67
      10.935     0.999512        60294      2048.00
      11.399     0.999561        60297      2275.56
      11.551     0.999609        60300      2560.00
      12.839     0.999658        60303      2925.71
      12.967     0.999707        60306      3413.33
      12.991     0.999756        60309      4096.00
      12.999     0.999780        60311      4551.11
      13.039     0.999805        60312      5120.00
      13.103     0.999829        60313      5851.43
      14.031     0.999854        60315      6826.67
      14.039     0.999878        60317      8192.00
      14.039     0.999890        60317      9102.22
      14.071     0.999902        60318     10240.00
      14.071     0.999915        60318     11702.86
      14.079     0.999927        60320     13653.33
      14.079     0.999939        60320     16384.00
      14.079     0.999945        60320     18204.44
      15.735     0.999951        60323     20480.00
      15.735     1.000000        60323          inf
#[Mean    =        1.061, StdDeviation   =        0.789]
#[Max     =       15.728, Total count    =        60323]
#[Buckets =           27, SubBuckets     =         2048]
----------------------------------------------------------
  60323 requests in 4.05s, 51.55MB read
Requests/sec:  14881.43
Transfer/sec:     12.72MB
Running 5s test @ http://127.0.0.1:8080
  1 threads and 50 connections
  Thread Stats   Avg      Stdev     99%   +/- Stdev
    Latency     1.30ms  682.66us   3.80ms   86.19%
    Req/Sec       -nan      -nan   0.00      0.00%
  Latency Distribution (HdrHistogram - Recorded Latency)
 50.000%    1.12ms
 75.000%    1.54ms
 90.000%    1.99ms
 99.000%    3.80ms
 99.900%    6.61ms
 99.990%   11.57ms
 99.999%   11.64ms
100.000%   11.64ms

  Detailed Percentile spectrum:
       Value   Percentile   TotalCount 1/(1-Percentile)

       0.242     0.000000            1         1.00
       0.723     0.100000         4052         1.11
       0.825     0.200000         8106         1.25
       0.919     0.300000        12153         1.43
       1.013     0.400000        16207         1.67
       1.123     0.500000        20246         2.00
       1.189     0.550000        22254         2.22
       1.263     0.600000        24266         2.50
       1.352     0.650000        26303         2.86
       1.442     0.700000        28332         3.33
       1.539     0.750000        30334         4.00
       1.594     0.775000        31357         4.44
       1.650     0.800000        32359         5.00
       1.712     0.825000        33370         5.71
       1.786     0.850000        34378         6.67
       1.878     0.875000        35393         8.00
       1.934     0.887500        35897         8.89
       1.991     0.900000        36403        10.00
       2.061     0.912500        36909        11.43
       2.167     0.925000        37412        13.33
       2.279     0.937500        37915        16.00
       2.351     0.943750        38173        17.78
       2.421     0.950000        38423        20.00
       2.513     0.956250        38673        22.86
       2.637     0.962500        38928        26.67
       2.817     0.968750        39180        32.00
       2.953     0.971875        39307        35.56
       3.123     0.975000        39432        40.00
       3.273     0.978125        39559        45.71
       3.377     0.981250        39684        53.33
       3.503     0.984375        39813        64.00
       3.575     0.985938        39875        71.11
       3.641     0.987500        39939        80.00
       3.723     0.989062        40001        91.43
       3.835     0.990625        40064       106.67
       4.031     0.992188        40127       128.00
       4.195     0.992969        40158       142.22
       4.391     0.993750        40191       160.00
       4.491     0.994531        40222       182.86
       4.691     0.995313        40253       213.33
       4.955     0.996094        40286       256.00
       5.063     0.996484        40300       284.44
       5.395     0.996875        40316       320.00
       5.663     0.997266        40333       365.71
       6.007     0.997656        40348       426.67
       6.355     0.998047        40365       512.00
       6.483     0.998242        40371       568.89
       6.519     0.998437        40383       640.00
       6.531     0.998633        40387       731.43
       6.583     0.998828        40395       853.33
       6.619     0.999023        40403      1024.00
       6.643     0.999121        40407      1137.78
       6.651     0.999219        40411      1280.00
       6.675     0.999316        40416      1462.86
       6.683     0.999414        40419      1706.67
       6.795     0.999512        40423      2048.00
       6.815     0.999561        40426      2275.56
       6.819     0.999609        40427      2560.00
      10.111     0.999658        40429      2925.71
      10.167     0.999707        40431      3413.33
      10.295     0.999756        40433      4096.00
      10.351     0.999780        40434      4551.11
      10.359     0.999805        40436      5120.00
      10.359     0.999829        40436      5851.43
      10.367     0.999854        40437      6826.67
      11.567     0.999878        40438      8192.00
      11.567     0.999890        40438      9102.22
      11.591     0.999902        40439     10240.00
      11.591     0.999915        40439     11702.86
      11.631     0.999927        40441     13653.33
      11.631     0.999939        40441     16384.00
      11.631     0.999945        40441     18204.44
      11.631     0.999951        40441     20480.00
      11.631     0.999957        40441     23405.71
      11.631     0.999963        40441     27306.67
      11.631     0.999969        40441     32768.00
      11.631     0.999973        40441     36408.89
      11.639     0.999976        40442     40960.00
      11.639     1.000000        40442          inf
#[Mean    =        1.297, StdDeviation   =        0.683]
#[Max     =       11.632, Total count    =        40442]
#[Buckets =           27, SubBuckets     =         2048]
----------------------------------------------------------
  40442 requests in 2.05s, 34.56MB read
Requests/sec:  19692.20
Transfer/sec:     16.83MB
Running 5s test @ http://127.0.0.1:8080
  1 threads and 50 connections
  Thread Stats   Avg      Stdev     99%   +/- Stdev
    Latency     2.86ms    1.28ms   6.96ms   72.89%
    Req/Sec       -nan      -nan   0.00      0.00%
  Latency Distribution (HdrHistogram - Recorded Latency)
 50.000%    2.62ms
 75.000%    3.61ms
 90.000%    4.51ms
 99.000%    6.96ms
 99.900%    9.51ms
 99.990%   10.33ms
 99.999%   10.44ms
100.000%   10.45ms

  Detailed Percentile spectrum:
       Value   Percentile   TotalCount 1/(1-Percentile)

       0.184     0.000000            1         1.00
       1.444     0.100000         5064         1.11
       1.775     0.200000        10126         1.25
       2.071     0.300000        15172         1.43
       2.321     0.400000        20227         1.67
       2.623     0.500000        25284         2.00
       2.831     0.550000        27821         2.22
       3.035     0.600000        30343         2.50
       3.205     0.650000        32865         2.86
       3.393     0.700000        35381         3.33
       3.613     0.750000        37915         4.00
       3.717     0.775000        39185         4.44
       3.799     0.800000        40460         5.00
       3.889     0.825000        41709         5.71
       4.023     0.850000        42967         6.67
       4.219     0.875000        44244         8.00
       4.355     0.887500        44864         8.89
       4.515     0.900000        45497        10.00
       4.655     0.912500        46125        11.43
       4.823     0.925000        46758        13.33
       4.995     0.937500        47391        16.00
       5.087     0.943750        47708        17.78
       5.191     0.950000        48020        20.00
       5.347     0.956250        48338        22.86
       5.491     0.962500        48651        26.67
       5.755     0.968750        48971        32.00
       5.851     0.971875        49128        35.56
       5.943     0.975000        49284        40.00
       6.083     0.978125        49443        45.71
       6.215     0.981250        49597        53.33
       6.367     0.984375        49755        64.00
       6.455     0.985938        49837        71.11
       6.575     0.987500        49914        80.00
       6.843     0.989062        49994        91.43
       7.039     0.990625        50072       106.67
       7.187     0.992188        50151       128.00
       7.267     0.992969        50189       142.22
       7.387     0.993750        50229       160.00
       7.543     0.994531        50268       182.86
       7.823     0.995313        50308       213.33
       8.107     0.996094        50348       256.00
       8.199     0.996484        50367       284.44
       8.311     0.996875        50387       320.00
       8.383     0.997266        50406       365.71
       8.607     0.997656        50426       426.67
       8.759     0.998047        50446       512.00
       8.815     0.998242        50458       568.89
       8.847     0.998437        50466       640.00
       8.991     0.998633        50476       731.43
       9.351     0.998828        50485       853.33
       9.583     0.999023        50496      1024.00
       9.615     0.999121        50500      1137.78
       9.759     0.999219        50508      1280.00
       9.767     0.999316        50511      1462.86
       9.815     0.999414        50515      1706.67
       9.879     0.999512        50520      2048.00
       9.887     0.999561        50522      2275.56
       9.927     0.999609        50525      2560.00
       9.935     0.999658        50527      2925.71
      10.183     0.999707        50532      3413.33
      10.183     0.999756        50532      4096.00
      10.191     0.999780        50534      4551.11
      10.223     0.999805        50535      5120.00
      10.319     0.999829        50538      5851.43
      10.319     0.999854        50538      6826.67
      10.319     0.999878        50538      8192.00
      10.327     0.999890        50540      9102.22
      10.327     0.999902        50540     10240.00
      10.327     0.999915        50540     11702.86
      10.351     0.999927        50541     13653.33
      10.351     0.999939        50541     16384.00
      10.383     0.999945        50542     18204.44
      10.383     0.999951        50542     20480.00
      10.383     0.999957        50542     23405.71
      10.439     0.999963        50543     27306.67
      10.439     0.999969        50543     32768.00
      10.439     0.999973        50543     36408.89
      10.439     0.999976        50543     40960.00
      10.439     0.999979        50543     46811.43
      10.455     0.999982        50544     54613.33
      10.455     1.000000        50544          inf
#[Mean    =        2.864, StdDeviation   =        1.281]
#[Max     =       10.448, Total count    =        50544]
#[Buckets =           27, SubBuckets     =         2048]
----------------------------------------------------------
  50544 requests in 2.05s, 43.19MB read
Requests/sec:  24602.34
Transfer/sec:     21.02MB
Running 5s test @ http://127.0.0.1:8080
  1 threads and 50 connections
  Thread Stats   Avg      Stdev     99%   +/- Stdev
    Latency     3.83ms    1.40ms   7.96ms   70.91%
    Req/Sec       -nan      -nan   0.00      0.00%
  Latency Distribution (HdrHistogram - Recorded Latency)
 50.000%    3.58ms
 75.000%    4.69ms
 90.000%    5.63ms
 99.000%    7.96ms
 99.900%   10.55ms
 99.990%   13.31ms
 99.999%   14.79ms
100.000%   14.79ms

  Detailed Percentile spectrum:
       Value   Percentile   TotalCount 1/(1-Percentile)

       0.238     0.000000            1         1.00
       2.193     0.100000        14920         1.11
       2.699     0.200000        29882         1.25
       3.001     0.300000        44804         1.43
       3.261     0.400000        59712         1.67
       3.577     0.500000        74527         2.00
       3.793     0.550000        82053         2.22
       4.025     0.600000        89490         2.50
       4.251     0.650000        96953         2.86
       4.471     0.700000       104476         3.33
       4.687     0.750000       111797         4.00
       4.795     0.775000       115578         4.44
       4.923     0.800000       119277         5.00
       5.067     0.825000       123063         5.71
       5.235     0.850000       126733         6.67
       5.423     0.875000       130481         8.00
       5.523     0.887500       132313         8.89
       5.631     0.900000       134179        10.00
       5.743     0.912500       136028        11.43
       5.883     0.925000       137903        13.33
       6.051     0.937500       139756        16.00
       6.155     0.943750       140679        17.78
       6.267     0.950000       141618        20.00
       6.395     0.956250       142541        22.86
       6.555     0.962500       143487        26.67
       6.755     0.968750       144399        32.00
       6.907     0.971875       144865        35.56
       7.067     0.975000       145332        40.00
       7.251     0.978125       145802        45.71
       7.427     0.981250       146272        53.33
       7.619     0.984375       146726        64.00
       7.691     0.985938       146964        71.11
       7.799     0.987500       147200        80.00
       7.907     0.989062       147431        91.43
       8.019     0.990625       147657       106.67
       8.215     0.992188       147890       128.00
       8.383     0.992969       148006       142.22
       8.503     0.993750       148122       160.00
       8.663     0.994531       148239       182.86
       8.839     0.995313       148355       213.33
       9.119     0.996094       148472       256.00
       9.215     0.996484       148532       284.44
       9.359     0.996875       148588       320.00
       9.471     0.997266       148647       365.71
       9.687     0.997656       148704       426.67
       9.967     0.998047       148764       512.00
      10.071     0.998242       148791       568.89
      10.159     0.998437       148821       640.00
      10.295     0.998633       148864       731.43
      10.375     0.998828       148879       853.33
      10.559     0.999023       148908      1024.00
      10.607     0.999121       148930      1137.78
      10.671     0.999219       148939      1280.00
      10.983     0.999316       148953      1462.86
      11.207     0.999414       148966      1706.67
      11.487     0.999512       148981      2048.00
      11.599     0.999561       148988      2275.56
      11.887     0.999609       148997      2560.00
      12.271     0.999658       149003      2925.71
      12.567     0.999707       149010      3413.33
      12.759     0.999756       149017      4096.00
      12.799     0.999780       149021      4551.11
      12.831     0.999805       149024      5120.00
      12.959     0.999829       149028      5851.43
      13.047     0.999854       149032      6826.67
      13.111     0.999878       149035      8192.00
      13.287     0.999890       149037      9102.22
      13.327     0.999902       149039     10240.00
      13.383     0.999915       149041     11702.86
      13.415     0.999927       149044     13653.33
      13.415     0.999939       149044     16384.00
      13.423     0.999945       149045     18204.44
      13.455     0.999951       149046     20480.00
      13.487     0.999957       149047     23405.71
      13.495     0.999963       149048     27306.67
      14.783     0.999969       149050     32768.00
      14.783     0.999973       149050     36408.89
      14.783     0.999976       149050     40960.00
      14.783     0.999979       149050     46811.43
      14.791     0.999982       149053     54613.33
      14.791     1.000000       149053          inf
#[Mean    =        3.830, StdDeviation   =        1.404]
#[Max     =       14.784, Total count    =       149053]
#[Buckets =           27, SubBuckets     =         2048]
----------------------------------------------------------
  149085 requests in 5.00s, 127.39MB read
Requests/sec:  29810.38
Transfer/sec:     25.47MB
Running 5s test @ http://127.0.0.1:8080
  1 threads and 50 connections
  Thread Stats   Avg      Stdev     99%   +/- Stdev
    Latency     5.39ms    2.39ms  13.83ms   79.29%
    Req/Sec       -nan      -nan   0.00      0.00%
  Latency Distribution (HdrHistogram - Recorded Latency)
 50.000%    5.15ms
 75.000%    6.53ms
 90.000%    7.88ms
 99.000%   13.83ms
 99.900%   23.52ms
 99.990%   27.58ms
 99.999%   29.52ms
100.000%   29.52ms

  Detailed Percentile spectrum:
       Value   Percentile   TotalCount 1/(1-Percentile)

       0.361     0.000000            1         1.00
       2.991     0.100000        17382         1.11
       3.511     0.200000        34770         1.25
       3.923     0.300000        52224         1.43
       4.451     0.400000        69557         1.67
       5.147     0.500000        86934         2.00
       5.435     0.550000        95683         2.22
       5.691     0.600000       104380         2.50
       5.951     0.650000       113096         2.86
       6.235     0.700000       121746         3.33
       6.531     0.750000       130436         4.00
       6.691     0.775000       134774         4.44
       6.863     0.800000       139112         5.00
       7.055     0.825000       143464         5.71
       7.295     0.850000       147754         6.67
       7.559     0.875000       152139         8.00
       7.703     0.887500       154287         8.89
       7.879     0.900000       156431        10.00
       8.143     0.912500       158606        11.43
       8.463     0.925000       160786        13.33
       8.815     0.937500       162976        16.00
       9.015     0.943750       164049        17.78
       9.271     0.950000       165123        20.00
       9.575     0.956250       166231        22.86
       9.887     0.962500       167294        26.67
      10.423     0.968750       168384        32.00
      10.727     0.971875       168923        35.56
      11.063     0.975000       169467        40.00
      11.439     0.978125       170003        45.71
      11.791     0.981250       170555        53.33
      12.287     0.984375       171089        64.00
      12.719     0.985938       171360        71.11
      13.151     0.987500       171635        80.00
      13.559     0.989062       171906        91.43
      13.991     0.990625       172176       106.67
      14.535     0.992188       172448       128.00
      14.959     0.992969       172584       142.22
      15.535     0.993750       172719       160.00
      15.935     0.994531       172857       182.86
      16.703     0.995313       172990       213.33
      17.983     0.996094       173126       256.00
      18.783     0.996484       173193       284.44
      19.167     0.996875       173261       320.00
      19.455     0.997266       173331       365.71
      19.871     0.997656       173399       426.67
      20.303     0.998047       173465       512.00
      20.591     0.998242       173500       568.89
      21.375     0.998437       173533       640.00
      23.007     0.998633       173570       731.43
      23.311     0.998828       173602       853.33
      23.551     0.999023       173635      1024.00
      23.695     0.999121       173653      1137.78
      23.967     0.999219       173670      1280.00
      24.143     0.999316       173687      1462.86
      24.287     0.999414       173704      1706.67
      24.431     0.999512       173721      2048.00
      24.479     0.999561       173728      2275.56
      24.623     0.999609       173737      2560.00
      24.815     0.999658       173745      2925.71
      24.943     0.999707       173758      3413.33
      25.007     0.999756       173762      4096.00
      25.039     0.999780       173766      4551.11
      26.783     0.999805       173771      5120.00
      27.247     0.999829       173776      5851.43
      27.295     0.999854       173780      6826.67
      27.343     0.999878       173783      8192.00
      27.503     0.999890       173785      9102.22
      27.583     0.999902       173788     10240.00
      29.103     0.999915       173792     11702.86
      29.103     0.999927       173792     13653.33
      29.119     0.999939       173794     16384.00
      29.327     0.999945       173795     18204.44
      29.487     0.999951       173796     20480.00
      29.503     0.999957       173801     23405.71
      29.503     0.999963       173801     27306.67
      29.503     0.999969       173801     32768.00
      29.503     0.999973       173801     36408.89
      29.503     0.999976       173801     40960.00
      29.503     0.999979       173801     46811.43
      29.503     0.999982       173801     54613.33
      29.519     0.999985       173804     65536.00
      29.519     1.000000       173804          inf
#[Mean    =        5.393, StdDeviation   =        2.393]
#[Max     =       29.504, Total count    =       173804]
#[Buckets =           27, SubBuckets     =         2048]
----------------------------------------------------------
  173871 requests in 5.00s, 148.57MB read
Requests/sec:  34768.82
Transfer/sec:     29.71MB
Running 5s test @ http://127.0.0.1:8080
  1 threads and 50 connections
  Thread Stats   Avg      Stdev     99%   +/- Stdev
    Latency    10.14ms    7.46ms  38.75ms   86.31%
    Req/Sec       -nan      -nan   0.00      0.00%
  Latency Distribution (HdrHistogram - Recorded Latency)
 50.000%    7.74ms
 75.000%   11.45ms
 90.000%   19.53ms
 99.000%   38.75ms
 99.900%   49.31ms
 99.990%   70.59ms
 99.999%   74.82ms
100.000%   76.54ms

  Detailed Percentile spectrum:
       Value   Percentile   TotalCount 1/(1-Percentile)

       0.270     0.000000            1         1.00
       4.107     0.100000        19865         1.11
       5.299     0.200000        39706         1.25
       6.311     0.300000        59621         1.43
       7.043     0.400000        79417         1.67
       7.743     0.500000        99311         2.00
       8.171     0.550000       109201         2.22
       8.663     0.600000       119188         2.50
       9.367     0.650000       129062         2.86
      10.295     0.700000       138947         3.33
      11.455     0.750000       148846         4.00
      12.063     0.775000       153825         4.44
      13.111     0.800000       158766         5.00
      14.343     0.825000       163743         5.71
      15.535     0.850000       168685         6.67
      17.199     0.875000       173666         8.00
      18.239     0.887500       176131         8.89
      19.535     0.900000       178612        10.00
      21.023     0.912500       181077        11.43
      22.847     0.925000       183554        13.33
      24.607     0.937500       186047        16.00
      25.695     0.943750       187274        17.78
      26.847     0.950000       188519        20.00
      28.047     0.956250       189759        22.86
      29.823     0.962500       191013        26.67
      31.471     0.968750       192242        32.00
      32.207     0.971875       192857        35.56
      33.023     0.975000       193485        40.00
      34.015     0.978125       194102        45.71
      35.039     0.981250       194725        53.33
      35.999     0.984375       195337        64.00
      36.671     0.985938       195646        71.11
      37.471     0.987500       195956        80.00
      38.207     0.989062       196269        91.43
      39.231     0.990625       196577       106.67
      40.351     0.992188       196894       128.00
      40.799     0.992969       197049       142.22
      41.503     0.993750       197209       160.00
      42.655     0.994531       197359       182.86
      43.487     0.995313       197511       213.33
      44.159     0.996094       197666       256.00
      44.511     0.996484       197745       284.44
      44.799     0.996875       197819       320.00
      45.151     0.997266       197894       365.71
      45.631     0.997656       197975       426.67
      46.591     0.998047       198049       512.00
      47.071     0.998242       198092       568.89
      47.775     0.998437       198127       640.00
      48.447     0.998633       198166       731.43
      48.895     0.998828       198204       853.33
      49.439     0.999023       198247      1024.00
      49.759     0.999121       198262      1137.78
      51.519     0.999219       198281      1280.00
      51.935     0.999316       198302      1462.86
      52.319     0.999414       198322      1706.67
      55.231     0.999512       198340      2048.00
      55.967     0.999561       198349      2275.56
      58.623     0.999609       198359      2560.00
      60.895     0.999658       198369      2925.71
      63.711     0.999707       198378      3413.33
      64.863     0.999756       198388      4096.00
      66.623     0.999780       198395      4551.11
      66.879     0.999805       198398      5120.00
      68.223     0.999829       198403      5851.43
      69.055     0.999854       198407      6826.67
      69.823     0.999878       198412      8192.00
      70.207     0.999890       198415      9102.22
      71.231     0.999902       198417     10240.00
      72.575     0.999915       198420     11702.86
      73.023     0.999927       198422     13653.33
      73.215     0.999939       198425     16384.00
      73.407     0.999945       198427     18204.44
      73.407     0.999951       198427     20480.00
      73.471     0.999957       198428     23405.71
      73.535     0.999963       198429     27306.67
      73.791     0.999969       198430     32768.00
      73.855     0.999973       198431     36408.89
      74.111     0.999976       198432     40960.00
      74.111     0.999979       198432     46811.43
      74.495     0.999982       198433     54613.33
      74.495     0.999985       198433     65536.00
      74.815     0.999986       198434     72817.78
      74.815     0.999988       198434     81920.00
      74.815     0.999989       198434     93622.86
      76.159     0.999991       198435    109226.67
      76.159     0.999992       198435    131072.00
      76.159     0.999993       198435    145635.56
      76.159     0.999994       198435    163840.00
      76.159     0.999995       198435    187245.71
      76.543     0.999995       198436    218453.33
      76.543     1.000000       198436          inf
#[Mean    =       10.138, StdDeviation   =        7.457]
#[Max     =       76.480, Total count    =       198436]
#[Buckets =           27, SubBuckets     =         2048]
----------------------------------------------------------
  198549 requests in 5.00s, 169.66MB read
Requests/sec:  39698.86
Transfer/sec:     33.92MB
Running 5s test @ http://127.0.0.1:8080
  1 threads and 50 connections
  Thread Stats   Avg      Stdev     99%   +/- Stdev
    Latency    56.34ms   47.63ms 194.30ms   68.96%
    Req/Sec       -nan      -nan   0.00      0.00%
  Latency Distribution (HdrHistogram - Recorded Latency)
 50.000%   44.03ms
 75.000%   86.97ms
 90.000%  125.57ms
 99.000%  194.30ms
 99.900%  202.88ms
 99.990%  206.46ms
 99.999%  208.90ms
100.000%  209.54ms

  Detailed Percentile spectrum:
       Value   Percentile   TotalCount 1/(1-Percentile)

       0.240     0.000000            1         1.00
       7.143     0.100000        21989         1.11
      10.775     0.200000        43983         1.25
      17.775     0.300000        65994         1.43
      28.319     0.400000        87958         1.67
      44.031     0.500000       109956         2.00
      55.423     0.550000       120957         2.22
      63.679     0.600000       131982         2.50
      71.103     0.650000       142994         2.86
      78.335     0.700000       153994         3.33
      86.975     0.750000       164939         4.00
      91.583     0.775000       170450         4.44
      95.743     0.800000       175935         5.00
     100.671     0.825000       181478         5.71
     107.775     0.850000       186945         6.67
     117.055     0.875000       192412         8.00
     121.535     0.887500       195176         8.89
     125.567     0.900000       197930        10.00
     129.407     0.912500       200675        11.43
     134.143     0.925000       203423        13.33
     141.567     0.937500       206146        16.00
     146.687     0.943750       207525        17.78
     151.807     0.950000       208904        20.00
     157.311     0.956250       210274        22.86
     161.663     0.962500       211673        26.67
     165.247     0.968750       213032        32.00
     166.783     0.971875       213713        35.56
     169.599     0.975000       214389        40.00
     174.335     0.978125       215081        45.71
     180.607     0.981250       215781        53.33
     185.727     0.984375       216472        64.00
     188.287     0.985938       216807        71.11
     191.103     0.987500       217157        80.00
     193.407     0.989062       217498        91.43
     194.687     0.990625       217833       106.67
     195.967     0.992188       218178       128.00
     196.607     0.992969       218361       142.22
     197.119     0.993750       218515       160.00
     197.631     0.994531       218717       182.86
     198.271     0.995313       218871       213.33
     198.911     0.996094       219037       256.00
     199.551     0.996484       219125       284.44
     199.935     0.996875       219209       320.00
     200.319     0.997266       219312       365.71
     200.703     0.997656       219393       426.67
     201.727     0.998047       219467       512.00
     201.983     0.998242       219537       568.89
     202.111     0.998437       219554       640.00
     202.367     0.998633       219607       731.43
     202.623     0.998828       219634       853.33
     203.007     0.999023       219681      1024.00
     203.135     0.999121       219693      1137.78
     203.391     0.999219       219722      1280.00
     203.647     0.999316       219739      1462.86
     204.031     0.999414       219769      1706.67
     204.159     0.999512       219779      2048.00
     204.287     0.999561       219791      2275.56
     204.543     0.999609       219802      2560.00
     205.439     0.999658       219818      2925.71
     205.567     0.999707       219826      3413.33
     205.695     0.999756       219833      4096.00
     205.823     0.999780       219844      4551.11
     205.823     0.999805       219844      5120.00
     205.951     0.999829       219849      5851.43
     206.207     0.999854       219856      6826.67
     206.335     0.999878       219862      8192.00
     206.335     0.999890       219862      9102.22
     206.463     0.999902       219866     10240.00
     206.591     0.999915       219873     11702.86
     206.591     0.999927       219873     13653.33
     206.591     0.999939       219873     16384.00
     206.719     0.999945       219875     18204.44
     206.847     0.999951       219879     20480.00
     206.847     0.999957       219879     23405.71
     206.847     0.999963       219879     27306.67
     206.975     0.999969       219882     32768.00
     206.975     0.999973       219882     36408.89
     206.975     0.999976       219882     40960.00
     206.975     0.999979       219882     46811.43
     206.975     0.999982       219882     54613.33
     207.231     0.999985       219883     65536.00
     207.231     0.999986       219883     72817.78
     208.895     0.999988       219884     81920.00
     208.895     0.999989       219884     93622.86
     208.895     0.999991       219884    109226.67
     209.279     0.999992       219885    131072.00
     209.279     0.999993       219885    145635.56
     209.279     0.999994       219885    163840.00
     209.279     0.999995       219885    187245.71
     209.279     0.999995       219885    218453.33
     209.535     0.999996       219886    262144.00
     209.535     1.000000       219886          inf
#[Mean    =       56.336, StdDeviation   =       47.632]
#[Max     =      209.408, Total count    =       219886]
#[Buckets =           27, SubBuckets     =         2048]
----------------------------------------------------------
  220013 requests in 5.00s, 188.02MB read
Requests/sec:  43990.56
Transfer/sec:     37.59MB
Running 5s test @ http://127.0.0.1:8080
  1 threads and 50 connections
  Thread Stats   Avg      Stdev     99%   +/- Stdev
    Latency   262.64ms  260.96ms   1.18s    88.58%
    Req/Sec       -nan      -nan   0.00      0.00%
  Latency Distribution (HdrHistogram - Recorded Latency)
 50.000%  199.93ms
 75.000%  367.36ms
 90.000%  618.49ms
 99.000%    1.18s 
 99.900%    1.20s 
 99.990%    1.21s 
 99.999%    1.21s 
100.000%    1.21s 

  Detailed Percentile spectrum:
       Value   Percentile   TotalCount 1/(1-Percentile)

       0.256     0.000000            1         1.00
      18.511     0.100000        22161         1.11
      40.351     0.200000        44330         1.25
      77.695     0.300000        66464         1.43
     139.775     0.400000        88660         1.67
     199.935     0.500000       110787         2.00
     233.343     0.550000       121871         2.22
     272.895     0.600000       132924         2.50
     313.087     0.650000       143997         2.86
     347.391     0.700000       155077         3.33
     367.359     0.750000       166171         4.00
     385.023     0.775000       171708         4.44
     397.567     0.800000       177378         5.00
     408.831     0.825000       182762         5.71
     422.143     0.850000       188359         6.67
     456.447     0.875000       193864         8.00
     525.311     0.887500       196610         8.89
     618.495     0.900000       199373        10.00
     637.951     0.912500       202163        11.43
     681.983     0.925000       204943        13.33
     781.823     0.937500       207706        16.00
     828.415     0.943750       209068        17.78
     864.255     0.950000       210464        20.00
     921.599     0.956250       211836        22.86
     975.359     0.962500       213224        26.67
    1033.215     0.968750       214603        32.00
    1052.671     0.971875       215300        35.56
    1087.487     0.975000       216010        40.00
    1125.375     0.978125       216702        45.71
    1153.023     0.981250       217387        53.33
    1172.479     0.984375       218132        64.00
    1175.551     0.985938       218459        71.11
    1178.623     0.987500       218860        80.00
    1180.671     0.989062       219242        91.43
    1182.719     0.990625       219568       106.67
    1183.743     0.992188       219816       128.00
    1184.767     0.992969       220010       142.22
    1185.791     0.993750       220142       160.00
    1186.815     0.994531       220324       182.86
    1187.839     0.995313       220539       213.33
    1188.863     0.996094       220675       256.00
    1189.887     0.996484       220789       284.44
    1190.911     0.996875       220904       320.00
    1191.935     0.997266       221004       365.71
    1192.959     0.997656       221048       426.67
    1193.983     0.998047       221116       512.00
    1195.007     0.998242       221139       568.89
    1197.055     0.998437       221196       640.00
    1198.079     0.998633       221260       731.43
    1199.103     0.998828       221278       853.33
    1200.127     0.999023       221345      1024.00
    1200.127     0.999121       221345      1137.78
    1201.151     0.999219       221381      1280.00
    1201.151     0.999316       221381      1462.86
    1203.199     0.999414       221415      1706.67
    1204.223     0.999512       221435      2048.00
    1204.223     0.999561       221435      2275.56
    1205.247     0.999609       221454      2560.00
    1205.247     0.999658       221454      2925.71
    1206.271     0.999707       221481      3413.33
    1206.271     0.999756       221481      4096.00
    1206.271     0.999780       221481      4551.11
    1208.319     0.999805       221497      5120.00
    1208.319     0.999829       221497      5851.43
    1208.319     0.999854       221497      6826.67
    1209.343     0.999878       221516      8192.00
    1209.343     0.999890       221516      9102.22
    1209.343     0.999902       221516     10240.00
    1209.343     0.999915       221516     11702.86
    1209.343     0.999927       221516     13653.33
    1209.343     0.999939       221516     16384.00
    1209.343     0.999945       221516     18204.44
    1209.343     0.999951       221516     20480.00
    1209.343     0.999957       221516     23405.71
    1211.391     0.999963       221525     27306.67
    1211.391     1.000000       221525          inf
#[Mean    =      262.639, StdDeviation   =      260.962]
#[Max     =     1210.368, Total count    =       221525]
#[Buckets =           27, SubBuckets     =         2048]
----------------------------------------------------------
  221528 requests in 5.00s, 189.32MB read
Requests/sec:  44302.25
Transfer/sec:     37.86MB
Running 5s test @ http://127.0.0.1:8080
  1 threads and 50 connections
  Thread Stats   Avg      Stdev     99%   +/- Stdev
    Latency   459.11ms  472.27ms   1.83s    81.84%
    Req/Sec       -nan      -nan   0.00      0.00%
  Latency Distribution (HdrHistogram - Recorded Latency)
 50.000%  281.86ms
 75.000%  680.96ms
 90.000%    1.21s 
 99.000%    1.83s 
 99.900%    1.96s 
 99.990%    2.73s 
 99.999%    2.74s 
100.000%    2.74s 

  Detailed Percentile spectrum:
       Value   Percentile   TotalCount 1/(1-Percentile)

       0.307     0.000000            1         1.00
       8.847     0.100000        21127         1.11
      37.215     0.200000        42199         1.25
     143.999     0.300000        63308         1.43
     204.799     0.400000        84398         1.67
     281.855     0.500000       105562         2.00
     315.135     0.550000       116067         2.22
     382.463     0.600000       126608         2.50
     471.039     0.650000       137152         2.86
     626.687     0.700000       147747         3.33
     680.959     0.750000       158361         4.00
     720.383     0.775000       163555         4.44
     881.663     0.800000       168801         5.00
     953.855     0.825000       174093         5.71
    1037.823     0.850000       179342         6.67
    1167.359     0.875000       184634         8.00
    1197.055     0.887500       187349         8.89
    1210.367     0.900000       190006        10.00
    1248.255     0.912500       192562        11.43
    1303.551     0.925000       195402        13.33
    1325.055     0.937500       197996        16.00
    1375.231     0.943750       199140        17.78
    1420.287     0.950000       200438        20.00
    1463.295     0.956250       201796        22.86
    1511.423     0.962500       203137        26.67
    1581.055     0.968750       204399        32.00
    1608.703     0.971875       205068        35.56
    1667.071     0.975000       205763        40.00
    1707.007     0.978125       206384        45.71
    1756.159     0.981250       207032        53.33
    1788.927     0.984375       207702        64.00
    1802.239     0.985938       208025        71.11
    1816.575     0.987500       208364        80.00
    1826.815     0.989062       208730        91.43
    1835.007     0.990625       209061       106.67
    1845.247     0.992188       209360       128.00
    1848.319     0.992969       209561       142.22
    1851.391     0.993750       209691       160.00
    1860.607     0.994531       209852       182.86
    1868.799     0.995313       210037       213.33
    1886.207     0.996094       210173       256.00
    1910.783     0.996484       210277       284.44
    1916.927     0.996875       210368       320.00
    1917.951     0.997266       210418       365.71
    1931.263     0.997656       210497       426.67
    1943.551     0.998047       210592       512.00
    1944.575     0.998242       210625       568.89
    1952.767     0.998437       210711       640.00
    1952.767     0.998633       210711       731.43
    1957.887     0.998828       210761       853.33
    1958.911     0.999023       210787      1024.00
    1960.959     0.999121       210817      1137.78
    2693.119     0.999219       210827      1280.00
    2699.263     0.999316       210861      1462.86
    2701.311     0.999414       210867      1706.67
    2705.407     0.999512       210901      2048.00
    2705.407     0.999561       210901      2275.56
    2707.455     0.999609       210917      2560.00
    2707.455     0.999658       210917      2925.71
    2711.551     0.999707       210926      3413.33
    2715.647     0.999756       210945      4096.00
    2715.647     0.999780       210945      4551.11
    2719.743     0.999805       210947      5120.00
    2723.839     0.999829       210961      5851.43
    2723.839     0.999854       210961      6826.67
    2725.887     0.999878       210975      8192.00
    2725.887     0.999890       210975      9102.22
    2725.887     0.999902       210975     10240.00
    2725.887     0.999915       210975     11702.86
    2725.887     0.999927       210975     13653.33
    2725.887     0.999939       210975     16384.00
    2727.935     0.999945       210977     18204.44
    2727.935     0.999951       210977     20480.00
    2736.127     0.999957       210985     23405.71
    2736.127     0.999963       210985     27306.67
    2736.127     0.999969       210985     32768.00
    2736.127     0.999973       210985     36408.89
    2736.127     0.999976       210985     40960.00
    2736.127     0.999979       210985     46811.43
    2736.127     0.999982       210985     54613.33
    2736.127     0.999985       210985     65536.00
    2736.127     0.999986       210985     72817.78
    2736.127     0.999988       210985     81920.00
    2736.127     0.999989       210985     93622.86
    2740.223     0.999991       210987    109226.67
    2740.223     1.000000       210987          inf
#[Mean    =      459.115, StdDeviation   =      472.273]
#[Max     =     2738.176, Total count    =       210987]
#[Buckets =           27, SubBuckets     =         2048]
----------------------------------------------------------
  211310 requests in 5.00s, 180.58MB read
Requests/sec:  42238.14
Transfer/sec:     36.10MB
